k*sigma_0 S(k)

0.0229429488381818 0.7203867582584896
0.0458858976763637 1.033022126552872
0.0688288465145455 0.5075762004188751
0.0917717953527273 0.3305836586469857
0.1147147441909091 0.3347201312147571
0.137657693029091 0.28474107257294756
0.1606006418672728 0.2801380265351631
0.1835435907054546 0.21751455486505894
0.2064865395436364 0.16976371128894377
0.2294294883818183 0.21591774360425828
0.2523724372200001 0.21985066928679203
0.275315386058182 0.17943235149371045
0.2982583348963638 0.2493910153146604
0.3212012837345456 0.24432380345697674
0.3441442325727274 0.24466714871163198
0.3670871814109092 0.2086000746975055
0.3900301302490911 0.19769966629629032
0.4129730790872729 0.22915962161506712
0.4359160279254547 0.24782681781238708
0.4588589767636365 0.28696247387248286
0.4818019256018184 0.2827701110781555
0.5047448744400002 0.22400623524187824
0.527687823278182 0.2803459259762503
0.5506307721163639 0.2266316652547403
0.5735737209545457 0.28435190230707413
0.5965166697927275 0.2678259825919668
0.6194596186309094 0.28729289152087006
0.6424025674690912 0.26864493264331685
0.665345516307273 0.28864928225111747
0.6882884651454548 0.27432462765685234
0.7112314139836367 0.29182069323298687
0.7341743628218185 0.31261842621321456
0.7571173116600003 0.3248620357125867
0.7800602604981821 0.2794128159941582
0.8030032093363639 0.28029629547210094
0.8259461581745458 0.3238454480714066
0.8488891070127276 0.29972773105554024
0.8718320558509094 0.27887801108117793
0.8947750046890912 0.20358291640536597
0.917717953527273 0.2513693173945084
0.940660902365455 0.2883563183480325
0.9636038512036368 0.3265465646749348
0.9865468000418186 0.2577084907890195
1.0094897488800003 0.3039049279589024
1.0324326977181821 0.2764653153595555
1.055375646556364 0.29476328784232153
1.0783185953945458 0.2698580242746339
1.1012615442327278 0.2777598565144052
1.1242044930709096 0.2425234683833992
1.1471474419090915 0.271729285535535
1.1700903907472733 0.24360884849949796
1.193033339585455 0.2496489285738082
1.215976288423637 0.2748541803744158
1.2389192372618187 0.3144678785985223
1.2618621861000006 0.2633542737610999
1.2848051349381824 0.2303719751001
1.3077480837763642 0.26474589469449267
1.330691032614546 0.3027925098307858
1.3536339814527278 0.2755687742803849
1.3765769302909097 0.27432706403686513
1.3995198791290915 0.33181744043105216
1.4224628279672733 0.29231999533775427
1.4454057768054551 0.29128530123493734
1.468348725643637 0.30289507383532627
1.4912916744818188 0.2889931678609221
1.5142346233200006 0.2954478295349438
1.5371775721581824 0.26848937190665706
1.5601205209963642 0.25708767851331243
1.583063469834546 0.29611642899077617
1.6060064186727279 0.31540960468349777
1.6289493675109097 0.32170215224936455
1.6518923163490915 0.31777652568620485
1.6748352651872733 0.2867887119542768
1.6977782140254551 0.2763270066162241
1.720721162863637 0.28054619797626634
1.7436641117018188 0.32720628012436376
1.7666070605400006 0.27171233330067723
1.7895500093781824 0.3170992216893393
1.8124929582163642 0.30395167133132966
1.835435907054546 0.316317731437913
1.858378855892728 0.31900497107422016
1.88132180473091 0.30031817492361396
1.9042647535690918 0.31630648307808024
1.9272077024072736 0.3166182760708349
1.9501506512454554 0.31173406066462134
1.9730936000836372 0.3151099394335939
1.996036548921819 0.36556677901658347
2.0189794977600006 0.3240706924648969
2.0419224465981825 0.3461631662878803
2.0648653954363643 0.40255770954404047
2.087808344274546 0.35209244720999255
2.110751293112728 0.34371642550379916
2.1336942419509097 0.36538399756245726
2.1566371907890916 0.34835766029982207
2.1795801396272734 0.3729958608108346
2.2025230884654556 0.34081453856708327
2.2254660373036375 0.3682082861695635
2.2484089861418193 0.3726244346986816
2.271351934980001 0.34128900843208554
2.294294883818183 0.33781282246555105
2.3172378326563647 0.371747233338801
2.3401807814945466 0.356089088577911
2.3631237303327284 0.37547862664724857
2.38606667917091 0.3965152327427736
2.409009628009092 0.37112862642240074
2.431952576847274 0.37703022865866076
2.4548955256854557 0.403410773099312
2.4778384745236375 0.4052722854915067
2.5007814233618193 0.4099530417620764
2.523724372200001 0.40483260278499045
2.546667321038183 0.4101210140212112
2.5696102698763648 0.4280954806973325
2.5925532187145466 0.412672170343341
2.6154961675527284 0.42054075081642683
2.63843911639091 0.38283570465300926
2.661382065229092 0.4403606992668603
2.684325014067274 0.4292549539761236
2.7072679629054557 0.38374054154116566
2.7302109117436375 0.4278446753254733
2.7531538605818193 0.46518451198518246
2.776096809420001 0.4771603314917226
2.799039758258183 0.4548820152826505
2.821982707096365 0.49060725087804774
2.8449256559345466 0.46984570379654944
2.8678686047727284 0.4658895032318084
2.8908115536109102 0.4898402408356381
2.913754502449092 0.49890706666144796
2.936697451287274 0.5069510201044385
2.9596404001254557 0.5351865841409578
2.9825833489636375 0.5314920329198257
3.0055262978018193 0.5408142587514398
3.028469246640001 0.5190262377400205
3.051412195478183 0.5311662134228827
3.074355144316365 0.5242802223273598
3.0972980931545466 0.5240193216315527
3.1202410419927284 0.5194864084624778
3.1431839908309103 0.5674479860309731
3.166126939669092 0.5067700942446727
3.189069888507274 0.557608716427281
3.2120128373454557 0.5341190266033053
3.2349557861836375 0.524190327549645
3.2578987350218194 0.5397253075143078
3.280841683860001 0.5536136415075968
3.303784632698183 0.5920689907639562
3.326727581536365 0.5897570549208344
3.3496705303745467 0.6028368288797074
3.3726134792127285 0.5770334748413357
3.3955564280509103 0.6437189613063261
3.418499376889092 0.6038261669665672
3.441442325727274 0.6673038340365973
3.4643852745654558 0.606471553867418
3.4873282234036376 0.6391949565696247
3.5102711722418194 0.6889129898173347
3.533214121080001 0.6348687990962195
3.556157069918183 0.6233615862746676
3.579100018756365 0.7211806199052477
3.6020429675945467 0.681804737203402
3.6249859164327285 0.7163850228609415
3.6479288652709103 0.7121842740484599
3.670871814109092 0.7373546481534973
3.6938147629472744 0.701972272240417
3.716757711785456 0.7247407919156843
3.739700660623638 0.829757248392424
3.76264360946182 0.7852977547355653
3.7855865583000017 0.6968914487432551
3.8085295071381835 0.8593256118188412
3.8314724559763653 0.7692540784146877
3.854415404814547 0.764953308102308
3.877358353652729 0.8043569825917612
3.900301302490911 0.8020968663588112
3.9232442513290926 0.885378974038633
3.9461872001672744 0.7781851483985428
3.9691301490054562 0.8523493277264232
3.992073097843638 0.8567023445919166
4.015016046681819 0.8675144891125952
4.037958995520001 0.9004866498953038
4.060901944358183 0.8807287550505187
4.083844893196365 0.9095600370335762
4.106787842034547 0.9000484628237768
4.1297307908727285 0.9136528864564435
4.15267373971091 0.9181151636678542
4.175616688549092 0.9001605831979396
4.198559637387274 0.9959418724212566
4.221502586225456 1.0323604039905339
4.244445535063638 0.932321156431567
4.2673884839018195 1.0114530250963667
4.290331432740001 1.0636450904335941
4.313274381578183 0.9839650220650047
4.336217330416365 1.0225570746362829
4.359160279254547 1.071180579352812
4.382103228092729 1.0507831713650155
4.405046176930911 1.0494951188045636
4.427989125769093 1.0325741825934396
4.450932074607275 1.0491779928709364
4.473875023445457 1.0450425180330003
4.4968179722836386 1.092772665532925
4.51976092112182 1.0548405885005177
4.542703869960002 1.1140788558068404
4.565646818798184 1.100471348937747
4.588589767636366 1.1709854028778002
4.611532716474548 1.0097619697532048
4.6344756653127295 1.111340149230787
4.657418614150911 1.1599828875412264
4.680361562989093 1.1476275953068749
4.703304511827275 1.1513639379384495
4.726247460665457 1.2067127268301763
4.749190409503639 1.1157172388959076
4.77213335834182 1.1377108514660297
4.795076307180002 1.302483477125122
4.818019256018184 1.200742715412765
4.840962204856366 1.1817417431665107
4.863905153694548 1.1708931058203351
4.8868481025327295 1.225175528424765
4.909791051370911 1.2560293713064945
4.932734000209093 1.3169601332490213
4.955676949047275 1.247426553772682
4.978619897885457 1.3216110209438001
5.001562846723639 1.2594691156503832
5.02450579556182 1.2887323111046065
5.047448744400002 1.3443257006427463
5.070391693238184 1.3289303343145686
5.093334642076366 1.2449543206958222
5.116277590914548 1.3081096621430857
5.1392205397527295 1.3467166034001603
5.162163488590911 1.3002782851612187
5.185106437429093 1.3325618412582683
5.208049386267275 1.2189121642070044
5.230992335105457 1.3542841147001516
5.253935283943639 1.2596906376424208
5.27687823278182 1.3340109572792869
5.299821181620002 1.212582758150842
5.322764130458184 1.3449719859411642
5.345707079296366 1.3192072229110328
5.368650028134548 1.259423436809353
5.3915929769727295 1.2649440443820328
5.414535925810911 1.3412664658952749
5.437478874649093 1.2229458588374749
5.460421823487275 1.2814513356841681
5.483364772325457 1.3225353999013671
5.506307721163639 1.305921434276603
5.5292506700018205 1.32302145071923
5.552193618840002 1.3541124187381026
5.575136567678184 1.2938914804613602
5.598079516516366 1.3611338189141111
5.621022465354548 1.3220721980851087
5.64396541419273 1.280894073317511
5.666908363030911 1.3312918869392898
5.689851311869093 1.33991617210888
5.712794260707275 1.365806400983553
5.735737209545457 1.2847654533559068
5.758680158383639 1.2898786791930417
5.7816231072218205 1.2694567392025529
5.804566056060002 1.2992408988862774
5.827509004898184 1.2972206202031633
5.850451953736366 1.3212351230048975
5.873394902574548 1.3145382726087804
5.89633785141273 1.3157954965807102
5.919280800250911 1.2970185025582575
5.942223749089093 1.2095597575721941
5.965166697927275 1.2344370083780345
5.988109646765457 1.190071448778717
6.011052595603639 1.2351756935900493
6.0339955444418205 1.2259104826529708
6.056938493280002 1.2743423141250427
6.079881442118184 1.323142549439844
6.102824390956366 1.224827198180543
6.125767339794548 1.18050057310002
6.14871028863273 1.193134566514888
6.171653237470911 1.1342815443057925
6.194596186309093 1.2691536677441229
6.217539135147275 1.1881858349468628
6.240482083985457 1.1564470199350825
6.263425032823639 1.1442252632508059
6.2863679816618205 1.2259896612584016
6.309310930500002 1.1443730556837564
6.332253879338184 1.2248112440655292
6.355196828176366 1.2170749864360964
6.378139777014548 1.1786624651419835
6.40108272585273 1.1647232160679675
6.4240256746909115 1.1454614232480467
6.446968623529093 1.126821536828487
6.469911572367275 1.2062200531182297
6.492854521205457 1.1156833177264092
6.515797470043639 1.0677682065349139
6.538740418881821 1.1650370778625938
6.561683367720002 1.078658043598381
6.584626316558184 1.1395134889812175
6.607569265396366 1.0582088413967827
6.630512214234548 1.090693418669503
6.65345516307273 1.0637186712462057
6.6763981119109115 1.0558788317726433
6.699341060749093 1.0974277123585177
6.722284009587275 1.095027867293418
6.745226958425457 1.102212508675491
6.768169907263639 1.0500631264790368
6.791112856101821 1.0686362099610116
6.814055804940002 1.0682470532641555
6.836998753778184 1.1033323854053385
6.859941702616366 1.0302262422036048
6.882884651454548 1.035938535290824
6.90582760029273 1.0394424456007911
6.9287705491309115 1.0930671281268036
6.951713497969093 1.0145320065719947
6.974656446807275 1.0286828286575456
6.997599395645457 1.0147599605317787
7.020542344483639 1.0067708913993163
7.043485293321821 1.01629424236048
7.066428242160002 0.9611491174502321
7.089371190998184 0.9813683559480638
7.112314139836366 1.0369930173067197
7.135257088674548 1.0262175234436925
7.15820003751273 0.9708536506391501
7.1811429863509115 0.9944911215741877
7.204085935189093 0.9714783887193673
7.227028884027275 0.9460323838931285
7.249971832865457 0.9010112625911969
7.272914781703639 1.027868745487327
7.295857730541821 0.9842900064141449
7.3188006793800024 0.9728108586678994
7.341743628218184 0.9765948383108284
7.364686577056367 0.9260720116849954
7.387629525894549 0.9181477356357972
7.410572474732731 0.935427396969576
7.433515423570912 0.9376713519310768
7.456458372409094 0.9385452092123145
7.479401321247276 0.9148089003832431
7.502344270085458 0.9687424460772943
7.52528721892364 0.9019431054288137
7.5482301677618215 0.9617048318267011
7.571173116600003 0.9321943829997803
7.594116065438185 0.9652672848281008
7.617059014276367 0.8756583334029179
7.640001963114549 0.9393991497569679
7.662944911952731 0.8642858577066465
7.6858878607909125 0.9356226419164758
7.708830809629094 0.9255930361165204
7.731773758467276 0.9519375192464776
7.754716707305458 0.9037926987146988
7.77765965614364 0.8731895064380193
7.800602604981822 0.9353006097002977
7.823545553820003 0.8885073400998428
7.846488502658185 0.8465830524425703
7.869431451496367 0.9289279335080389
7.892374400334549 0.8779635977503162
7.915317349172731 0.8855347367797709
7.9382602980109125 0.8583424041285936
7.961203246849094 0.9415767699903765
7.984146195687276 0.8462136451418416
8.007089144525457 0.8866004415458735
8.030032093363639 0.8900022761112956
8.05297504220182 0.879053832125065
8.075917991040003 0.9065351019169796
8.098860939878184 0.8806971786041755
8.121803888716366 0.8674099360583389
8.144746837554548 0.8231972006940628
8.16768978639273 0.9013025133866398
8.190632735230912 0.8681699923615245
8.213575684069093 0.8839396133643662
8.236518632907275 0.9317369452798757
8.259461581745457 0.8870868410235311
8.282404530583639 0.8142416771194858
8.30534747942182 0.9021834534611501
8.328290428260003 0.898465779517175
8.351233377098184 0.8456672985194724
8.374176325936366 0.833387319241083
8.397119274774548 0.8315929178167185
8.42006222361273 0.8463172415192074
8.443005172450912 0.8654685960051137
8.465948121289093 0.8443615346573422
8.488891070127275 0.8455518190339958
8.511834018965457 0.8767572308836237
8.534776967803639 0.8666258495749386
8.55771991664182 0.893482157546104
8.580662865480003 0.8321498575012302
8.603605814318184 0.8246326016065729
8.626548763156366 0.8165164037644317
8.649491711994548 0.8891323993937793
8.67243466083273 0.9038240289741978
8.695377609670912 0.8709558922494733
8.718320558509093 0.9041742965284222
8.741263507347275 0.8716304791279778
8.764206456185457 0.9058018440419616
8.787149405023639 0.8201467441739247
8.810092353861823 0.8456881243848052
8.833035302700004 0.8485548285724216
8.855978251538186 0.9010782554064153
8.878921200376368 0.8604874985100022
8.90186414921455 0.8596753929005029
8.924807098052732 0.881514261218859
8.947750046890913 0.8557240579178701
8.970692995729095 0.8957470660515767
8.993635944567277 0.8861791899453908
9.016578893405459 0.8898892329557265
9.03952184224364 0.8920619944648643
9.062464791081823 0.8999038651543405
9.085407739920004 0.9265142464331444
9.108350688758186 0.8869673390235839
9.131293637596368 0.8748452863906253
9.15423658643455 0.8951357824392268
9.177179535272732 0.8620117726721387
9.200122484110913 0.8028976161746119
9.223065432949095 0.9361503035443328
9.246008381787277 0.901117357510678
9.268951330625459 0.8782552743281872
9.29189427946364 0.8783917723147985
9.314837228301823 0.8644533823226176
9.337780177140004 0.896807366706469
9.360723125978186 0.9370962754662002
9.383666074816368 0.9125542851779606
9.40660902365455 0.8821973039650651
9.429551972492732 0.9416949772836614
9.452494921330914 0.9039342098991793
9.475437870169095 0.8583195608480092
9.498380819007277 0.9448548041410272
9.521323767845459 0.9190126103885827
9.54426671668364 0.9091432740089984
9.567209665521823 0.9031652396626078
9.590152614360004 0.9136829298015764
9.613095563198186 0.9269283351431021
9.636038512036368 0.9368856709469324
9.65898146087455 0.9023222054388909
9.681924409712732 0.9131451883752532
9.704867358550914 0.9353553867927348
9.727810307389095 1.008266233244113
9.750753256227277 0.8870438674645049
9.773696205065459 0.9090521460943064
9.79663915390364 0.9687791562208798
9.819582102741823 0.9494334531401865
9.842525051580004 0.9469855248739197
9.865468000418186 0.9262705409562946
9.888410949256368 0.9636701504411549
9.91135389809455 0.9380344707749138
9.934296846932732 0.9588718700677228
9.957239795770914 0.951511394794528
9.980182744609095 0.9461530430412898
10.003125693447277 0.9785391999849026
10.026068642285459 0.9859451378974812
10.04901159112364 0.9456104358801262
10.071954539961823 0.9624645406994143
10.094897488800004 0.9881420083030492
10.117840437638186 0.9669416445910068
10.140783386476368 0.9877400754771997
10.16372633531455 1.0269255424539114
10.186669284152732 0.9571689819311192
10.209612232990914 0.9367190105003376
10.232555181829095 0.9739942864189767
10.255498130667277 0.9837235145810159
10.278441079505459 0.9565697330240538
10.30138402834364 1.0033424998836704
10.324326977181823 0.9978160533565373
10.347269926020005 0.9788379263841369
10.370212874858186 1.0488060391346194
10.393155823696368 1.0079662311490303
10.41609877253455 1.0267922893020998
10.439041721372732 0.9974704276581953
10.461984670210914 1.0139269094593872
10.484927619049095 1.0377583667731034
10.507870567887277 0.9603985472644099
10.530813516725459 1.0148474627082908
10.55375646556364 1.050035333259526
10.576699414401823 1.0404215748625585
10.599642363240005 0.9972134903135681
10.622585312078186 1.0340584731397013
10.645528260916368 1.0208734194119475
10.66847120975455 1.0515353142827846
10.691414158592732 1.0810673998707336
10.714357107430914 1.1030029560564343
10.737300056269095 1.003645296722739
10.760243005107277 1.0284815578931203
10.783185953945459 1.0188983285098467
10.806128902783641 1.0433008662607266
10.829071851621823 1.0335584161192197
10.852014800460005 1.0717403888765953
10.874957749298186 1.069270486533175
10.897900698136368 1.0948326911845674
10.92084364697455 1.0697729059044039
10.943786595812732 1.0529566400683104
10.966729544650914 1.0375432442303527
10.989672493489095 1.0800565128027322
11.012615442327277 1.0380429828138715
11.03555839116546 1.0588805192387443
11.058501340003641 1.0795943947362063
11.081444288841823 1.022095531421811
11.104387237680005 1.033049188109883
11.127330186518186 1.0967811425669807
11.150273135356368 1.0783070778066304
11.17321608419455 1.1399453495229819
11.196159033032732 1.0874114907159929
11.219101981870914 1.1265054567203607
11.242044930709095 1.081480222506979
11.264987879547277 1.040693296366149
11.28793082838546 1.0527289644633717
11.310873777223641 1.0866138596513513
11.333816726061823 1.069521737616572
11.356759674900005 1.0633324902504053
11.379702623738186 1.0806265989432844
11.402645572576368 1.0686972710519214
11.42558852141455 1.1066963607925362
11.448531470252732 1.0821266031891674
11.471474419090914 1.1213598116805399
11.494417367929096 1.0407277191034716
11.517360316767277 1.0965709884994006
11.54030326560546 1.0758160539381623
11.563246214443641 1.095218739392977
11.586189163281823 1.0635724039934342
11.609132112120005 1.1105868186230474
11.632075060958186 1.1356642836517008
11.655018009796368 1.122364780976467
11.67796095863455 1.1465943681508262
11.700903907472732 1.1137793575977628
11.723846856310914 1.0789774775329146
11.746789805149096 1.1264394615073652
11.769732753987277 1.0926258335728063
11.79267570282546 1.1226804468712033
11.815618651663641 1.0736158193480845
11.838561600501823 1.1249728305831765
11.861504549340005 1.0710031993470484
11.884447498178186 1.070688936534625
11.907390447016368 1.0910541812290273
11.93033339585455 1.1018140272028576
11.953276344692732 1.0977857299464717
11.976219293530914 1.0904703719784803
11.999162242369096 1.0794624843770408
12.022105191207277 1.071311984426203
12.04504814004546 1.0996193151528946
12.067991088883641 1.0791824242370014
12.090934037721823 1.1005014800050377
12.113876986560005 1.0911461710376233
12.136819935398186 1.1121294866099372
12.159762884236368 1.0213320356829252
12.18270583307455 1.0746203352508203
12.205648781912732 1.0898016461908673
12.228591730750914 1.0876364868841824
12.251534679589096 1.1283054336622926
12.274477628427277 1.1403986109903335
12.29742057726546 1.056639853915956
12.320363526103641 1.098821339129749
12.343306474941823 1.0527648288480267
12.366249423780005 1.080314695322172
12.389192372618187 1.0824556756368315
12.412135321456368 1.0314028821037722
12.43507827029455 1.0770190553170795
12.458021219132732 1.0777808972413843
12.480964167970914 1.0581188358432383
12.503907116809096 1.1057726360974174
12.526850065647277 1.0076793389169925
12.54979301448546 1.0415612207326632
12.572735963323641 1.0616296105736684
12.595678912161823 1.0868631850523323
12.618621861000005 1.0733599047076305
12.641564809838187 1.0568151251800897
12.664507758676368 1.0404946492493024
12.68745070751455 1.0665129961040007
12.710393656352732 1.0720929141898456
12.733336605190914 1.0792788654588341
12.756279554029096 1.0329388633452259
12.779222502867277 1.0121434362019048
12.80216545170546 1.0537476596089794
12.825108400543641 1.0561859144594572
12.848051349381823 1.024502096450603
12.870994298220005 1.0259666335112272
12.893937247058187 1.0263457132545484
12.916880195896368 1.0197321145796188
12.93982314473455 1.0478946920419872
12.962766093572732 1.0226353567896904
12.985709042410914 1.0717532779139674
13.008651991249096 1.0481622828533697
13.031594940087277 1.0269271726945182
13.05453788892546 1.0629681757601699
13.077480837763641 1.025660890827348
13.100423786601823 0.9736054697393149
13.123366735440005 1.0150642860087529
13.146309684278187 1.0142845513892935
13.169252633116368 1.0254869972280745
13.19219558195455 1.0404859003286417
13.215138530792732 0.9966602710915861
13.238081479630914 1.0141033858677688
13.261024428469096 1.0071472647739323
13.283967377307278 1.024880539055023
13.30691032614546 1.0275171091576718
13.329853274983641 0.9993380105986095
13.352796223821823 0.9929556128383303
13.375739172660005 0.9612438345983464
13.398682121498187 1.0095240570211348
13.421625070336368 1.0372683356138093
13.44456801917455 0.9736224929726228
13.467510968012732 0.9838385322052072
13.490453916850914 1.0113526173387086
13.513396865689096 0.9699901852736957
13.536339814527278 0.9784146114798898
13.55928276336546 0.9695194315870641
13.582225712203641 1.007403248934018
13.605168661041823 0.9972000163356126
13.628111609880005 1.0019218346642818
13.651054558718187 0.9963828042302167
13.673997507556368 0.945144466902216
13.69694045639455 0.9662440293602292
13.719883405232732 0.9414807806000431
13.742826354070914 0.9750758298616775
13.765769302909096 0.9652254968384123
13.788712251747278 0.9738364686027834
13.81165520058546 0.9673415617920408
13.834598149423641 0.9651035542192962
13.857541098261823 0.9720335792015325
13.880484047100005 0.9373535496595655
13.903426995938187 0.9747162450495949
13.926369944776368 0.9829254910511391
13.94931289361455 0.9764908442462213
13.972255842452732 0.9594823305844865
13.995198791290914 0.9671761904479247
14.018141740129096 0.960112446124067
14.041084688967278 0.959553260092011
14.06402763780546 0.9282744373683011
14.086970586643641 0.9399579665245439
14.109913535481823 0.946012866374061
14.132856484320005 0.9386148105280172
14.155799433158187 0.9486148838390708
14.178742381996368 0.9603607963750787
14.20168533083455 0.9203004898332803
14.224628279672732 0.9313773881522976
14.247571228510914 0.9463650845722733
14.270514177349096 0.9631771862059977
14.293457126187278 0.9510451279939542
14.31640007502546 0.9569298238198439
14.339343023863641 0.9948914127244253
14.362285972701823 0.9497257567572351
14.385228921540005 0.9710884507409931
14.408171870378187 0.9412691085048108
14.431114819216369 0.9352774312128453
14.45405776805455 0.94024281422504
14.477000716892732 0.9002805386012843
14.499943665730914 0.9555573910880063
14.522886614569096 0.935689321224807
14.545829563407278 0.9425886283865569
14.56877251224546 0.9317546592439683
14.591715461083641 0.9554710104063842
14.614658409921823 0.9365069536637621
14.637601358760005 0.9747282382917558
14.660544307598187 0.9481058435818424
14.683487256436369 0.9509988884980862
14.706430205274552 0.9139746168742344
14.729373154112734 0.9262728179143309
14.752316102950916 0.9338341916503184
14.775259051789098 0.9821742660239348
14.79820200062728 0.9352102155891069
14.821144949465461 0.9621390216296043
14.844087898303643 0.9322422536768815
14.867030847141825 0.9363761398591752
14.889973795980007 0.9542763638753451
14.912916744818189 0.9146446081492153
14.93585969365637 0.9247549246229702
14.958802642494552 0.9539695522484513
14.981745591332734 0.9114578371076596
15.004688540170916 0.9301713664507526
15.027631489009098 0.9441700877790619
15.05057443784728 0.9032245314110019
15.073517386685461 0.9378873088802635
15.096460335523643 0.9852368437953167
15.119403284361825 0.934025831580472
15.142346233200007 0.9173653141667081
15.165289182038189 0.9773955152829912
15.18823213087637 0.9169738495500077
15.211175079714552 0.9390003344362258
15.234118028552734 0.9532513922720541
15.257060977390916 0.9474989680829959
15.280003926229098 0.9412809569389509
15.30294687506728 0.9404105370673307
15.325889823905461 0.9385196353289911
15.348832772743643 0.8891723461840892
15.371775721581825 0.9626398747583118
15.394718670420007 0.9955692422474071
15.417661619258189 0.9252473137713013
15.44060456809637 0.9507679956542524
15.463547516934552 0.9085294068878109
15.486490465772734 0.9437940902504112
15.509433414610916 0.9567897528556791
15.532376363449098 0.9511293996271025
15.55531931228728 0.9063062020459639
15.578262261125461 0.968507038575526
15.601205209963643 0.9291208591061375
15.624148158801825 0.9204863835616134
15.647091107640007 0.9648188703861684
15.670034056478189 0.9623264657727011
15.69297700531637 0.9613837597491923
15.715919954154552 0.9544422025497051
15.738862902992734 0.975381689499171
15.761805851830916 0.9826414450631994
15.784748800669098 0.9919045639552018
15.80769174950728 0.9694049303728932
15.830634698345461 0.9641076462446664
15.853577647183643 0.972517956710759
15.876520596021825 0.9915333555815585
15.899463544860007 0.9279769432059102
15.922406493698189 0.9748089967541792
15.94534944253637 0.9576587949038917
15.968292391374552 0.9482349125955535
15.991235340212734 0.9428497958036385
16.014178289050914 0.9588429416203225
16.037121237889096 0.9578825837257998
16.060064186727278 1.019008183355245
16.08300713556546 0.995222286394885
16.10595008440364 0.9453202671404003
16.128893033241823 0.9737941967163212
16.151835982080005 0.9866994008238836
16.174778930918187 1.0082074316681682
16.19772187975637 0.9475319205888137
16.22066482859455 0.9511962056325503
16.243607777432732 0.9514240784787521
16.266550726270914 0.95720399471437
16.289493675109096 0.9927981822538767
16.312436623947278 0.9948105041965315
16.33537957278546 0.9849750231982781
16.35832252162364 0.9864942437583131
16.381265470461823 0.9711636009849193
16.404208419300005 0.9695634377348469
16.427151368138187 0.9901131430389181
16.45009431697637 1.0102078599508604
16.47303726581455 1.0050185077898848
16.495980214652732 0.9965148740372591
16.518923163490914 1.0495348746629314
16.541866112329096 0.9739318321934247
16.564809061167278 1.0298557308214973
16.58775201000546 0.9914842275003359
16.61069495884364 0.9897693843916756
16.633637907681823 0.9867670647039187
16.656580856520005 1.000839108306133
16.679523805358187 1.025972534486633
16.70246675419637 1.0067176615734927
16.72540970303455 0.9642331661598611
16.748352651872732 0.9765426353153366
16.771295600710914 1.034784166493832
16.794238549549096 1.0411838442900088
16.817181498387278 1.0204311504045624
16.84012444722546 0.9907797816150857
16.86306739606364 1.0165317679208514
16.886010344901823 1.0301553627206443
16.908953293740005 1.0261527653833113
16.931896242578187 0.9801898275208116
16.95483919141637 1.036043153063489
16.97778214025455 1.0237451073707544
17.000725089092732 1.0278839098060761
17.023668037930914 0.975593368670659
17.046610986769096 1.008315869545039
17.069553935607278 1.046906344518151
17.09249688444546 1.0304209372234834
17.11543983328364 1.0225079013544824
17.138382782121823 1.0293161006170295
17.161325730960005 1.0325777264009803
17.184268679798187 1.055406787937159
17.20721162863637 1.0428420165299042
17.23015457747455 1.0048413692598244
17.253097526312732 1.0495765470293974
17.276040475150914 0.9957439116993446
17.298983423989096 1.0311271341562742
17.321926372827278 1.017891948949464
17.34486932166546 1.033304506843288
17.36781227050364 1.090005757845457
17.390755219341823 1.0463218100472476
17.413698168180005 1.0712316632828094
17.436641117018187 1.0801676188423914
17.45958406585637 1.026943913207613
17.48252701469455 1.0368305313430186
17.505469963532732 1.0651744681830608
17.528412912370914 1.0532368575292197
17.551355861209096 1.0374773665565746
17.574298810047278 1.0338482755839113
17.59724175888546 1.0417097635661727
17.620184707723645 1.0893908971012964
17.643127656561827 1.0587260350612184
17.66607060540001 1.0438831869367458
17.68901355423819 1.0310171402099941
17.711956503076372 1.0321117989848074
17.734899451914554 1.0401531660584016
17.757842400752736 1.0532246647256276
17.780785349590918 1.058961441937288
17.8037282984291 1.0745907243134907
17.82667124726728 1.0317547187074527
17.849614196105463 1.0346344890410046
17.872557144943645 1.0482654281524295
17.895500093781827 1.0817290020019197
17.91844304262001 1.0461610266575938
17.94138599145819 1.0473077058402416
17.964328940296372 1.0652766678443388
17.987271889134554 1.0580648989592623
18.010214837972736 1.0375403602104
18.033157786810918 1.085799891493267
18.0561007356491 1.0691550268946068
18.07904368448728 1.0278975948283435
18.101986633325463 1.0614349774250849
18.124929582163645 1.0527863489830296
18.147872531001827 1.0873125033399902
18.17081547984001 1.0681544985326972
18.19375842867819 1.0217409206697867
18.216701377516372 1.0426245687788753
18.239644326354554 1.0970552868206667
18.262587275192736 1.0744834468496367
18.285530224030918 1.0501575649280988
18.3084731728691 1.0157849418767286
18.33141612170728 1.0862080012378381
18.354359070545463 1.0617345024543579
18.377302019383645 1.0989608795975105
18.400244968221827 1.0336799842820148
18.42318791706001 1.0062790908722201
18.44613086589819 1.0319829836986936
18.469073814736372 1.029957604453232
18.492016763574554 1.0504281418273294
18.514959712412736 1.0418170544055503
18.537902661250918 1.0097676103396922
18.5608456100891 1.0515013991936355
18.58378855892728 1.0067940373287707
18.606731507765463 1.0169506401351573
18.629674456603645 1.061539095670964
18.652617405441827 1.0295730929834888
18.67556035428001 1.0094045194883838
18.69850330311819 1.0464291170133857
18.721446251956372 1.0378195931554195
18.744389200794554 1.0387383444540128
18.767332149632736 1.0367179990120576
18.790275098470918 1.0462409474342658
18.8132180473091 1.040184441215129
18.83616099614728 1.0516252464819746
18.859103944985463 1.0450144625409636
18.882046893823645 1.047034728247038
18.904989842661827 1.022506812463202
18.92793279150001 0.9869878012357892
18.95087574033819 1.0549033030690356
18.973818689176372 1.0237413650290232
18.996761638014554 1.03779245748937
19.019704586852736 1.0314656593788458
19.042647535690918 1.00368507824165
19.0655904845291 1.0373662935992007
19.08853343336728 1.0049012023612656
19.111476382205463 1.0362303885698256
19.134419331043645 1.006545642663898
19.157362279881827 1.0309999161307746
19.18030522872001 0.969208297600058
19.20324817755819 0.9718670382317992
19.226191126396373 1.0242973703093183
19.249134075234554 1.0154346094447932
19.272077024072736 1.014798095981544
19.295019972910918 1.0376883025145343
19.3179629217491 1.0116078541425533
19.34090587058728 0.9537464118211437
19.363848819425463 1.0027657073074132
19.386791768263645 1.012764301229612
19.409734717101827 1.0330729715921099
19.43267766594001 1.0039538853417755
19.45562061477819 0.9862133978073626
19.478563563616373 0.9945576821689049
19.501506512454554 1.030714246592764
19.524449461292736 1.008842411163893
19.547392410130918 1.0119565678129032
19.5703353589691 0.9861040255312941
19.59327830780728 1.0295308613395509
19.616221256645463 1.00347573659403
19.639164205483645 0.9905503210578118
19.662107154321827 0.9944500916379352
19.68505010316001 1.0092195250498117
19.70799305199819 0.9868649563850543
19.730936000836373 0.9894836268903981
19.753878949674554 0.9940327850644741
19.776821898512736 0.9957520290466936
19.799764847350918 1.0007362418467796
19.8227077961891 0.9747622468514733
19.84565074502728 1.0010120798812652
19.868593693865463 0.9973174482499662
19.891536642703645 0.9822422568288646
19.914479591541827 1.0075134322817088
19.93742254038001 0.9964886589795331
19.96036548921819 0.9618458869408565
19.983308438056373 0.9627249054893795
20.006251386894554 0.9648730335484227
20.029194335732736 1.004893121579617
20.052137284570918 0.9985847007942282
20.0750802334091 0.9744950560231173
20.09802318224728 1.0074682355637778
20.120966131085464 1.0072429465377364
20.143909079923645 0.9917465173426298
20.166852028761827 0.9573478189823781
20.18979497760001 0.9871897470764027
20.21273792643819 0.972961429039595
20.235680875276373 0.979678518796618
20.258623824114554 1.0011879898186642
20.281566772952736 0.9574018661714135
20.304509721790918 0.980292819631339
20.3274526706291 0.9531150951188271
20.35039561946728 0.9835099373696169
20.373338568305464 0.9737934493997589
20.396281517143645 0.9783064628345309
20.419224465981827 0.9465009297291985
20.44216741482001 0.942900507466861
20.46511036365819 0.9692379267643783
20.488053312496373 0.9779097609879464
20.510996261334554 0.9426374045327747
20.533939210172736 1.0009427790602698
20.556882159010918 1.0016909332077164
20.5798251078491 0.9844300968107138
20.60276805668728 0.9855293201678624
20.625711005525464 0.9848666772869596
20.648653954363645 0.9409416779249795
20.671596903201827 0.9701617822147137
20.69453985204001 0.9716756774467264
20.71748280087819 0.9478185447130528
20.740425749716373 0.9643133942230394
20.763368698554554 0.9643729481981029
20.786311647392736 0.9779530977440117
20.809254596230918 0.9644788713392295
20.8321975450691 1.0092439107946163
20.85514049390728 0.9273622387995498
20.878083442745464 0.9796698400458693
20.901026391583645 0.9719061904469278
20.923969340421827 0.9717685298497104
20.94691228926001 0.9498038749282108
20.96985523809819 0.9377380747135499
20.992798186936373 0.9579396557482446
21.015741135774554 0.9712239165177966
21.038684084612736 0.9845719705627429
21.061627033450918 0.9441876783124095
21.0845699822891 0.946361404038339
21.10751293112728 0.9359943283971052
21.130455879965464 0.9576681405088742
21.153398828803645 0.9674492981448343
21.176341777641827 0.9533598089437907
21.19928472648001 0.9463802671641184
21.22222767531819 0.9810630164447479
21.245170624156373 0.9702220413146099
21.268113572994555 0.9799387029718112
21.291056521832736 0.9553138124103111
21.313999470670918 0.9625440004887149
21.3369424195091 0.9442317184740756
21.359885368347282 0.9817875111522799
21.382828317185464 0.916746456554706
21.405771266023645 0.9719016010214854
21.428714214861827 0.9682082289996478
21.45165716370001 1.011264261297864
21.47460011253819 0.9831095779008541
21.497543061376373 0.955027336856697
21.520486010214555 0.9513547155426918
21.543428959052736 0.9443440949835556
21.566371907890918 0.9406459152210741
21.5893148567291 0.9590960460681155
21.612257805567282 1.0113730520700213
21.635200754405464 0.9860423960607547
21.658143703243645 0.9760214637838214
21.681086652081827 0.9717406538354793
21.70402960092001 0.9711210218027894
21.72697254975819 0.9900820873208601
21.749915498596373 0.9761689979062739
21.772858447434555 0.9573575344742354
21.795801396272736 0.9549322802492458
21.818744345110918 0.9548740198603652
21.8416872939491 0.9923195000980474
21.864630242787282 0.9730465696816585
21.887573191625464 0.9575071278229026
21.910516140463645 0.9854487252157871
21.933459089301827 0.9838915991663574
21.95640203814001 0.9506477405834586
21.97934498697819 0.9549467507645154
22.002287935816373 0.9739114054924299
22.025230884654555 0.9838747775766069
22.048173833492736 0.9438012275635125
22.07111678233092 0.9850782144603849
22.0940597311691 0.9891184677902483
22.117002680007282 0.9766195757671007
22.139945628845464 1.0043779499733045
22.162888577683646 0.9761893303097201
22.185831526521827 0.9766395415824166
22.20877447536001 0.9939187499423765
22.23171742419819 0.9501388949897781
22.254660373036373 0.981724886806603
22.277603321874555 0.9912167862510106
22.300546270712736 0.9556575793530696
22.32348921955092 0.9513633305420861
22.3464321683891 1.0030013993345333
22.369375117227282 0.9775150038034858
22.392318066065464 0.9875550470255273
22.415261014903646 0.979211695728882
22.438203963741827 0.9995800205336086
22.46114691258001 1.0312743535186255
22.48408986141819 0.9827011228010616
22.507032810256373 1.0145438481089912
22.529975759094555 1.0043078209284
22.552918707932736 0.9922203429790913
22.57586165677092 0.9972236682721558
22.5988046056091 0.9741427801271784
22.621747554447282 0.9897466793513273
22.644690503285464 0.9894270266273737
22.667633452123646 0.9963590372785879
22.690576400961827 0.9804755150697284
22.71351934980001 0.9553004364435115
22.73646229863819 0.9846350281694829
22.759405247476373 0.9802268799711861
22.782348196314555 0.9782843045632368
22.805291145152736 0.9751328054953894
22.82823409399092 1.0034071138641165
22.8511770428291 0.9669141923293368
22.874119991667282 0.9766247663169341
22.897062940505464 0.9893173993461913
22.920005889343646 1.0195551968286471
22.942948838181827 1.0126513518756708
22.96589178702001 1.0282319445796189
22.98883473585819 0.999616240613386
23.011777684696373 0.9904628388877
23.034720633534555 1.0134425827094697
23.057663582372736 1.0369305387065477
23.08060653121092 1.0148769575745529
23.1035494800491 1.0349482226512554
23.126492428887282 1.0109413417165145
23.149435377725464 1.0220649465258942
23.172378326563646 0.9964152622337737
23.195321275401827 1.0305141699978178
23.21826422424001 0.9974296765820639
23.24120717307819 1.0161518289311204
23.264150121916373 1.0309088510875926
23.287093070754555 1.0256505618626082
23.310036019592737 1.034608870624832
23.33297896843092 0.9908283024291084
23.3559219172691 1.0092186988427851
23.378864866107282 1.039370303423582
23.401807814945464 1.0386297209807456
23.424750763783646 1.0158128151155672
23.447693712621827 1.045597664788241
23.47063666146001 1.0263142058874761
23.49357961029819 1.0437328855081809
23.516522559136373 1.0269379044101754
23.539465507974555 1.0023081441636545
23.562408456812737 1.039847842420433
23.58535140565092 1.0192129509060444
23.6082943544891 1.0401210577210216
23.631237303327282 1.0198547253238175
23.654180252165464 1.0126515274073067
23.677123201003646 1.0210387948969628
23.700066149841827 1.0032508320179578
23.72300909868001 1.0502347248135113
23.74595204751819 1.0216090884151552
23.768894996356373 1.0122745356331326
23.791837945194555 1.041873208242458
23.814780894032737 1.0061538661981353
23.83772384287092 1.0462824690952033
23.8606667917091 1.0191174868188633
23.883609740547282 1.0325847437236244
23.906552689385464 1.021103058255783
23.929495638223646 1.0159258071790032
23.952438587061827 1.019534334997648
23.97538153590001 1.042722764917026
23.99832448473819 1.0206205173331422
24.021267433576373 1.0574741281593774
24.044210382414555 1.046120345306183
24.067153331252737 1.0262471918874148
24.09009628009092 1.0255062036916363
24.1130392289291 1.0330398519030342
24.135982177767282 1.0411840599547273
24.158925126605464 1.048941653886318
24.181868075443646 1.0345457777578277
24.204811024281828 1.0378370103907124
24.22775397312001 1.030389771204669
24.25069692195819 1.0369337585904594
24.273639870796373 0.9935545019217448
24.296582819634555 1.0154977260931761
24.319525768472737 1.0316213435533848
24.34246871731092 1.0550221816761451
24.3654116661491 1.0660866557340418
24.388354614987282 0.9883355575812756
24.411297563825464 1.0356571108918526
24.434240512663646 1.020194116025617
24.457183461501828 1.0212803439950007
24.48012641034001 1.0467561063492477
24.50306935917819 1.0127660061998263
24.526012308016373 1.0573765302594162
24.548955256854555 1.0344142737209034
24.571898205692737 1.0267623616793227
24.59484115453092 1.02124687554633
24.6177841033691 1.0209538825203206
24.640727052207282 1.0290553111021796
24.663670001045464 1.0503552547993087
24.686612949883646 1.05290251095117
24.709555898721828 1.0147634596980841
24.73249884756001 1.014094173923595
24.75544179639819 1.0155711499696474
24.778384745236373 1.0231791550880427
24.801327694074555 1.0028487178574979
24.824270642912737 1.0284007631923893
24.84721359175092 1.0361865352922282
24.8701565405891 1.0468548659822476
24.893099489427282 1.0205498806587132
24.916042438265464 1.0463492721091399
24.938985387103646 0.9859137881142732
24.961928335941828 1.0361765986330358
24.98487128478001 1.0724431994267662
25.00781423361819 1.0382095926973944
25.030757182456373 1.0335189665036884
25.053700131294555 0.9978220743116184
25.076643080132737 1.0100409711603264
25.09958602897092 1.0354543731481056
25.1225289778091 1.0158676207139195
25.145471926647282 1.031783907890832
25.168414875485464 1.0406217394658168
25.191357824323646 1.0118100606336105
25.214300773161828 1.0211348314188162
25.23724372200001 1.0339244064527189
25.26018667083819 1.0355146264039663
25.283129619676373 1.01876810868934
25.306072568514555 1.0198037771486756
25.329015517352737 1.0096812162582194
25.35195846619092 1.032249184610629
25.3749014150291 1.0093491868286244
25.397844363867282 1.001442007558643
25.420787312705464 1.0278660993843454
25.443730261543646 1.001218607759559
25.466673210381828 1.0048207996914154
25.48961615922001 1.0026272067329456
25.51255910805819 1.0465016413722643
25.535502056896373 1.0343229057440944
25.558445005734555 0.9656702867257562
25.581387954572737 0.9799556405798241
25.60433090341092 1.0037319164794034
25.6272738522491 0.9813269275297912
25.650216801087282 0.9818448809016934
25.673159749925464 0.993483989316759
25.696102698763646 1.0039345042326893
25.719045647601828 1.0174964539782632
25.74198859644001 0.9903730929924247
25.76493154527819 1.0293412199382566
25.787874494116373 0.9713613538529141
25.810817442954555 1.0311321524366388
25.833760391792737 0.988950605528838
25.85670334063092 0.996814734908187
25.8796462894691 1.0059947536589544
25.902589238307282 1.0002175784422038
25.925532187145464 0.9702923468020218
25.948475135983646 0.9936637606206522
25.971418084821828 0.9683978874180633
25.99436103366001 0.9973328690173191
26.01730398249819 1.0459811914928812
26.040246931336373 0.9746927597843085
26.063189880174555 0.9826005629975842
26.086132829012737 0.9828146648836645
26.10907577785092 1.0025351768523436
26.1320187266891 1.004112624920483
26.154961675527282 0.9636068176593062
26.177904624365464 0.998820482915988
26.200847573203646 1.001842554803411
26.223790522041828 0.9842624745525558
26.24673347088001 0.9718428831429916
26.26967641971819 1.010396546215761
26.292619368556373 1.0131412646978497
26.315562317394555 0.9912467258693345
26.338505266232737 1.0145987326754324
26.36144821507092 0.9865278874053156
26.3843911639091 1.0178638419261616
26.407334112747282 0.9822625153022095
26.430277061585464 0.9845764237291661
26.453220010423646 1.0133460788585715
26.476162959261828 1.0096253446573038
26.49910590810001 1.0077811405463446
26.52204885693819 0.991342813297415
26.544991805776373 0.9801043723444282
26.567934754614555 0.9906655203537399
26.590877703452737 0.9951399057066082
26.61382065229092 0.97123617652043
26.6367636011291 0.9757772777545922
26.659706549967282 0.977421346090591
26.682649498805464 0.9607760756679715
26.705592447643646 0.9673120200331681
26.728535396481828 0.9796828154795338
26.75147834532001 0.9872268370806664
26.77442129415819 0.9767795060906229
26.797364242996373 0.9744662241395984
26.820307191834555 0.9599655308595416
26.843250140672737 0.9859791791865017
26.86619308951092 0.9922907790218474
26.8891360383491 0.9674733418071678
26.912078987187282 1.0004230262454328
26.935021936025464 0.9684723924884188
26.957964884863646 0.9750339615406965
26.980907833701828 0.9453688543969354
27.00385078254001 0.9812269918422051
27.02679373137819 0.9714855542669779
27.049736680216373 0.9910280803800232
27.072679629054555 0.9567254084774275
27.095622577892737 0.9707068338887035
27.11856552673092 0.9889105119428688
27.1415084755691 0.9710154538390836
27.164451424407282 0.9547857371060421
27.187394373245464 0.9844157008879504
27.210337322083646 0.9766092855730165
27.233280270921828 0.9684399248742311
27.25622321976001 0.9512231522268997
27.27916616859819 0.9693134651821267
27.302109117436373 0.9718117973701402
27.325052066274555 0.9617335432255961
27.347995015112737 0.9469732552496422
27.37093796395092 0.9926185741809687
27.3938809127891 0.9688805895732224
27.416823861627282 0.9964946071670522
27.439766810465464 0.9712039984789644
27.462709759303646 0.967031150258789
27.485652708141828 0.9579420991011848
27.50859565698001 0.9864349934935533
27.53153860581819 0.9619629212749752
27.554481554656373 0.9664074865842339
27.577424503494555 0.9671850239374813
27.600367452332737 1.0026329746962779
27.62331040117092 0.9787109639377408
27.6462533500091 0.9778088616078697
27.669196298847282 0.9834695972388349
27.692139247685464 0.9876850018234833
27.715082196523646 0.963149281964573
27.738025145361828 0.9984914678696828
27.76096809420001 0.9577395169403088
27.78391104303819 0.9723762618696717
27.806853991876373 0.958822731507804
27.829796940714555 0.9807983132426736
27.852739889552737 0.9685176692523434
27.87568283839092 0.9718750508375216
27.8986257872291 1.0005864897797583
27.921568736067282 0.9607560418518337
27.944511684905464 0.9395631611638339
27.967454633743646 0.996661594473389
27.990397582581828 1.0017761276803712
28.01334053142001 0.9820121640681349
28.03628348025819 0.9732010831899787
28.059226429096373 0.9808165319517659
28.082169377934555 0.9902782962355358
28.105112326772737 0.9659738901665
28.12805527561092 1.004316545092151
28.1509982244491 0.9878660988676566
28.173941173287282 0.9964978971641364
28.196884122125464 0.9683514801450644
28.219827070963646 0.9557195974620859
28.242770019801828 1.0120019486822416
28.26571296864001 0.9934244682186121
28.28865591747819 0.9928470155090887
28.311598866316373 0.990902649813326
28.334541815154555 0.9879837377655171
28.357484763992737 0.9819646132549443
28.38042771283092 0.9670476944770982
28.4033706616691 0.9677037072548568
28.426313610507282 1.0154064909722516
28.449256559345464 0.9982053647762753
28.472199508183646 0.9543447689347642
28.495142457021828 0.9616652555867448
28.51808540586001 0.9786933649656099
28.54102835469819 0.9976169141617962
28.563971303536373 0.984932871178924
28.586914252374555 0.9908567526206434
28.609857201212737 0.9882793868067419
28.63280015005092 0.9762236232402581
28.6557430988891 0.9970752720112801
28.678686047727282 0.9939151657324804
28.701628996565464 0.9989576165163633
28.724571945403646 1.0023329420167324
28.747514894241828 1.002670111381296
28.77045784308001 0.9917453571918139
28.79340079191819 0.9568177973325265
28.816343740756373 0.9723282561237003
28.839286689594555 0.9779078524508571
28.862229638432737 0.9954534191829829
28.88517258727092 1.0298177546092826
28.9081155361091 0.9917584717219194
28.931058484947282 0.9727944557971513
28.954001433785464 1.0050762196778402
28.976944382623646 0.9900239279798694
28.999887331461828 0.9924359781400958
29.02283028030001 1.023594778345237
29.04577322913819 1.0098815803446122
29.068716177976373 1.019282706037383
29.091659126814555 1.0291410227621653
29.114602075652737 0.9930908005721497
29.13754502449092 1.0063863473818253
29.1604879733291 1.007990915671177
29.183430922167283 0.9990481111200834
29.206373871005464 0.9880203586023988
29.229316819843646 1.0163685886760292
29.252259768681828 0.9870603091504083
29.27520271752001 0.9997309692316575
29.29814566635819 0.9939602781423966
29.321088615196373 1.0172994992803064
29.344031564034555 1.0006329051715412
29.366974512872737 0.9874775953478758
29.389917461710922 1.0259604288584938
29.412860410549104 1.0245669941409214
29.435803359387286 0.9966826590807292
29.458746308225468 1.0115821652311263
29.48168925706365 1.0268696154562322
29.50463220590183 1.0302989243641807
29.527575154740013 1.0198219775972497
29.550518103578195 1.0189167280682871
29.573461052416377 1.0060624885892056
29.59640400125456 1.008974027237307
29.61934695009274 1.0039698491755078
29.642289898930922 1.0039715492336985
29.665232847769104 1.0023534894738113
29.688175796607286 1.0285515558314084
29.711118745445468 1.0116167588810538
29.73406169428365 1.0133383415873523
29.75700464312183 1.0194817955716684
29.779947591960013 0.9988403831874834
29.802890540798195 1.0380526308397748
29.825833489636377 1.0137526644356785
29.84877643847456 1.0110439722407905
29.87171938731274 1.0236991359447087
29.894662336150922 1.032546699771386
29.917605284989104 1.0214794178946516
29.940548233827286 1.009588631135204
29.963491182665468 0.9924616772211992
29.98643413150365 1.0196650016368412
30.00937708034183 1.024986130808669
30.032320029180013 1.0415393826524264
30.055262978018195 1.0107032947630976
30.078205926856377 1.0202149338848112
30.10114887569456 1.0344435681328477
30.12409182453274 1.0104468927975763
30.147034773370923 1.0384423555561788
30.169977722209104 1.0182035985503899
30.192920671047286 1.0163560503114002
30.215863619885468 1.030848800081204
30.23880656872365 1.0113133013468039
30.26174951756183 1.016565171956492
30.284692466400013 1.0461154504074577
30.307635415238195 1.0494732639763353
30.330578364076377 1.0208975789261538
30.35352131291456 1.0273393813519436
30.37646426175274 1.0090282006590776
30.399407210590923 1.0140938538737676
30.422350159429104 1.0197528225816805
30.445293108267286 1.0092168390853953
30.468236057105468 1.0375900338299042
30.49117900594365 1.0255012299675157
30.51412195478183 1.0221565375962343
30.537064903620013 1.0043349984315237
30.560007852458195 1.0136030302579806
30.582950801296377 1.0400693813628945
30.60589375013456 1.0198392181198377
30.62883669897274 1.0246764723890467
30.651779647810923 0.9948799561016555
30.674722596649104 1.0328544145539402
30.697665545487286 1.0064319645022777
30.720608494325468 1.0090757783538211
30.74355144316365 1.0313331935046486
30.76649439200183 1.031195232900267
30.789437340840013 1.0099185330797575
30.812380289678195 1.0156775333737227
30.835323238516377 1.0161052587129287
30.85826618735456 1.0228644739451953
30.88120913619274 1.0237142912792736
30.904152085030923 1.0130159612781884
30.927095033869104 1.00543164348049
30.950037982707286 1.0260719966681386
30.972980931545468 1.0181484785467874
30.99592388038365 1.0285673673352325
31.01886682922183 1.0375914002542075
31.041809778060014 1.0271517457119792
31.064752726898195 1.019754776257548
31.087695675736377 1.0235212266675437
31.11063862457456 1.0277652283143617
31.13358157341274 1.0159932019751765
31.156524522250923 1.0238901790812942
31.179467471089104 1.025726852426127
31.202410419927286 0.9897461146500336
31.225353368765468 1.017880165169303
31.24829631760365 1.0318365512006893
31.27123926644183 1.0283184676576689
31.294182215280014 1.0375570564239653
31.317125164118195 1.0034726138308039
31.340068112956377 1.0278474754768983
31.36301106179456 1.008535232746757
31.38595401063274 1.0114425359645163
31.408896959470923 0.9985677648772945
31.431839908309104 1.0154278348386587
31.454782857147286 1.0106368856078618
31.477725805985468 1.0113198656678577
31.50066875482365 1.0134189704597998
31.52361170366183 1.0038829047337665
31.546554652500014 1.0248393755631462
31.569497601338195 1.0098881113433995
31.592440550176377 1.002102097530389
31.61538349901456 1.001204196093501
31.63832644785274 1.0238580618660686
31.661269396690923 1.0393703940240673
31.684212345529104 1.0119601996950929
31.707155294367286 1.0065385103131284
31.730098243205468 1.0036982531782446
31.75304119204365 0.9863955388839905
31.77598414088183 1.017462584791086
31.798927089720014 0.9770028202230395
31.821870038558195 1.0057118296749514
31.844812987396377 0.9822887610435781
31.86775593623456 0.9991717299125302
31.89069888507274 1.0094542921713094
31.913641833910923 1.0112500070562638
31.936584782749105 1.013813648704035
31.959527731587286 0.9940358530214799
31.982470680425468 1.0040584351258492
32.00541362926365 0.9784548839882566
32.02835657810183 0.9664701354378571
32.051299526940014 1.0431278569301368
32.07424247577819 0.9904234860589762
32.09718542461638 1.0076596654325485
32.120128373454556 0.9967730257099784
32.14307132229274 1.0418145620919215
32.16601427113092 1.0129716590830398
32.188957219969105 1.0006828864037312
32.21190016880728 0.9918439792595068
32.23484311764547 0.993963132562079
32.257786066483646 0.9660180066165156
32.28072901532183 0.9945747981248912
32.30367196416001 1.007508179669959
32.326614912998195 1.0013222685283072
32.349557861836374 0.9951498307375293
32.37250081067456 0.992699114645097
32.39544375951274 1.0137398410535983
32.41838670835092 1.0128051473977515
32.4413296571891 0.9883379793704857
32.464272606027286 0.9986327361931158
32.487215554865465 1.0096079269546714
32.51015850370365 0.9933868599480463
32.53310145254183 1.0047021778338756
32.556044401380014 0.9809070719165734
32.57898735021819 0.9647243041590746
32.60193029905638 0.9928135127035569
32.624873247894556 0.995397208966145
32.64781619673274 0.957882762724515
32.67075914557092 0.977059946020664
32.693702094409105 0.9786637326591758
32.71664504324728 0.9876187250206777
32.73958799208547 0.9972150704206911
32.76253094092365 0.9895568507621214
32.78547388976183 1.012841050062047
32.80841683860001 0.9749094146090801
32.831359787438195 0.9959559754697125
32.854302736276374 0.9934541255383308
32.87724568511456 0.9842074272672438
32.90018863395274 0.9929835225276424
32.92313158279092 0.9846266266515353
32.9460745316291 0.9669552239919865
32.969017480467286 0.9609807055355579
32.991960429305465 0.9830988862652913
33.01490337814365 1.0088583385469465
33.03784632698183 0.9634570021408636
33.060789275820014 0.9997940001808433
33.08373222465819 0.9696909081572547
33.10667517349638 1.0060840023419533
33.129618122334556 0.9923264368887769
33.15256107117274 0.9706397402314869
33.17550402001092 1.0020594311237259
33.198446968849105 0.9921462193280252
33.22138991768728 0.9691713615849298
33.24433286652547 0.9902240940178743
33.26727581536365 0.9959335581741605
33.29021876420183 0.9701892154406897
33.31316171304001 0.9886854769747003
33.336104661878196 0.9727217032302419
33.359047610716374 0.9770336324182786
33.38199055955456 0.9873878881496407
33.40493350839274 0.9975505410836889
33.42787645723092 0.963742167891389
33.4508194060691 0.9973522614039518
33.47376235490729 0.9977705209971204
33.496705303745465 0.9575563964741675
33.51964825258365 0.9614826684130322
33.54259120142183 0.990681233092789
33.565534150260014 0.9806671487195194
33.58847709909819 0.9584299866517485
33.61142004793638 0.9751435408498315
33.634362996774556 0.995371618198682
33.65730594561274 1.005901288422189
33.68024889445092 0.9535198647663989
33.703191843289105 0.9910272016938597
33.72613479212728 0.9508693947773831
33.74907774096547 0.9843058962516045
33.77202068980365 0.9798437512904872
33.79496363864183 0.985350815347956
33.81790658748001 0.9839302934627412
33.840849536318196 1.0044205155904564
33.863792485156374 0.9929023855209764
33.88673543399456 0.984955403231189
33.90967838283274 0.9953883620747191
33.93262133167092 0.9918994102860174
33.9555642805091 0.99156581080173
33.97850722934729 0.9760545707421667
34.001450178185465 0.9812567572497415
34.02439312702365 0.9886422434877128
34.04733607586183 0.9770547161822255
34.070279024700014 0.971779051121503
34.09322197353819 0.9793850421709823
34.11616492237638 0.9802097911030344
34.139107871214556 0.9691091982992317
34.16205082005274 0.9976278961109033
34.18499376889092 0.9800679283030772
34.207936717729105 1.0003815854575349
34.23087966656728 0.9825386788280687
34.25382261540547 0.9974091449813436
34.27676556424365 0.9661621673985781
34.29970851308183 0.9976134133748428
34.32265146192001 0.9585803598635956
34.345594410758196 0.9903046838355387
34.368537359596374 0.9965054349013768
34.39148030843456 0.9887121656361546
34.41442325727274 0.9629394092361182
34.43736620611092 0.9996959077029317
34.4603091549491 0.9918520978647104
34.48325210378729 0.9817102445616913
34.506195052625465 0.9597305948112448
34.52913800146365 0.971728107832044
34.55208095030183 0.9955729499516237
34.575023899140014 1.0130899544671508
34.59796684797819 0.9760324630221049
34.62090979681638 0.9986248100545414
34.643852745654556 0.983305115407611
34.66679569449274 0.9871443791821451
34.68973864333092 1.0051307258145112
34.712681592169105 0.9797666973908822
34.73562454100728 0.9848852651548816
34.75856748984547 0.9829746073400415
34.78151043868365 1.0208471630840923
34.80445338752183 0.9955185545016341
34.82739633636001 1.0266316675698846
34.850339285198196 0.9940219553697168
34.873282234036374 0.9771593576057248
34.89622518287456 0.9871371665318973
34.91916813171274 1.0242793398727665
34.94211108055092 1.003689714969332
34.9650540293891 0.9967928331027182
34.98799697822729 0.9967016968910151
35.010939927065465 1.0137746794797635
35.03388287590365 0.9786795061685161
35.05682582474183 1.005050158600978
35.079768773580014 0.9857303632860441
35.10271172241819 0.9954237011025762
35.12565467125638 0.9778510005394523
35.148597620094556 0.9953682245394612
35.17154056893274 0.9938059489263291
35.19448351777092 1.0030399539668329
35.217426466609105 0.9713706080219122
35.24036941544729 0.9821060524759848
35.26331236428547 1.0071933410601162
35.286255313123654 1.0001435119428894
35.30919826196183 0.9743545666232062
35.33214121080002 0.9914317818736287
35.355084159638196 1.0064157073953628
35.37802710847638 0.998922040546836
35.40097005731456 1.0106897355340434
35.423913006152745 1.00574476854175
35.44685595499092 1.0135168887668011
35.46979890382911 0.989112761069594
35.49274185266729 0.9917904135084596
35.51568480150547 1.0232607780525256
35.53862775034365 1.0143637109700676
35.561570699181836 0.9920050863536296
35.584513648020014 0.9962152859024409
35.6074565968582 0.990798455948546
35.63039954569638 1.0196504098835035
35.65334249453456 0.9874624999681317
35.67628544337274 1.0369022100167713
35.69922839221093 1.0229292952584605
35.722171341049105 0.9846905669032625
35.74511428988729 1.027621454136788
35.76805723872547 1.0124197937506418
35.791000187563654 1.0098595666105845
35.81394313640183 1.0220309267227083
35.83688608524002 1.0016840661405375
35.859829034078196 1.0235794596730907
35.88277198291638 1.0023586004798337
35.90571493175456 1.011364230154231
35.928657880592745 1.0016295087655096
35.95160082943092 1.0131436420951698
35.97454377826911 1.0232388062305409
35.99748672710729 1.00233608423614
36.02042967594547 1.0214292875954947
36.04337262478365 1.0354852079419659
36.066315573621836 1.0209335229331873
36.089258522460014 1.0128894560265338
36.1122014712982 1.026572948372972
36.13514442013638 1.004127901407408
36.15808736897456 1.0090307160585712
36.18103031781274 1.0156967138733248
36.20397326665093 0.9952379751624989
36.226916215489105 1.0075567064304063
36.24985916432729 1.020112440896785
36.27280211316547 1.0266535229910758
36.295745062003654 1.0281913825167008
36.31868801084183 1.0283812821569305
36.34163095968002 1.01696096009065
36.364573908518196 1.030763774550752
36.38751685735638 0.9985939553280514
36.41045980619456 0.9983490802157138
36.433402755032745 1.0191090905219127
36.45634570387092 1.0128888764480257
36.47928865270911 1.0110535949197348
36.50223160154729 0.9904210314276867
36.52517455038547 1.0058551519911747
36.54811749922365 0.9969714780521512
36.571060448061836 1.004890571279724
36.594003396900014 1.0117900784725433
36.6169463457382 1.02990147498639
36.63988929457638 1.0131991985384854
36.66283224341456 1.0306165000207053
36.68577519225274 1.0184716756307615
36.70871814109093 1.0171075421926097
36.731661089929105 1.0014450819603655
36.75460403876729 1.0285495456018605
36.77754698760547 1.0077771665298618
36.800489936443654 1.0282797808186515
36.82343288528183 1.0327383156792356
36.84637583412002 1.0156750102523777
36.869318782958196 1.0389950582390972
36.89226173179638 1.0067034121823097
36.91520468063456 1.0253365154203005
36.938147629472745 0.9919763653536066
36.96109057831092 1.0022559853445248
36.98403352714911 1.0139717943098887
37.00697647598729 1.0215997176660556
37.02991942482547 1.0315505463510766
37.05286237366365 0.9822777482352342
37.075805322501836 1.0036272148935579
37.098748271340014 1.0094669850711568
37.1216912201782 1.016243757933797
37.14463416901638 1.031981450589205
37.16757711785456 1.0050598477467474
37.19052006669274 0.9912510049733986
37.21346301553093 1.0286588847684408
37.236405964369105 0.9908247789107771
37.25934891320729 1.0038819456682533
37.28229186204547 0.9970269520135435
37.305234810883654 1.004272568502304
37.32817775972183 1.0285854778040489
37.35112070856002 1.0345552881400362
37.374063657398196 1.0071949817784158
37.39700660623638 1.0071567410830575
37.41994955507456 1.0035566253275834
37.442892503912745 1.0166315265651846
37.46583545275092 1.0343972287422738
37.48877840158911 0.998930356988495
37.51172135042729 1.0025812626333397
37.53466429926547 1.0249807998531302
37.55760724810365 1.0132418842703843
