k*sigma_0 S(k)

0.0229429488381818 0.08441917240570132
0.0458858976763637 0.07665359015137947
0.0688288465145455 0.1600226110178057
0.0917717953527273 0.1145345733440827
0.1147147441909091 0.11375407395288095
0.137657693029091 0.11838081341359949
0.1606006418672728 0.12068148346700565
0.1835435907054546 0.13473214055862098
0.2064865395436364 0.1687823372167045
0.2294294883818183 0.18139967664694334
0.2523724372200001 0.1661480048022971
0.275315386058182 0.14503312233147297
0.2982583348963638 0.23869275413398977
0.3212012837345456 0.2286697683145821
0.3441442325727274 0.15495424606583272
0.3670871814109092 0.13679495310768297
0.3900301302490911 0.21642451901303633
0.4129730790872729 0.19605545570140764
0.4359160279254547 0.23671641096079668
0.4588589767636365 0.19675567279109848
0.4818019256018184 0.23778249074453164
0.5047448744400002 0.18983004437868334
0.527687823278182 0.19875641297419583
0.5506307721163639 0.17864746708174337
0.5735737209545457 0.25998128002293247
0.5965166697927275 0.26195609282102333
0.6194596186309094 0.2754467921966159
0.6424025674690912 0.24326567747441263
0.665345516307273 0.2275317057620064
0.6882884651454548 0.2607263630326311
0.7112314139836367 0.22679931634617828
0.7341743628218185 0.18498377469940155
0.7571173116600003 0.23992457591878547
0.7800602604981821 0.25316492775790955
0.8030032093363639 0.2022934539101127
0.8259461581745458 0.21158989454179064
0.8488891070127276 0.21974716100438285
0.8718320558509094 0.2730427194815548
0.8947750046890912 0.2561634502491193
0.917717953527273 0.21348405355398567
0.940660902365455 0.22175740879549172
0.9636038512036368 0.2663937509478478
0.9865468000418186 0.28633864302135964
1.0094897488800003 0.2592651071780513
1.0324326977181821 0.26308092704834574
1.055375646556364 0.22351819836252246
1.0783185953945458 0.2917431136210766
1.1012615442327278 0.266889352855988
1.1242044930709096 0.28024332667791835
1.1471474419090915 0.23471809860007226
1.1700903907472733 0.2697407533896687
1.193033339585455 0.244587552498839
1.215976288423637 0.27410520650877507
1.2389192372618187 0.28372212872861396
1.2618621861000006 0.26525364093935955
1.2848051349381824 0.2629320765534987
1.3077480837763642 0.24927351179103582
1.330691032614546 0.25695102759253496
1.3536339814527278 0.27345741236777604
1.3765769302909097 0.28668507841139407
1.3995198791290915 0.314816375366326
1.4224628279672733 0.29317676545704885
1.4454057768054551 0.2761087359523334
1.468348725643637 0.28593586938330356
1.4912916744818188 0.2924349474915128
1.5142346233200006 0.2751267985865632
1.5371775721581824 0.2933638189807035
1.5601205209963642 0.26501835506727295
1.583063469834546 0.30832897537351917
1.6060064186727279 0.3271007679629528
1.6289493675109097 0.31451954492657586
1.6518923163490915 0.292635891154277
1.6748352651872733 0.345453812932199
1.6977782140254551 0.3145969855844023
1.720721162863637 0.3182660398723218
1.7436641117018188 0.30680489687399926
1.7666070605400006 0.3147630969093552
1.7895500093781824 0.3002125671198374
1.8124929582163642 0.2959113108562501
1.835435907054546 0.3241286821962614
1.858378855892728 0.32493949109347725
1.88132180473091 0.35810036376313786
1.9042647535690918 0.309382066604921
1.9272077024072736 0.3262326051613262
1.9501506512454554 0.3087135129826163
1.9730936000836372 0.3295446283076943
1.996036548921819 0.3099297084031422
2.0189794977600006 0.3881478665158776
2.0419224465981825 0.3350856497561299
2.0648653954363643 0.31855674368687875
2.087808344274546 0.36191709855197507
2.110751293112728 0.37789907646290644
2.1336942419509097 0.3675972801512271
2.1566371907890916 0.34619880633273403
2.1795801396272734 0.383532531237586
2.2025230884654556 0.34486731998916637
2.2254660373036375 0.382554984830213
2.2484089861418193 0.3793600962981165
2.271351934980001 0.3812324686861044
2.294294883818183 0.3500070657262582
2.3172378326563647 0.3870618125091595
2.3401807814945466 0.375382101719701
2.3631237303327284 0.38624804533637846
2.38606667917091 0.3703139295497472
2.409009628009092 0.3441465602808726
2.431952576847274 0.3712012420771571
2.4548955256854557 0.40533587526716275
2.4778384745236375 0.4604067456356298
2.5007814233618193 0.37750767585947537
2.523724372200001 0.4092642248977205
2.546667321038183 0.43182263510722496
2.5696102698763648 0.42897145474148196
2.5925532187145466 0.39254411787523935
2.6154961675527284 0.4199279681703391
2.63843911639091 0.38303456060208196
2.661382065229092 0.43297943609549217
2.684325014067274 0.4322187822370414
2.7072679629054557 0.42942697902970217
2.7302109117436375 0.4302273404628624
2.7531538605818193 0.44283325667111023
2.776096809420001 0.4368853708123222
2.799039758258183 0.4324960179289679
2.821982707096365 0.47326147360644105
2.8449256559345466 0.4457585423737819
2.8678686047727284 0.4955353161254561
2.8908115536109102 0.5163082594120804
2.913754502449092 0.464144563087264
2.936697451287274 0.449312171256715
2.9596404001254557 0.5033918291944728
2.9825833489636375 0.4853940812285594
3.0055262978018193 0.5331720831516134
3.028469246640001 0.5440804332542278
3.051412195478183 0.4945402058335742
3.074355144316365 0.5505585964935361
3.0972980931545466 0.5400336343377325
3.1202410419927284 0.5098931990494155
3.1431839908309103 0.5454615244087798
3.166126939669092 0.5690249707151634
3.189069888507274 0.5897208097032121
3.2120128373454557 0.5900668921421904
3.2349557861836375 0.5554720833474696
3.2578987350218194 0.5738458020616115
3.280841683860001 0.5795715096569836
3.303784632698183 0.60560141738567
3.326727581536365 0.5572164838261461
3.3496705303745467 0.6135740413700157
3.3726134792127285 0.6992575683196731
3.3955564280509103 0.6018607146880638
3.418499376889092 0.6027087750559375
3.441442325727274 0.6338557376570781
3.4643852745654558 0.6514597476088357
3.4873282234036376 0.7114568565859416
3.5102711722418194 0.6472846299136011
3.533214121080001 0.6882516979683901
3.556157069918183 0.6521567599217332
3.579100018756365 0.6858132481535321
3.6020429675945467 0.7267230131007414
3.6249859164327285 0.7112931895739458
3.6479288652709103 0.6998801486168352
3.670871814109092 0.7107773470182357
3.6938147629472744 0.7771035168062617
3.716757711785456 0.7287587834808307
3.739700660623638 0.7260423175030272
3.76264360946182 0.756416590909382
3.7855865583000017 0.7730178992348979
3.8085295071381835 0.8066714654887651
3.8314724559763653 0.7651467303889828
3.854415404814547 0.7931473791173655
3.877358353652729 0.814080483793457
3.900301302490911 0.8806389609598494
3.9232442513290926 0.806292308515887
3.9461872001672744 0.8695114017314217
3.9691301490054562 0.8470201788757529
3.992073097843638 0.8547562889372884
4.015016046681819 0.9315112067691206
4.037958995520001 0.9003681996056921
4.060901944358183 0.8394901939292483
4.083844893196365 0.8666787205002106
4.106787842034547 0.8998436785975397
4.1297307908727285 0.9355735667501652
4.15267373971091 0.9037195895292175
4.175616688549092 0.9758585497073429
4.198559637387274 0.9337141474711341
4.221502586225456 0.9446689438787135
4.244445535063638 1.0083499338672435
4.2673884839018195 1.0060397642886836
4.290331432740001 0.9651217028443319
4.313274381578183 0.9599484352531076
4.336217330416365 1.051055117635497
4.359160279254547 0.9781193075343347
4.382103228092729 1.0553338732954072
4.405046176930911 1.0664736099360788
4.427989125769093 1.1181214023993513
4.450932074607275 1.0384704958662014
4.473875023445457 1.1605646961793028
4.4968179722836386 1.1349945467003466
4.51976092112182 1.0474501430305219
4.542703869960002 1.1325380481578255
4.565646818798184 1.1285462304221454
4.588589767636366 1.2008661366454045
4.611532716474548 1.1576840520181642
4.6344756653127295 1.151449232014144
4.657418614150911 1.2675262215980583
4.680361562989093 1.283520879676467
4.703304511827275 1.182097656345199
4.726247460665457 1.2460344213606604
4.749190409503639 1.1492558302149978
4.77213335834182 1.1547426504713103
4.795076307180002 1.2492830940246014
4.818019256018184 1.2670397544220302
4.840962204856366 1.2245259144500171
4.863905153694548 1.3231486401675676
4.8868481025327295 1.2356189085232974
4.909791051370911 1.2375007007535845
4.932734000209093 1.2429543258713232
4.955676949047275 1.2937528702665664
4.978619897885457 1.2720466077577635
5.001562846723639 1.2162740933335616
5.02450579556182 1.2918155732712562
5.047448744400002 1.2855104264149064
5.070391693238184 1.2315611781913316
5.093334642076366 1.321370658145869
5.116277590914548 1.2718133081696983
5.1392205397527295 1.3429560955696267
5.162163488590911 1.3229478815392284
5.185106437429093 1.3335789574188102
5.208049386267275 1.3317807298236108
5.230992335105457 1.246976702815355
5.253935283943639 1.2866480342786195
5.27687823278182 1.3764171599936015
5.299821181620002 1.257086959438149
5.322764130458184 1.2202927155114602
5.345707079296366 1.260055192384188
5.368650028134548 1.3984200985241466
5.3915929769727295 1.4126459108055496
5.414535925810911 1.324617618286075
5.437478874649093 1.278924973734434
5.460421823487275 1.2677905855653282
5.483364772325457 1.2864050059950993
5.506307721163639 1.2395085716546146
5.5292506700018205 1.2643777216938656
5.552193618840002 1.2915096612166364
5.575136567678184 1.3007295933633343
5.598079516516366 1.2144112871162898
5.621022465354548 1.2598857158094383
5.64396541419273 1.2938358358623634
5.666908363030911 1.3286016430531444
5.689851311869093 1.2498483598819785
5.712794260707275 1.312597926120667
5.735737209545457 1.3175205224593227
5.758680158383639 1.376179114357275
5.7816231072218205 1.3232933830291966
5.804566056060002 1.2591173015506347
5.827509004898184 1.2831019050129633
5.850451953736366 1.2564477170929653
5.873394902574548 1.1702882116087583
5.89633785141273 1.2861002215311794
5.919280800250911 1.1976933961951035
5.942223749089093 1.2171710664634778
5.965166697927275 1.259714260557581
5.988109646765457 1.2609932854952202
6.011052595603639 1.2179612039348275
6.0339955444418205 1.2703761783387748
6.056938493280002 1.2262766027008407
6.079881442118184 1.1804548418794372
6.102824390956366 1.1829620084382575
6.125767339794548 1.1942134064518306
6.14871028863273 1.2294573211968167
6.171653237470911 1.24825169791864
6.194596186309093 1.2115893743214754
6.217539135147275 1.1486432092987833
6.240482083985457 1.1480863234593377
6.263425032823639 1.1826600294347356
6.2863679816618205 1.1895160754165903
6.309310930500002 1.1860301646635267
6.332253879338184 1.1819627479562702
6.355196828176366 1.1501367684454356
6.378139777014548 1.1327517159075167
6.40108272585273 1.108369090203479
6.4240256746909115 1.1973531447300416
6.446968623529093 1.0571179562892499
6.469911572367275 1.1395481262815816
6.492854521205457 1.139701938077167
6.515797470043639 1.1635039868042785
6.538740418881821 1.0730817402504165
6.561683367720002 1.0586427148991093
6.584626316558184 1.1022407953224755
6.607569265396366 1.063173022347577
6.630512214234548 1.0800142342274042
6.65345516307273 1.1396300512937507
6.6763981119109115 1.0991599934369873
6.699341060749093 1.0683241426674834
6.722284009587275 1.0882066026591204
6.745226958425457 1.0576411486318527
6.768169907263639 1.1226625897242462
6.791112856101821 1.0359368349584765
6.814055804940002 1.0045499746302318
6.836998753778184 1.0912056512054926
6.859941702616366 0.9826301990224363
6.882884651454548 1.081792806551525
6.90582760029273 1.044998547978354
6.9287705491309115 1.0209038861311528
6.951713497969093 0.9591371489428219
6.974656446807275 1.0226174093836256
6.997599395645457 0.9899587092677814
7.020542344483639 1.0237614931664993
7.043485293321821 1.0380465691401468
7.066428242160002 0.982325905840906
7.089371190998184 1.0471487108447555
7.112314139836366 1.0004495749967615
7.135257088674548 0.999106428573641
7.15820003751273 0.9474960847736791
7.1811429863509115 0.9567515364592812
7.204085935189093 0.9581112861607823
7.227028884027275 0.9771459369975396
7.249971832865457 0.9996678351036371
7.272914781703639 0.9570624730343932
7.295857730541821 0.9666603042298696
7.3188006793800024 0.9829739857283374
7.341743628218184 0.9459055789013809
7.364686577056367 0.9942283991304293
7.387629525894549 1.0027986118385
7.410572474732731 0.9462088027927079
7.433515423570912 0.9748341695668787
7.456458372409094 0.884513578374334
7.479401321247276 0.9053989274258715
7.502344270085458 0.9387201220066872
7.52528721892364 0.9195555025954679
7.5482301677618215 0.919606811143509
7.571173116600003 0.8823566782899399
7.594116065438185 0.9285159742514724
7.617059014276367 0.9290983274375444
7.640001963114549 0.9017510310051963
7.662944911952731 0.9267316637456013
7.6858878607909125 0.9579610193294675
7.708830809629094 0.9271185943281337
7.731773758467276 0.8957597717486718
7.754716707305458 0.9257414817184773
7.77765965614364 0.9339325557460317
7.800602604981822 0.9228425323379242
7.823545553820003 0.8857172916293725
7.846488502658185 0.8675310709395685
7.869431451496367 0.8712302900287004
7.892374400334549 0.9734985769177997
7.915317349172731 0.8470101660158558
7.9382602980109125 0.9464252081265389
7.961203246849094 0.9111499869894851
7.984146195687276 0.8813045279313806
8.007089144525457 0.871394608750982
8.030032093363639 0.8340897054856758
8.05297504220182 0.8754458144157837
8.075917991040003 0.865332103143954
8.098860939878184 0.8454309069365274
8.121803888716366 0.8627653641863514
8.144746837554548 0.8419693436142845
8.16768978639273 0.8847022377553097
8.190632735230912 0.831231402097315
8.213575684069093 0.8405609468929905
8.236518632907275 0.8321702508137379
8.259461581745457 0.9102837008100686
8.282404530583639 0.8481900277403803
8.30534747942182 0.8874138177372783
8.328290428260003 0.8525646906363599
8.351233377098184 0.88967195073831
8.374176325936366 0.837929852596341
8.397119274774548 0.8574815928618893
8.42006222361273 0.8776844046156889
8.443005172450912 0.8891118326631081
8.465948121289093 0.9149528145275326
8.488891070127275 0.8701924457361003
8.511834018965457 0.8464263801957951
8.534776967803639 0.8936006252151538
8.55771991664182 0.8993781567887228
8.580662865480003 0.8777682449459299
8.603605814318184 0.8723823839754854
8.626548763156366 0.8842413970267249
8.649491711994548 0.8679282682756522
8.67243466083273 0.8714528512272182
8.695377609670912 0.8733964421381505
8.718320558509093 0.9053928625227501
8.741263507347275 0.8767331017908374
8.764206456185457 0.8723675106632978
8.787149405023639 0.8337772406503879
8.810092353861823 0.8327347825173448
8.833035302700004 0.916624994936326
8.855978251538186 0.8403932188831379
8.878921200376368 0.9058756581200227
8.90186414921455 0.878068998825707
8.924807098052732 0.8556221202010679
8.947750046890913 0.8975022464544367
8.970692995729095 0.9013805160510527
8.993635944567277 0.8723876034281017
9.016578893405459 0.8898475666706037
9.03952184224364 0.9299998956325771
9.062464791081823 0.9267396049510049
9.085407739920004 0.8990778850001747
9.108350688758186 0.8708223501809851
9.131293637596368 0.8997011533417774
9.15423658643455 0.8677067489471776
9.177179535272732 0.8869439693960521
9.200122484110913 0.8652882090269622
9.223065432949095 0.8889028503769539
9.246008381787277 0.8834683777566049
9.268951330625459 0.8894208574442758
9.29189427946364 0.8866182745040027
9.314837228301823 0.9322713441777266
9.337780177140004 0.8785957971091258
9.360723125978186 0.8871628870371567
9.383666074816368 0.9214012784537967
9.40660902365455 0.9045866872268661
9.429551972492732 0.882169451311112
9.452494921330914 0.8565127601392251
9.475437870169095 0.9756542450555885
9.498380819007277 0.9475877913986887
9.521323767845459 0.9076311075608852
9.54426671668364 0.9559519491594944
9.567209665521823 0.9243584410190483
9.590152614360004 0.9044747395809044
9.613095563198186 0.9749586310194877
9.636038512036368 0.9229877060446587
9.65898146087455 0.9664204267039305
9.681924409712732 0.8804063970923556
9.704867358550914 0.9555947983954611
9.727810307389095 0.8877415625276982
9.750753256227277 0.9518894925366816
9.773696205065459 0.9145412722145605
9.79663915390364 0.9652777883100704
9.819582102741823 0.9452544944805202
9.842525051580004 0.9270609823636419
9.865468000418186 0.9811379406363516
9.888410949256368 0.9733437810578557
9.91135389809455 0.9751143836827006
9.934296846932732 0.9559573444895972
9.957239795770914 0.9975969136050429
9.980182744609095 0.9952449374389881
10.003125693447277 0.9719856431549314
10.026068642285459 0.971261212096749
10.04901159112364 0.9410281073414382
10.071954539961823 0.945181766554859
10.094897488800004 0.959613609114762
10.117840437638186 0.9147640240635221
10.140783386476368 0.9681023714880733
10.16372633531455 0.9771534417706693
10.186669284152732 0.9670749697631318
10.209612232990914 0.9712595624632488
10.232555181829095 0.9912876460463982
10.255498130667277 0.9665546020678273
10.278441079505459 0.9676436716650184
10.30138402834364 1.0303516127090602
10.324326977181823 1.009598394755031
10.347269926020005 1.0535869662270743
10.370212874858186 1.012943492099474
10.393155823696368 1.010185616080672
10.41609877253455 1.008202956337707
10.439041721372732 1.0561983409058833
10.461984670210914 1.0046842737563482
10.484927619049095 1.0240676233583075
10.507870567887277 1.0170929666834854
10.530813516725459 1.050552722930026
10.55375646556364 1.0247279456130445
10.576699414401823 0.9935292645055452
10.599642363240005 1.018754157618464
10.622585312078186 1.0279551600091772
10.645528260916368 1.0226563624445066
10.66847120975455 1.0630010978424955
10.691414158592732 1.0044503027588993
10.714357107430914 1.0561539037807772
10.737300056269095 1.0613258113752948
10.760243005107277 0.9840550913176801
10.783185953945459 1.072648024653102
10.806128902783641 1.036945414828795
10.829071851621823 1.0691613996105391
10.852014800460005 1.0914481053245286
10.874957749298186 1.0710738588054314
10.897900698136368 1.0720291178036836
10.92084364697455 1.117174289719563
10.943786595812732 1.0766306253102227
10.966729544650914 1.0590312403901652
10.989672493489095 1.0829540105734834
11.012615442327277 1.0527045104254171
11.03555839116546 1.0554696117546625
11.058501340003641 1.078629946234355
11.081444288841823 1.060799297813057
11.104387237680005 1.0628399280816925
11.127330186518186 1.0802515281511673
11.150273135356368 1.0559475086737313
11.17321608419455 1.080606914790238
11.196159033032732 1.0855265128974625
11.219101981870914 1.074481670171256
11.242044930709095 1.0867538372113539
11.264987879547277 1.081835427835855
11.28793082838546 1.0768772692926345
11.310873777223641 1.0828863846692498
11.333816726061823 1.0899108969491458
11.356759674900005 1.1279556384858629
11.379702623738186 1.0876767231510818
11.402645572576368 1.0812432930394544
11.42558852141455 1.0977231237639264
11.448531470252732 1.1045401881879526
11.471474419090914 1.0514603193512997
11.494417367929096 1.049463594600697
11.517360316767277 1.040969687994067
11.54030326560546 1.0909903232563425
11.563246214443641 1.119164641401948
11.586189163281823 1.0460045960573294
11.609132112120005 1.078721757816998
11.632075060958186 1.0832551068884235
11.655018009796368 1.0788842393683262
11.67796095863455 1.0864167836370917
11.700903907472732 1.0223863936612598
11.723846856310914 1.1003446141216842
11.746789805149096 1.056804606385061
11.769732753987277 1.0715309319548758
11.79267570282546 1.092186766432298
11.815618651663641 1.05289699317189
11.838561600501823 1.101085706251026
11.861504549340005 1.1152271179268833
11.884447498178186 1.0574662977265388
11.907390447016368 1.0884152729742453
11.93033339585455 1.0889878509432507
11.953276344692732 1.0836466460885945
11.976219293530914 1.043081883857302
11.999162242369096 1.1009234321349883
12.022105191207277 1.1205304253576074
12.04504814004546 1.065313927832614
12.067991088883641 1.0539089496062612
12.090934037721823 1.0876070883459776
12.113876986560005 1.08086867472522
12.136819935398186 1.0811896612737395
12.159762884236368 1.0659078381728901
12.18270583307455 1.1034115101915316
12.205648781912732 1.0711647240221478
12.228591730750914 1.1414971881749216
12.251534679589096 1.0557023409673048
12.274477628427277 1.1046812630893839
12.29742057726546 1.1212261056424326
12.320363526103641 1.0519494375779905
12.343306474941823 1.0608724859019742
12.366249423780005 1.0604487713181343
12.389192372618187 1.0543365555584223
12.412135321456368 1.0819710988030649
12.43507827029455 1.038926784445804
12.458021219132732 1.0692858016124955
12.480964167970914 1.0798962830608012
12.503907116809096 1.0724938441783582
12.526850065647277 1.0965768458381568
12.54979301448546 1.0552039944937222
12.572735963323641 1.0814688525447789
12.595678912161823 1.0622330702427325
12.618621861000005 1.0773606284904103
12.641564809838187 1.0583796776339571
12.664507758676368 1.0415947518109108
12.68745070751455 1.0174673181169116
12.710393656352732 1.0728387524608871
12.733336605190914 1.0681748217491625
12.756279554029096 1.0551538648977634
12.779222502867277 1.042524382320918
12.80216545170546 1.0525248006553516
12.825108400543641 1.0384612184918012
12.848051349381823 0.9885557996597675
12.870994298220005 1.0629628108036207
12.893937247058187 1.0722784824903167
12.916880195896368 1.0318790868552208
12.93982314473455 1.015928002561742
12.962766093572732 1.0558434112593789
12.985709042410914 1.0542749024541076
13.008651991249096 1.0072593005572557
13.031594940087277 1.0279313455305266
13.05453788892546 1.0394827151015356
13.077480837763641 0.9813116263711273
13.100423786601823 1.024311038788875
13.123366735440005 1.0160745811896346
13.146309684278187 1.0508551040407363
13.169252633116368 0.9832636532478796
13.19219558195455 1.0500016257679623
13.215138530792732 1.0349023225958214
13.238081479630914 0.9961129453174373
13.261024428469096 0.9975699109166617
13.283967377307278 1.0452012483030206
13.30691032614546 0.9878992255911596
13.329853274983641 0.9993333165690194
13.352796223821823 1.0279804645632984
13.375739172660005 1.0001352602085543
13.398682121498187 0.9470360885506434
13.421625070336368 0.9678199774485102
13.44456801917455 0.9999717088175887
13.467510968012732 0.9606775984814077
13.490453916850914 1.0281929415004578
13.513396865689096 0.9897696917880617
13.536339814527278 0.9613365114106716
13.55928276336546 1.0193072707953228
13.582225712203641 1.0022342098117298
13.605168661041823 0.987922743681928
13.628111609880005 0.9555701526906523
13.651054558718187 0.9744548342700394
13.673997507556368 0.9658417700598109
13.69694045639455 0.943601218780819
13.719883405232732 0.994679337000911
13.742826354070914 0.9782353213189224
13.765769302909096 0.9824552590779091
13.788712251747278 0.9683016748859532
13.81165520058546 0.9681257141941267
13.834598149423641 1.002461635230769
13.857541098261823 0.9638799116624993
13.880484047100005 0.9747983161167096
13.903426995938187 0.9702040663434192
13.926369944776368 0.9592049478480088
13.94931289361455 0.9423499981901591
13.972255842452732 0.9652719818058698
13.995198791290914 0.9892740113732351
14.018141740129096 0.9491960280285576
14.041084688967278 0.9658930346864221
14.06402763780546 0.953456129226366
14.086970586643641 0.954613467967367
14.109913535481823 0.9336332445128517
14.132856484320005 0.9777479777295226
14.155799433158187 0.9836189758658634
14.178742381996368 0.9578840785008611
14.20168533083455 0.9370107990543992
14.224628279672732 0.9202601921482225
14.247571228510914 0.9777427657081165
14.270514177349096 0.9273793176626376
14.293457126187278 0.9134221865494364
14.31640007502546 0.9494251482173935
14.339343023863641 0.9875758594226239
14.362285972701823 0.9424201132945871
14.385228921540005 0.9676548267043392
14.408171870378187 0.923548662453852
14.431114819216369 0.9462191369130803
14.45405776805455 0.9301859556923958
14.477000716892732 0.9845009047080069
14.499943665730914 0.9617939383138074
14.522886614569096 0.9249956169258908
14.545829563407278 0.9574199245164697
14.56877251224546 0.9436560670367774
14.591715461083641 0.9303986089027325
14.614658409921823 0.927956553958747
14.637601358760005 0.9195985638575348
14.660544307598187 0.9325448576505961
14.683487256436369 0.9037257181345891
14.706430205274552 0.938560559180595
14.729373154112734 0.9172735048564631
14.752316102950916 0.9463554509974462
14.775259051789098 0.9462723238578603
14.79820200062728 0.932487770769792
14.821144949465461 0.9413564873146514
14.844087898303643 0.9294266317234517
14.867030847141825 0.9108380102331542
14.889973795980007 0.9365053582536514
14.912916744818189 0.9371660096465392
14.93585969365637 0.915615516672891
14.958802642494552 0.9450314336291256
14.981745591332734 0.919598606912405
15.004688540170916 0.9299352104642272
15.027631489009098 0.9485203359799335
15.05057443784728 0.9408358237067875
15.073517386685461 0.941340629771429
15.096460335523643 0.9320344048894998
15.119403284361825 0.9688736787875687
15.142346233200007 0.9125856535205688
15.165289182038189 0.9287529872256555
15.18823213087637 0.9285421530119797
15.211175079714552 0.9313928712399692
15.234118028552734 0.9296682562061059
15.257060977390916 0.9556969908565697
15.280003926229098 0.94865355115002
15.30294687506728 0.949027512478991
15.325889823905461 0.9656634437337641
15.348832772743643 0.9445989592244757
15.371775721581825 0.9259019989464425
15.394718670420007 0.9629218342721046
15.417661619258189 0.9716804469640908
15.44060456809637 0.9392472022475471
15.463547516934552 0.9151716878965416
15.486490465772734 0.9499005756132478
15.509433414610916 0.9759885080878571
15.532376363449098 0.9619409355287111
15.55531931228728 0.9382097711128905
15.578262261125461 0.9684131728372242
15.601205209963643 0.9300029631377235
15.624148158801825 0.9303935954826367
15.647091107640007 0.9845285937906579
15.670034056478189 0.9482319560307024
15.69297700531637 0.9422507626569835
15.715919954154552 0.9585428225612131
15.738862902992734 0.9682269300224909
15.761805851830916 0.9954802262112254
15.784748800669098 0.9894743856405139
15.80769174950728 0.9385285765611275
15.830634698345461 0.9751914751237278
15.853577647183643 0.96900912855416
15.876520596021825 0.9786901055956314
15.899463544860007 0.9700734599850119
15.922406493698189 0.9585324025666565
15.94534944253637 0.9455062419202311
15.968292391374552 0.9979545948789238
15.991235340212734 0.9835104880815426
16.014178289050914 0.9907266769021202
16.037121237889096 0.9985986736473417
16.060064186727278 1.0035268523775276
16.08300713556546 0.9840251938090079
16.10595008440364 0.9735943453316356
16.128893033241823 0.953090693596778
16.151835982080005 1.0289030297380166
16.174778930918187 0.9767473875098905
16.19772187975637 0.9917101257286677
16.22066482859455 1.0058022988338988
16.243607777432732 0.9842025974374633
16.266550726270914 0.9797332824394903
16.289493675109096 0.992046710957026
16.312436623947278 0.9959378434947366
16.33537957278546 0.9987665703569926
16.35832252162364 1.0087768028219486
16.381265470461823 0.9909123154003324
16.404208419300005 1.0181559889807579
16.427151368138187 0.9793901466045895
16.45009431697637 0.9883522711654733
16.47303726581455 1.0214835579448758
16.495980214652732 1.0172277168623498
16.518923163490914 0.990673805947508
16.541866112329096 0.9920651132859936
16.564809061167278 1.0111425635816602
16.58775201000546 1.0294936574917055
16.61069495884364 0.9808085210398991
16.633637907681823 1.010115644389535
16.656580856520005 0.9919183425821485
16.679523805358187 1.0008991444492361
16.70246675419637 1.0620644590108732
16.72540970303455 0.9837173525908464
16.748352651872732 1.0275754994773107
16.771295600710914 1.0014288126656206
16.794238549549096 1.011981874370265
16.817181498387278 1.0044970987318198
16.84012444722546 0.9764311711891079
16.86306739606364 0.9985091715067884
16.886010344901823 1.0030717948677923
16.908953293740005 1.0366064800036847
16.931896242578187 1.0405256219843588
16.95483919141637 1.0465964594020534
16.97778214025455 1.0003420461664732
17.000725089092732 1.0007883201746046
17.023668037930914 1.0514267824037014
17.046610986769096 1.00144707880103
17.069553935607278 1.0121654380549199
17.09249688444546 1.0546782387289901
17.11543983328364 1.0190446699100635
17.138382782121823 1.039266803607239
17.161325730960005 1.0339975213107395
17.184268679798187 1.0596917598446116
17.20721162863637 1.0179982836682864
17.23015457747455 1.0051672616803633
17.253097526312732 1.0527337987788072
17.276040475150914 1.0287027345915498
17.298983423989096 1.0276000782592436
17.321926372827278 1.0400507759282243
17.34486932166546 1.0253367372373356
17.36781227050364 1.0296522868322358
17.390755219341823 1.0466130136302816
17.413698168180005 1.0423135933485115
17.436641117018187 1.0400042111072112
17.45958406585637 1.049998028873184
17.48252701469455 1.0269026310669747
17.505469963532732 1.0583266015446091
17.528412912370914 1.0330445365362033
17.551355861209096 1.0261039284443692
17.574298810047278 1.006753837760928
17.59724175888546 1.050898138656196
17.620184707723645 1.0706737696256412
17.643127656561827 1.0376587847369385
17.66607060540001 1.0183734346202347
17.68901355423819 1.0389719736624061
17.711956503076372 1.0137699130156812
17.734899451914554 1.0618959840964854
17.757842400752736 1.0423801357395597
17.780785349590918 1.0747744048038996
17.8037282984291 1.0281680224421643
17.82667124726728 1.0380909872893915
17.849614196105463 1.0537406011465411
17.872557144943645 1.0155286267778183
17.895500093781827 1.0348970627373564
17.91844304262001 1.0559079733488095
17.94138599145819 1.0143702877902772
17.964328940296372 1.0472641554879403
17.987271889134554 1.0268347553400976
18.010214837972736 1.0532735917740284
18.033157786810918 1.073421903724324
18.0561007356491 1.0419327177534436
18.07904368448728 1.0164308335102648
18.101986633325463 1.0228194946702158
18.124929582163645 1.0364445345860744
18.147872531001827 1.060433149464196
18.17081547984001 1.0432767225200876
18.19375842867819 1.010145824949068
18.216701377516372 1.0559237623494904
18.239644326354554 1.0473043837167415
18.262587275192736 1.0358613780567405
18.285530224030918 1.0655777507635416
18.3084731728691 1.042955354445081
18.33141612170728 1.068501146589617
18.354359070545463 1.0513025416461705
18.377302019383645 1.0471038324489856
18.400244968221827 1.0411919703643546
18.42318791706001 1.0570820800623926
18.44613086589819 1.0658121918714347
18.469073814736372 1.036434595424909
18.492016763574554 1.0419157405779929
18.514959712412736 1.018099709501425
18.537902661250918 1.0708008655497516
18.5608456100891 1.0321691255719245
18.58378855892728 1.0580012763749205
18.606731507765463 1.0478899817925411
18.629674456603645 1.0477433061975516
18.652617405441827 1.0275658880614424
18.67556035428001 1.065285065191577
18.69850330311819 1.024874011627481
18.721446251956372 1.0377129353425343
18.744389200794554 1.0399964639311337
18.767332149632736 1.0033479464791684
18.790275098470918 1.0134742343765537
18.8132180473091 1.0595456533288434
18.83616099614728 1.0638494334878899
18.859103944985463 1.0330900405336176
18.882046893823645 1.0291673813097697
18.904989842661827 1.0418898920489554
18.92793279150001 1.0309991170046036
18.95087574033819 1.0362932049744358
18.973818689176372 1.0180732533740013
18.996761638014554 1.046119780678788
19.019704586852736 1.0350137689367935
19.042647535690918 1.0029262836248847
19.0655904845291 1.0269459642491894
19.08853343336728 1.0603228192929528
19.111476382205463 1.014933958574468
19.134419331043645 0.99870414902755
19.157362279881827 1.0293278606665957
19.18030522872001 1.0283808510952437
19.20324817755819 1.0050782801749167
19.226191126396373 1.0442353140636775
19.249134075234554 1.002879180623649
19.272077024072736 1.0180169890394724
19.295019972910918 0.9958529802264272
19.3179629217491 1.0028431530946174
19.34090587058728 0.9711804283625292
19.363848819425463 0.974763229458541
19.386791768263645 1.0152146377838107
19.409734717101827 1.0079977876572064
19.43267766594001 0.9893643435427985
19.45562061477819 0.963018539871761
19.478563563616373 0.9982850816059466
19.501506512454554 0.9649236324031822
19.524449461292736 0.9860856608715525
19.547392410130918 1.022512636965199
19.5703353589691 0.997476443210698
19.59327830780728 0.994310369451975
19.616221256645463 0.9793050545956776
19.639164205483645 0.983173938753069
19.662107154321827 0.9789584715481782
19.68505010316001 0.9707507238165077
19.70799305199819 1.0171921111360962
19.730936000836373 0.9923269845461884
19.753878949674554 0.9781957914869294
19.776821898512736 1.021317204890402
19.799764847350918 1.002848248850487
19.8227077961891 1.036371084747198
19.84565074502728 0.958402527750394
19.868593693865463 1.0251370378236289
19.891536642703645 0.9868556706228319
19.914479591541827 0.9840725130265078
19.93742254038001 0.9898050484788693
19.96036548921819 1.002280019489452
19.983308438056373 1.0062950279989344
20.006251386894554 0.9795833900527383
20.029194335732736 0.9651289357098073
20.052137284570918 0.972065623025038
20.0750802334091 0.978686551119557
20.09802318224728 0.9935471471109218
20.120966131085464 1.0085512030768247
20.143909079923645 0.9927904811629265
20.166852028761827 0.9910220195032342
20.18979497760001 0.9948057071778598
20.21273792643819 0.976235938984415
20.235680875276373 0.9843018343200243
20.258623824114554 0.984708382487018
20.281566772952736 0.9668436525618035
20.304509721790918 0.9591076236476318
20.3274526706291 0.9886523679531026
20.35039561946728 0.9662051835796555
20.373338568305464 0.9955077568871463
20.396281517143645 0.9986678359573655
20.419224465981827 0.9734967732448876
20.44216741482001 0.9699120610609939
20.46511036365819 0.9668493190655079
20.488053312496373 0.9493438150419491
20.510996261334554 0.9960745258929516
20.533939210172736 0.9770854528271503
20.556882159010918 0.947548886018411
20.5798251078491 0.9592661262748067
20.60276805668728 1.0095552477382157
20.625711005525464 0.9873854249622263
20.648653954363645 0.9516483348223742
20.671596903201827 0.952747376905631
20.69453985204001 0.9502472590226145
20.71748280087819 0.9464502697805964
20.740425749716373 0.9807643130025778
20.763368698554554 0.9576046192144997
20.786311647392736 0.9537472634949091
20.809254596230918 0.9845045661748199
20.8321975450691 0.9900206079905949
20.85514049390728 0.9220255009770443
20.878083442745464 0.9704616268071948
20.901026391583645 0.9944363771648222
20.923969340421827 1.000839991338549
20.94691228926001 0.9872626391534458
20.96985523809819 0.9308302192881838
20.992798186936373 0.9754722035694177
21.015741135774554 0.9790799703082121
21.038684084612736 0.9731963309205242
21.061627033450918 0.9843563807042407
21.0845699822891 0.9829020461970004
21.10751293112728 0.958718519098387
21.130455879965464 0.9423543109787657
21.153398828803645 0.9275747839200509
21.176341777641827 0.9589631969511082
21.19928472648001 0.9864259818797756
21.22222767531819 0.9557092893476715
21.245170624156373 0.9557069705067022
21.268113572994555 0.9905482614591212
21.291056521832736 0.9649278487730171
21.313999470670918 0.9696312930181165
21.3369424195091 0.9750514456623208
21.359885368347282 0.9745412244337018
21.382828317185464 0.9770458155303058
21.405771266023645 0.9766795525117842
21.428714214861827 0.9490977395606429
21.45165716370001 0.9610596791988637
21.47460011253819 0.9750536640580432
21.497543061376373 0.975278282843297
21.520486010214555 0.93253661885237
21.543428959052736 0.9784713817591426
21.566371907890918 0.9618737822528138
21.5893148567291 0.9415210143298985
21.612257805567282 0.9720049418336981
21.635200754405464 0.9808163096873448
21.658143703243645 0.9685833021469289
21.681086652081827 0.9694252901507471
21.70402960092001 0.9633215503088736
21.72697254975819 0.9992408312437219
21.749915498596373 0.9783948163510982
21.772858447434555 0.9800695314372745
21.795801396272736 0.9855053563600282
21.818744345110918 0.9405143355435174
21.8416872939491 0.9879852246970683
21.864630242787282 0.9612455869532832
21.887573191625464 0.9811702503440962
21.910516140463645 0.9763083232307526
21.933459089301827 1.0018942829743627
21.95640203814001 0.9634398302438256
21.97934498697819 0.9481143353916566
22.002287935816373 0.9583605697799858
22.025230884654555 0.9690947079816675
22.048173833492736 0.993972622159242
22.07111678233092 0.9797436426372035
22.0940597311691 0.9792133381333089
22.117002680007282 0.9510935142772
22.139945628845464 0.9770934573314735
22.162888577683646 0.9942045584163695
22.185831526521827 0.965928426342285
22.20877447536001 0.985061466718412
22.23171742419819 1.0147612536946287
22.254660373036373 0.9597887798099287
22.277603321874555 0.9948502966331894
22.300546270712736 0.9453440321967671
22.32348921955092 1.001767885841325
22.3464321683891 0.9854685734402238
22.369375117227282 0.9832999632137654
22.392318066065464 0.9850386715410925
22.415261014903646 1.011214471907345
22.438203963741827 1.001977881652942
22.46114691258001 0.9894037813716912
22.48408986141819 1.0045609654648402
22.507032810256373 0.9864718809274953
22.529975759094555 1.0134809594196421
22.552918707932736 1.0245843394616754
22.57586165677092 1.0369935214522985
22.5988046056091 1.0117929383576956
22.621747554447282 1.0235424423872643
22.644690503285464 0.9932934575093113
22.667633452123646 0.9700724766815207
22.690576400961827 0.9882532877298165
22.71351934980001 0.9716902349114268
22.73646229863819 0.9910845746650341
22.759405247476373 1.015064822284846
22.782348196314555 0.9829075641823107
22.805291145152736 1.0001806989443185
22.82823409399092 0.9921904205163382
22.8511770428291 0.984854332056949
22.874119991667282 0.9831871915779687
22.897062940505464 0.9840497130302035
22.920005889343646 1.0152947983064338
22.942948838181827 1.0186822191572522
22.96589178702001 1.0063126559007798
22.98883473585819 1.011292979309731
23.011777684696373 1.0264870056784252
23.034720633534555 0.9892551387911664
23.057663582372736 1.0016847110932734
23.08060653121092 0.9991288762412002
23.1035494800491 1.0204259877837742
23.126492428887282 1.0250060866634185
23.149435377725464 0.9887794733966248
23.172378326563646 1.014084623322515
23.195321275401827 1.009526572071446
23.21826422424001 1.007179173756152
23.24120717307819 1.0034381878527225
23.264150121916373 1.0072999407528018
23.287093070754555 0.9911484415498995
23.310036019592737 1.010578073753498
23.33297896843092 0.9891624767101751
23.3559219172691 0.994439466200383
23.378864866107282 1.0150166462110317
23.401807814945464 1.0222130866520187
23.424750763783646 1.015335421186706
23.447693712621827 1.0522199694783936
23.47063666146001 1.0125273113282602
23.49357961029819 0.993970696884759
23.516522559136373 1.0317083503870397
23.539465507974555 1.0062772973493939
23.562408456812737 1.003346399744134
23.58535140565092 1.0231183254947862
23.6082943544891 1.0351291691755053
23.631237303327282 1.0170335198794578
23.654180252165464 1.0016264861674375
23.677123201003646 1.046146350157819
23.700066149841827 1.0182826483173537
23.72300909868001 1.002303555808476
23.74595204751819 1.0047756389585927
23.768894996356373 1.0071047452850823
23.791837945194555 1.0361238798894223
23.814780894032737 1.0424298756975345
23.83772384287092 1.0254484815697769
23.8606667917091 1.020426090277152
23.883609740547282 1.0103523882919423
23.906552689385464 1.0658172689201653
23.929495638223646 1.049392544107594
23.952438587061827 1.0566803386852892
23.97538153590001 1.0424585913596678
23.99832448473819 1.0240796846082714
24.021267433576373 1.0208947638082533
24.044210382414555 1.0215349675691943
24.067153331252737 1.0138132500297852
24.09009628009092 1.0272665884807213
24.1130392289291 1.0292473339622425
24.135982177767282 1.056836684995373
24.158925126605464 1.045455645351543
24.181868075443646 1.0241718656441217
24.204811024281828 1.0586878977919258
24.22775397312001 1.0254078679193261
24.25069692195819 1.043799667315156
24.273639870796373 1.0182252058150336
24.296582819634555 1.0332120816890433
24.319525768472737 1.0234844192577028
24.34246871731092 1.0186519044133164
24.3654116661491 1.0367866989581078
24.388354614987282 1.0123690866711257
24.411297563825464 1.0153658941245456
24.434240512663646 1.008480815450109
24.457183461501828 1.0035689084954351
24.48012641034001 1.0266937023575105
24.50306935917819 1.031582153120316
24.526012308016373 1.0258011934776834
24.548955256854555 1.0340947899845154
24.571898205692737 1.030059281289755
24.59484115453092 1.0299046700055083
24.6177841033691 1.0769609155718944
24.640727052207282 1.029052454662797
24.663670001045464 1.0040024368089226
24.686612949883646 0.9888915031698305
24.709555898721828 1.0094482346770415
24.73249884756001 1.0375206624319142
24.75544179639819 1.0060789597234754
24.778384745236373 1.0312997739027785
24.801327694074555 1.0146736831074123
24.824270642912737 1.026501613050785
24.84721359175092 1.0316513767466302
24.8701565405891 1.0555437539826025
24.893099489427282 1.0273124703757905
24.916042438265464 1.0216964755245064
24.938985387103646 1.01324270150794
24.961928335941828 1.0294548506481287
24.98487128478001 1.0300681850337154
25.00781423361819 1.0303255600214087
25.030757182456373 0.9867219895991926
25.053700131294555 1.0324070683536373
25.076643080132737 1.0099716886382235
25.09958602897092 1.011368783693821
25.1225289778091 1.0099486863928746
25.145471926647282 1.033405427836438
25.168414875485464 1.0158211451153283
25.191357824323646 1.0213365289415453
25.214300773161828 0.9747229323928724
25.23724372200001 1.0541117171577299
25.26018667083819 1.019480035289043
25.283129619676373 1.0177875011874273
25.306072568514555 1.0284525115585004
25.329015517352737 0.9889503632614439
25.35195846619092 1.0051394869919343
25.3749014150291 1.0339178615672648
25.397844363867282 0.9915819994278675
25.420787312705464 1.0035485927999577
25.443730261543646 0.9756725578291798
25.466673210381828 1.0063433028483972
25.48961615922001 1.014814501623109
25.51255910805819 1.0373361204216935
25.535502056896373 1.0081614180269542
25.558445005734555 1.0204847712228617
25.581387954572737 1.005136247021026
25.60433090341092 1.009423217149725
25.6272738522491 1.0288327556002528
25.650216801087282 1.0485291794931817
25.673159749925464 0.9605030759100432
25.696102698763646 1.0298097382927371
25.719045647601828 1.0319225752769934
25.74198859644001 0.9981296023934408
25.76493154527819 1.0276042651354365
25.787874494116373 1.0123258033667513
25.810817442954555 1.0182766964729206
25.833760391792737 0.9990771830194629
25.85670334063092 0.985000883105041
25.8796462894691 1.0261156207434432
25.902589238307282 0.9866324926150675
25.925532187145464 1.0170425584640725
25.948475135983646 1.0073228215510754
25.971418084821828 0.9668068783344447
25.99436103366001 0.9643221619145105
26.01730398249819 1.0119281737960866
26.040246931336373 1.0012829044720524
26.063189880174555 0.9897516888039137
26.086132829012737 0.9897013639351199
26.10907577785092 0.9929164740562679
26.1320187266891 1.000241599436128
26.154961675527282 1.0087724820706565
26.177904624365464 0.999242826441632
26.200847573203646 0.9898386970941089
26.223790522041828 0.9943535773928185
26.24673347088001 0.963259998469005
26.26967641971819 0.9867633871978441
26.292619368556373 0.9782052155014008
26.315562317394555 0.9784644865753522
26.338505266232737 1.0219213549861106
26.36144821507092 0.962819747163919
26.3843911639091 0.9832704176033185
26.407334112747282 0.9934478501213326
26.430277061585464 0.9986402114746552
26.453220010423646 0.9866344653668022
26.476162959261828 0.9900252603041844
26.49910590810001 1.003233621476527
26.52204885693819 0.9895131116442544
26.544991805776373 0.9832174763766532
26.567934754614555 0.9745702465422517
26.590877703452737 1.0039445618950509
26.61382065229092 1.0053082878563968
26.6367636011291 0.975178063042774
26.659706549967282 0.9964277634091913
26.682649498805464 0.9639282403491147
26.705592447643646 0.9801185725240564
26.728535396481828 0.952306494923273
26.75147834532001 0.9817744512934089
26.77442129415819 0.9658294617190069
26.797364242996373 0.9718513240975252
26.820307191834555 0.9890135106765634
26.843250140672737 0.9666916257159658
26.86619308951092 0.9801468171060379
26.8891360383491 1.0007535788027773
26.912078987187282 0.9581747812229926
26.935021936025464 1.001463709707295
26.957964884863646 0.9829950273581574
26.980907833701828 0.9702869325869472
27.00385078254001 1.0038487275943537
27.02679373137819 1.0117423842203062
27.049736680216373 0.9957479692769808
27.072679629054555 0.978191315762223
27.095622577892737 0.9980408280586709
27.11856552673092 0.9986783690628013
27.1415084755691 1.0048737522245923
27.164451424407282 0.966504754611382
27.187394373245464 0.9707820056067442
27.210337322083646 0.9860226855231293
27.233280270921828 0.9912484829824064
27.25622321976001 0.9665429459905106
27.27916616859819 0.9448692340503215
27.302109117436373 0.9588722446080227
27.325052066274555 0.9751269027296287
27.347995015112737 0.9789883123297759
27.37093796395092 1.0136193157602345
27.3938809127891 0.9886232369156587
27.416823861627282 0.9751621852153719
27.439766810465464 0.9547371505547633
27.462709759303646 0.9749985191461452
27.485652708141828 0.9838162176106631
27.50859565698001 0.9634744024005386
27.53153860581819 0.9751977052366657
27.554481554656373 0.968521576401107
27.577424503494555 0.9720148369947731
27.600367452332737 0.9543698645797332
27.62331040117092 0.9847231710463227
27.6462533500091 0.9665095884341919
27.669196298847282 0.9926252755930168
27.692139247685464 0.9562163408065135
27.715082196523646 0.9954920882607027
27.738025145361828 0.9790955078288942
27.76096809420001 0.9891286176756836
27.78391104303819 0.9908231937283738
27.806853991876373 1.0204646330905556
27.829796940714555 0.9973968366151731
27.852739889552737 0.9820026836718052
27.87568283839092 0.9875319497043605
27.8986257872291 0.9568259657761599
27.921568736067282 0.9665324441790333
27.944511684905464 0.9833830285514891
27.967454633743646 0.969935458587926
27.990397582581828 0.9719380947366318
28.01334053142001 0.9676001731530022
28.03628348025819 0.9720905641088768
28.059226429096373 0.9815048966460036
28.082169377934555 0.9740201129290831
28.105112326772737 0.9913104468028525
28.12805527561092 0.977458422014747
28.1509982244491 0.9897143044714611
28.173941173287282 0.9831628248730072
28.196884122125464 0.9676332169218728
28.219827070963646 0.955569380773797
28.242770019801828 0.9764864770487106
28.26571296864001 0.9801514618009038
28.28865591747819 0.9922218174440675
28.311598866316373 0.9872658421168685
28.334541815154555 0.9686002300719607
28.357484763992737 0.9906498415775262
28.38042771283092 0.9802453425347623
28.4033706616691 0.9979292422300424
28.426313610507282 1.0072525190162778
28.449256559345464 1.0117511269539283
28.472199508183646 0.970216312837658
28.495142457021828 1.0012390564278844
28.51808540586001 0.9822424912657215
28.54102835469819 1.0075733090690289
28.563971303536373 0.9956678902419897
28.586914252374555 0.9737149137221554
28.609857201212737 1.0036884834565505
28.63280015005092 0.9982508982224654
28.6557430988891 1.006492752367477
28.678686047727282 0.9865092496176981
28.701628996565464 1.014644616972423
28.724571945403646 1.0013503086756192
28.747514894241828 0.9803983574813241
28.77045784308001 1.004059091657611
28.79340079191819 0.9597490680581794
28.816343740756373 0.9796799709489665
28.839286689594555 0.9870529034298109
28.862229638432737 1.0162988283365475
28.88517258727092 0.9834524105375573
28.9081155361091 1.0068267287118313
28.931058484947282 1.0075283410469638
28.954001433785464 0.9642359843721592
28.976944382623646 0.9784520195395109
28.999887331461828 0.9832192325333028
29.02283028030001 1.0114752747816729
29.04577322913819 0.9865020464791251
29.068716177976373 1.0250736240741436
29.091659126814555 1.0318372977774244
29.114602075652737 1.0072611072302853
29.13754502449092 1.0031362098131733
29.1604879733291 0.9963518806147599
29.183430922167283 0.9940022011430739
29.206373871005464 0.9691549580740962
29.229316819843646 0.992407229549443
29.252259768681828 0.9853876707725902
29.27520271752001 0.9813969403285682
29.29814566635819 0.9730390361087339
29.321088615196373 1.01015652355404
29.344031564034555 1.0070614469711334
29.366974512872737 1.0077198630533908
29.389917461710922 0.9860663155595543
29.412860410549104 0.9947505349125421
29.435803359387286 1.0039985427113547
29.458746308225468 1.0210103297681363
29.48168925706365 1.004797902012221
29.50463220590183 0.9962920942946187
29.527575154740013 0.98668094944127
29.550518103578195 1.0079327341778743
29.573461052416377 1.0042760123255612
29.59640400125456 1.0124691979420415
29.61934695009274 1.019885939805892
29.642289898930922 1.009657135596796
29.665232847769104 1.033742242983829
29.688175796607286 1.02473885725992
29.711118745445468 1.0055600277054046
29.73406169428365 0.9861467238979098
29.75700464312183 1.019388212542928
29.779947591960013 1.0005994210946396
29.802890540798195 0.9773320125456029
29.825833489636377 1.0279613889911428
29.84877643847456 0.9888257629551319
29.87171938731274 0.9852403317370451
29.894662336150922 0.99539610813317
29.917605284989104 1.01265423070988
29.940548233827286 1.0305728646939354
29.963491182665468 1.0040726282258228
29.98643413150365 1.043667881280158
30.00937708034183 1.0006604629472438
30.032320029180013 1.0128562613663195
30.055262978018195 1.017799093982119
30.078205926856377 1.013266417669743
30.10114887569456 1.0021554814904925
30.12409182453274 1.0378902180291603
30.147034773370923 1.0354362342262617
30.169977722209104 1.0137855562188893
30.192920671047286 1.0395320920601516
30.215863619885468 1.03433920659707
30.23880656872365 1.004428086261025
30.26174951756183 1.0336391178871371
30.284692466400013 1.0289745705722453
30.307635415238195 1.0055874180648956
30.330578364076377 0.988774264972581
30.35352131291456 1.0409181416500366
30.37646426175274 1.014647346731191
30.399407210590923 1.0306411236665716
30.422350159429104 1.0108832978109386
30.445293108267286 1.04748532297382
30.468236057105468 1.0202655257536046
30.49117900594365 1.0277174793787034
30.51412195478183 1.0301685002806114
30.537064903620013 1.0165107719227742
30.560007852458195 1.0387604225474243
30.582950801296377 1.0288018718628829
30.60589375013456 1.00735990212026
30.62883669897274 1.0143409758848378
30.651779647810923 1.0330716491173788
30.674722596649104 1.0352215353604484
30.697665545487286 1.0203926323426917
30.720608494325468 0.9984122165958934
30.74355144316365 1.0185142805603447
30.76649439200183 1.0135212791398573
30.789437340840013 1.0090516005070687
30.812380289678195 1.0203698346363328
30.835323238516377 1.01108772280925
30.85826618735456 1.0500853072846899
30.88120913619274 1.0373683481038538
30.904152085030923 1.0404127628456912
30.927095033869104 0.9707306868403228
30.950037982707286 1.0326120078328935
30.972980931545468 1.0220493554787615
30.99592388038365 1.013234443327488
31.01886682922183 0.9989021169527789
31.041809778060014 1.0310476317847317
31.064752726898195 1.0258821447394906
31.087695675736377 1.0264711835081006
31.11063862457456 1.0284130219652248
31.13358157341274 1.0212347986455454
31.156524522250923 1.041086766200943
31.179467471089104 1.034350870280229
31.202410419927286 0.997623477221519
31.225353368765468 1.0184019499565862
31.24829631760365 1.0565824778336292
31.27123926644183 1.0400302769675347
31.294182215280014 1.0066598394810407
31.317125164118195 1.0199035644760714
31.340068112956377 1.037989390377389
31.36301106179456 1.0085180902667208
31.38595401063274 1.011031942681841
31.408896959470923 1.0103320097073043
31.431839908309104 0.9915124793908379
31.454782857147286 1.044937908463157
31.477725805985468 1.0011872177063528
31.50066875482365 1.0129331199569651
31.52361170366183 0.9910832373957775
31.546554652500014 1.0362043196020174
31.569497601338195 0.9883805464876082
31.592440550176377 1.0146329945786632
31.61538349901456 1.004766916855089
31.63832644785274 1.0141784950298625
31.661269396690923 0.9902127373165497
31.684212345529104 0.9949610915222054
31.707155294367286 1.0251982083039022
31.730098243205468 0.9732351689473193
31.75304119204365 0.9939692445226014
31.77598414088183 1.0153690928555765
31.798927089720014 1.0009852358172646
31.821870038558195 1.0290393405684533
31.844812987396377 1.0034047725300788
31.86775593623456 1.0344665735170906
31.89069888507274 1.0132953089452208
31.913641833910923 1.0180793659294047
31.936584782749105 1.009767401183339
31.959527731587286 1.0214890070442677
31.982470680425468 0.9944048712802206
32.00541362926365 0.9986813774472237
32.02835657810183 0.9926178989400072
32.051299526940014 1.0098888266282802
32.07424247577819 1.0183314714771903
32.09718542461638 1.0177519005999747
32.120128373454556 0.9956134220904005
32.14307132229274 0.9964169918789126
32.16601427113092 1.0048053920126108
32.188957219969105 1.0283710201633014
32.21190016880728 0.9982179570889639
32.23484311764547 1.0039180572144601
32.257786066483646 0.9719960469505619
32.28072901532183 1.0073267423512327
32.30367196416001 1.0031000231025367
32.326614912998195 0.9957913250752852
32.349557861836374 1.0003135943365302
32.37250081067456 1.0392795881662449
32.39544375951274 1.0004115073874178
32.41838670835092 1.0050588158506961
32.4413296571891 1.001019300632859
32.464272606027286 0.9901192819914212
32.487215554865465 0.9722125010751367
32.51015850370365 0.9877071450245094
32.53310145254183 0.9867978226177238
32.556044401380014 1.0066356430241667
32.57898735021819 0.9613967338006184
32.60193029905638 0.9781016288628035
32.624873247894556 0.9860498801780826
32.64781619673274 1.0014630218753067
32.67075914557092 0.9922114243000156
32.693702094409105 1.0011793650011638
32.71664504324728 0.9904702524132727
32.73958799208547 1.0048215458901684
32.76253094092365 1.0004623399358947
32.78547388976183 0.9623119699716469
32.80841683860001 1.0050204045993372
32.831359787438195 0.9744986319566394
32.854302736276374 1.0040710045298191
32.87724568511456 0.9950041539603678
32.90018863395274 1.015124665052009
32.92313158279092 1.0002433983480765
32.9460745316291 0.9808930065201893
32.969017480467286 0.9724460240105576
32.991960429305465 0.9695760557547377
33.01490337814365 0.9713856725874637
33.03784632698183 0.9786071511272911
33.060789275820014 0.9868131766034741
33.08373222465819 1.0038833750362737
33.10667517349638 0.9663891213728226
33.129618122334556 0.9615337800553245
33.15256107117274 0.9868779558345936
33.17550402001092 0.9825770330877295
33.198446968849105 0.9818643182967587
33.22138991768728 1.0019996511812679
33.24433286652547 0.9925257891368872
33.26727581536365 0.9882898917175665
33.29021876420183 0.9910632601298748
33.31316171304001 0.9817452578580776
33.336104661878196 1.0021227933122776
33.359047610716374 1.0108762770892037
33.38199055955456 0.9998379107727275
33.40493350839274 0.9997113211703567
33.42787645723092 0.9634252318043679
33.4508194060691 0.9718731625464888
33.47376235490729 0.9978945317745628
33.496705303745465 0.9882414061087755
33.51964825258365 0.9790259604728011
33.54259120142183 0.9596847988011138
33.565534150260014 0.986006566777054
33.58847709909819 0.9947884121202814
33.61142004793638 0.9667208059764592
33.634362996774556 0.9841003599163753
33.65730594561274 0.9901296047220789
33.68024889445092 1.0059896320637156
33.703191843289105 0.9858953622916637
33.72613479212728 0.9494947304570917
33.74907774096547 0.9790444911222949
33.77202068980365 0.9852317159291218
33.79496363864183 0.9856506391225835
33.81790658748001 0.9759474755065061
33.840849536318196 0.9898757319325895
33.863792485156374 0.9759998380438967
33.88673543399456 0.9693375087383708
33.90967838283274 0.9980300485295377
33.93262133167092 0.9940985350643797
33.9555642805091 0.9615514805601162
33.97850722934729 0.9993206884187954
34.001450178185465 0.9704998943129436
34.02439312702365 1.0000960399434644
34.04733607586183 0.9760045019224617
34.070279024700014 0.9628755077408062
34.09322197353819 0.9771327833881954
34.11616492237638 0.9849252237488108
34.139107871214556 0.9629848152667858
34.16205082005274 0.9811823312345929
34.18499376889092 1.0020159675547844
34.207936717729105 0.9488142029173535
34.23087966656728 0.9917131561235669
34.25382261540547 1.0012147199538322
34.27676556424365 0.9833322020233024
34.29970851308183 0.9618720895491604
34.32265146192001 0.9776380279965455
34.345594410758196 0.9734487472910699
34.368537359596374 0.9868695960398611
34.39148030843456 0.986306918370469
34.41442325727274 0.9827965675127428
34.43736620611092 0.9553623455471648
34.4603091549491 0.9437546254501653
34.48325210378729 0.9650730697714595
34.506195052625465 0.9922227302740155
34.52913800146365 0.9773917200767669
34.55208095030183 0.9878466665569045
34.575023899140014 0.9970488490099874
34.59796684797819 0.9853284505591957
34.62090979681638 0.9837521610204324
34.643852745654556 0.9948539934190104
34.66679569449274 0.95206547832782
34.68973864333092 0.9871516296071601
34.712681592169105 1.0169047601382022
34.73562454100728 0.9954658287404349
34.75856748984547 0.9936509903121953
34.78151043868365 0.9825862731830145
34.80445338752183 0.9749213371467833
34.82739633636001 1.0009135682277013
34.850339285198196 0.9899430922580497
34.873282234036374 1.0175173768802657
34.89622518287456 1.009462666279443
34.91916813171274 0.9775922007413289
34.94211108055092 0.9882665011790115
34.9650540293891 1.0000542260994139
34.98799697822729 0.9836846032149046
35.010939927065465 0.9902168675406134
35.03388287590365 0.994860191570946
35.05682582474183 1.001653685277306
35.079768773580014 1.0080258373674063
35.10271172241819 0.9824231681493449
35.12565467125638 0.9940469490857103
35.148597620094556 1.009557417744048
35.17154056893274 0.9705811231522384
35.19448351777092 1.0031036425510849
35.217426466609105 0.9988731807225755
35.24036941544729 0.9870052493021294
35.26331236428547 1.0293786893927979
35.286255313123654 0.9953029043337441
35.30919826196183 1.0203671909078857
35.33214121080002 0.9752526859794527
35.355084159638196 1.0206456331557265
35.37802710847638 1.003787476423046
35.40097005731456 1.0178306054505795
35.423913006152745 0.98202613657405
35.44685595499092 0.9936669231852249
35.46979890382911 0.9991197541534357
35.49274185266729 1.0189773516622898
35.51568480150547 1.0148153014676935
35.53862775034365 1.0197923944601217
35.561570699181836 0.9780637474826388
35.584513648020014 0.9769778228481386
35.6074565968582 1.018454153885254
35.63039954569638 1.0039854526795737
35.65334249453456 1.0091185946684518
35.67628544337274 1.0083440439582072
35.69922839221093 1.0125559308317027
35.722171341049105 1.0146849825335564
35.74511428988729 0.9890185880767606
35.76805723872547 0.9986034012427496
35.791000187563654 0.9814572760101798
35.81394313640183 1.0220537443395636
35.83688608524002 1.0244751530113525
35.859829034078196 0.9949837267957388
35.88277198291638 1.0208191041174115
35.90571493175456 1.0098047292184822
35.928657880592745 0.9913851516368315
35.95160082943092 1.043870329606516
35.97454377826911 0.992569122069754
35.99748672710729 1.0191822475659307
36.02042967594547 1.0136514250271564
36.04337262478365 1.0070388761648592
36.066315573621836 1.0122269269106499
36.089258522460014 1.0025198543799525
36.1122014712982 1.0405505965181403
36.13514442013638 1.006083847644975
36.15808736897456 1.0152485895688819
36.18103031781274 1.0042581923796243
36.20397326665093 1.0092917852408438
36.226916215489105 1.0233560306740324
36.24985916432729 1.0083901569807043
36.27280211316547 1.006918166182176
36.295745062003654 1.008128490832955
36.31868801084183 1.0286170250525255
36.34163095968002 1.0198843121441425
36.364573908518196 1.0212927549852946
36.38751685735638 1.0340654336953143
36.41045980619456 1.031785956941164
36.433402755032745 1.0028831234101472
36.45634570387092 1.007788803931587
36.47928865270911 1.0095359993893203
36.50223160154729 1.0261320021622493
36.52517455038547 1.0171479947933675
36.54811749922365 0.989672934144102
36.571060448061836 1.0222868838011592
36.594003396900014 0.9906417571592888
36.6169463457382 1.0093553765704386
36.63988929457638 1.0212876807541487
36.66283224341456 1.0042427278611101
36.68577519225274 1.0182546675293884
36.70871814109093 0.9978545687527552
36.731661089929105 1.0343121160231283
36.75460403876729 0.9980810988795501
36.77754698760547 1.0531878853193777
36.800489936443654 0.9899750201119731
36.82343288528183 1.0043113222829099
36.84637583412002 1.0197761793188052
36.869318782958196 0.9972149956687695
36.89226173179638 1.0153673680698352
36.91520468063456 1.03819531471135
36.938147629472745 1.0242452488807818
36.96109057831092 1.036654153984106
36.98403352714911 0.9873988175732791
37.00697647598729 1.0356973816133914
37.02991942482547 1.0280167993105687
37.05286237366365 1.0097682550321598
37.075805322501836 1.0297029770051997
37.098748271340014 1.0288138521363968
37.1216912201782 0.9913248627450305
37.14463416901638 1.0105967051752178
37.16757711785456 1.0017023213610807
37.19052006669274 1.0398789509287851
37.21346301553093 1.0372636322699786
37.236405964369105 1.0166300701996993
37.25934891320729 1.0217569955237646
37.28229186204547 1.0224876077779732
37.305234810883654 0.9969429457629115
37.32817775972183 1.0030069881483832
37.35112070856002 1.0173354738941283
37.374063657398196 1.0187702136238685
37.39700660623638 1.0224080447170314
37.41994955507456 1.0124949820263918
37.442892503912745 1.0202901558172368
37.46583545275092 1.0234322728210559
37.48877840158911 1.0122679496288203
37.51172135042729 0.9983970302453997
37.53466429926547 1.0200042841748942
37.55760724810365 1.023252289346216
