k*sigma_0 S(k)

0.0229429488381818 0.38681628785433475
0.0458858976763637 0.3696337076016793
0.0688288465145455 0.2910530363936334
0.0917717953527273 0.17913999596253152
0.1147147441909091 0.17913542734079047
0.137657693029091 0.20770733135945207
0.1606006418672728 0.20299067441216176
0.1835435907054546 0.19512033107012858
0.2064865395436364 0.17047051784411013
0.2294294883818183 0.18954469954058198
0.2523724372200001 0.16416961006210853
0.275315386058182 0.19421499805246362
0.2982583348963638 0.20307512181652032
0.3212012837345456 0.18754441828560975
0.3441442325727274 0.18765348116154293
0.3670871814109092 0.2137164380125853
0.3900301302490911 0.235510768634464
0.4129730790872729 0.2361410101216538
0.4359160279254547 0.23224364819049187
0.4588589767636365 0.2583992322168614
0.4818019256018184 0.20758868221288942
0.5047448744400002 0.2322226996064973
0.527687823278182 0.22263118388049113
0.5506307721163639 0.2056883581943533
0.5735737209545457 0.1840729595106913
0.5965166697927275 0.21124056048889034
0.6194596186309094 0.23304547172539453
0.6424025674690912 0.2048565073747882
0.665345516307273 0.26631003783602464
0.6882884651454548 0.2553678740887232
0.7112314139836367 0.22947040357978046
0.7341743628218185 0.23310641572619395
0.7571173116600003 0.2915572093770321
0.7800602604981821 0.2228201546250685
0.8030032093363639 0.2069949622686254
0.8259461581745458 0.25431035791495205
0.8488891070127276 0.2310391922312921
0.8718320558509094 0.22409670337866347
0.8947750046890912 0.2644103656381529
0.917717953527273 0.23920802349909415
0.940660902365455 0.26348905638495135
0.9636038512036368 0.25587471264635403
0.9865468000418186 0.24068543640201284
1.0094897488800003 0.24145093852362973
1.0324326977181821 0.22621067347442667
1.055375646556364 0.2655331104620744
1.0783185953945458 0.24791300687535678
1.1012615442327278 0.3068336351466351
1.1242044930709096 0.2543500375754153
1.1471474419090915 0.23236552310827868
1.1700903907472733 0.31308313568139934
1.193033339585455 0.26686859337435137
1.215976288423637 0.3004838263810996
1.2389192372618187 0.2649455286255354
1.2618621861000006 0.2771447591764541
1.2848051349381824 0.27747273772099496
1.3077480837763642 0.30859434950794634
1.330691032614546 0.28786819220659593
1.3536339814527278 0.28868019179539944
1.3765769302909097 0.2759712091681807
1.3995198791290915 0.2783356884594871
1.4224628279672733 0.2833158629078327
1.4454057768054551 0.26807935962948803
1.468348725643637 0.29554466675395036
1.4912916744818188 0.2813541345092345
1.5142346233200006 0.31855349138019007
1.5371775721581824 0.3106056397929015
1.5601205209963642 0.2729604808361309
1.583063469834546 0.2990282374888474
1.6060064186727279 0.2824117994312378
1.6289493675109097 0.2934390910842975
1.6518923163490915 0.2922068215033809
1.6748352651872733 0.31952294964996536
1.6977782140254551 0.287481491205101
1.720721162863637 0.30834160962354984
1.7436641117018188 0.331354013064035
1.7666070605400006 0.2919248541263881
1.7895500093781824 0.3442777398775483
1.8124929582163642 0.2977503513053371
1.835435907054546 0.3229719061826017
1.858378855892728 0.3397553088781849
1.88132180473091 0.3022040342918966
1.9042647535690918 0.32413580014369714
1.9272077024072736 0.3630590837231068
1.9501506512454554 0.3517850143787499
1.9730936000836372 0.31132947222933344
1.996036548921819 0.3634093827992538
2.0189794977600006 0.2971476221211697
2.0419224465981825 0.3236084892167099
2.0648653954363643 0.3496490915926424
2.087808344274546 0.34729016073717434
2.110751293112728 0.3483608869129706
2.1336942419509097 0.3409620257197204
2.1566371907890916 0.3497308918041888
2.1795801396272734 0.3420499441116412
2.2025230884654556 0.3594737232339508
2.2254660373036375 0.3797566090438665
2.2484089861418193 0.33265579897855035
2.271351934980001 0.3638478915665791
2.294294883818183 0.40003972796296766
2.3172378326563647 0.36644907843896457
2.3401807814945466 0.390720687727759
2.3631237303327284 0.3645400253022907
2.38606667917091 0.38006478023969104
2.409009628009092 0.38650270038916634
2.431952576847274 0.41189190058242064
2.4548955256854557 0.4048930990324142
2.4778384745236375 0.38222317497582337
2.5007814233618193 0.41759056773679687
2.523724372200001 0.3863735846506082
2.546667321038183 0.414211633942611
2.5696102698763648 0.44867237428548623
2.5925532187145466 0.46859956244271284
2.6154961675527284 0.4749292350472662
2.63843911639091 0.4461991101460458
2.661382065229092 0.40404826640613484
2.684325014067274 0.44537586493864756
2.7072679629054557 0.4712920754187064
2.7302109117436375 0.4481299774991951
2.7531538605818193 0.4670116010973643
2.776096809420001 0.43311521405890036
2.799039758258183 0.4646067750228845
2.821982707096365 0.4308413050130417
2.8449256559345466 0.4744474562600814
2.8678686047727284 0.5065365765410038
2.8908115536109102 0.4915532694896657
2.913754502449092 0.5181860402677776
2.936697451287274 0.5075300198928786
2.9596404001254557 0.504675633494947
2.9825833489636375 0.48299752633175114
3.0055262978018193 0.48292037816672573
3.028469246640001 0.4850994871335498
3.051412195478183 0.5008362277047322
3.074355144316365 0.5254489580649835
3.0972980931545466 0.5672095515010531
3.1202410419927284 0.5209801853095682
3.1431839908309103 0.5399491276779239
3.166126939669092 0.557151519680304
3.189069888507274 0.5930323048480751
3.2120128373454557 0.5880019923690498
3.2349557861836375 0.5419288262261094
3.2578987350218194 0.5685859985120191
3.280841683860001 0.5996793271978171
3.303784632698183 0.6183246222374457
3.326727581536365 0.5915105796014987
3.3496705303745467 0.5602741830448467
3.3726134792127285 0.6049519515985267
3.3955564280509103 0.5923618689681873
3.418499376889092 0.6377776988485765
3.441442325727274 0.6707207329322847
3.4643852745654558 0.6384114389051998
3.4873282234036376 0.6483418411661426
3.5102711722418194 0.6437188474213914
3.533214121080001 0.7140498197956108
3.556157069918183 0.6899699779060351
3.579100018756365 0.7051300269797462
3.6020429675945467 0.7229485643031712
3.6249859164327285 0.7494182085582589
3.6479288652709103 0.7257518357595141
3.670871814109092 0.7043929600473657
3.6938147629472744 0.7471011352631457
3.716757711785456 0.7432610881016498
3.739700660623638 0.8241118569269819
3.76264360946182 0.8144817903161421
3.7855865583000017 0.788516778647847
3.8085295071381835 0.7553073121072222
3.8314724559763653 0.8163027030031064
3.854415404814547 0.7707631457006415
3.877358353652729 0.880370738186644
3.900301302490911 0.8109748435650026
3.9232442513290926 0.801480929179458
3.9461872001672744 0.7794707807207827
3.9691301490054562 0.935857443564703
3.992073097843638 0.8227779971899524
4.015016046681819 0.8693823570840089
4.037958995520001 0.8122977060974306
4.060901944358183 0.9148536140517185
4.083844893196365 0.9175369170776495
4.106787842034547 0.9686604780256867
4.1297307908727285 0.8580276746657738
4.15267373971091 0.8626184125681347
4.175616688549092 0.9495801200886221
4.198559637387274 0.9530926401949901
4.221502586225456 0.919790102500165
4.244445535063638 0.9900016778136
4.2673884839018195 0.9427416493343911
4.290331432740001 0.9427528502195517
4.313274381578183 1.0477555143279786
4.336217330416365 0.9641648043864511
4.359160279254547 1.0284701802380123
4.382103228092729 0.9782713246048867
4.405046176930911 1.059881848994835
4.427989125769093 1.0133274592349963
4.450932074607275 1.1099256163794873
4.473875023445457 1.1965000943406552
4.4968179722836386 1.1381413080877467
4.51976092112182 1.0851080218363445
4.542703869960002 1.0605131014861933
4.565646818798184 1.039366821275619
4.588589767636366 1.0728004337620993
4.611532716474548 1.1616351083427299
4.6344756653127295 1.1395825131601107
4.657418614150911 1.1995825861692877
4.680361562989093 1.2132074013901861
4.703304511827275 1.155909598205142
4.726247460665457 1.1177258751639605
4.749190409503639 1.2543629473354978
4.77213335834182 1.2191266528322828
4.795076307180002 1.1942179718626003
4.818019256018184 1.1462341249332033
4.840962204856366 1.1702636165348659
4.863905153694548 1.1627003591141216
4.8868481025327295 1.2143029023082426
4.909791051370911 1.2819786513801854
4.932734000209093 1.16592653352306
4.955676949047275 1.3038080404521157
4.978619897885457 1.3673231034493731
5.001562846723639 1.3097403831475045
5.02450579556182 1.234955963943428
5.047448744400002 1.2192042161629264
5.070391693238184 1.2657802305093016
5.093334642076366 1.3066134644457323
5.116277590914548 1.252191889221925
5.1392205397527295 1.2783722871222079
5.162163488590911 1.304428276671548
5.185106437429093 1.3702486043247972
5.208049386267275 1.2392391895232742
5.230992335105457 1.290382381894891
5.253935283943639 1.21781922244252
5.27687823278182 1.251255533369143
5.299821181620002 1.401511254216914
5.322764130458184 1.370443801183297
5.345707079296366 1.2963782425599364
5.368650028134548 1.3483123354579412
5.3915929769727295 1.2807065462257445
5.414535925810911 1.3162620645665855
5.437478874649093 1.334601341758819
5.460421823487275 1.3475811357557284
5.483364772325457 1.2945206442005956
5.506307721163639 1.3179904503159876
5.5292506700018205 1.3288027577107537
5.552193618840002 1.3004533016283033
5.575136567678184 1.2750188193090972
5.598079516516366 1.3865209678857637
5.621022465354548 1.393287319288775
5.64396541419273 1.351445958028582
5.666908363030911 1.310028358885765
5.689851311869093 1.3600988838758936
5.712794260707275 1.2755652494547713
5.735737209545457 1.2537829989605898
5.758680158383639 1.2234125699225329
5.7816231072218205 1.3546504948009024
5.804566056060002 1.2380028235272775
5.827509004898184 1.2398322966231097
5.850451953736366 1.349693754148792
5.873394902574548 1.3099972604594037
5.89633785141273 1.299758713676962
5.919280800250911 1.2393632042515499
5.942223749089093 1.2221095354193612
5.965166697927275 1.2360539973008347
5.988109646765457 1.2469741438877775
6.011052595603639 1.2229145562174106
6.0339955444418205 1.2318800575928197
6.056938493280002 1.2583171772201953
6.079881442118184 1.2338534075734038
6.102824390956366 1.2800573029454962
6.125767339794548 1.2292222225858709
6.14871028863273 1.2827337908596546
6.171653237470911 1.1699162510130354
6.194596186309093 1.2127587064748098
6.217539135147275 1.1679912601515665
6.240482083985457 1.1675320641956974
6.263425032823639 1.1987858393905577
6.2863679816618205 1.170907454644288
6.309310930500002 1.1839104714836333
6.332253879338184 1.1885225124366086
6.355196828176366 1.1474461251911514
6.378139777014548 1.1426140098862303
6.40108272585273 1.1293788771494728
6.4240256746909115 1.1435653711026612
6.446968623529093 1.1703610724175444
6.469911572367275 1.2157696854261877
6.492854521205457 1.1303712231942622
6.515797470043639 1.1143436385448307
6.538740418881821 1.097184026428132
6.561683367720002 1.0948910583050278
6.584626316558184 1.0951993175825119
6.607569265396366 1.130479922661649
6.630512214234548 1.036676973846684
6.65345516307273 1.0792943746538535
6.6763981119109115 1.1153384729135343
6.699341060749093 1.088115584609114
6.722284009587275 1.1012104089842096
6.745226958425457 1.0814924562967674
6.768169907263639 1.0699565826641637
6.791112856101821 1.0270689845732621
6.814055804940002 0.985751525182575
6.836998753778184 1.0722949579353531
6.859941702616366 1.0091082566226324
6.882884651454548 1.069405041120569
6.90582760029273 0.9919614472046447
6.9287705491309115 1.0438759884397464
6.951713497969093 1.0107871310684926
6.974656446807275 0.9368944120110395
6.997599395645457 1.0020400111223091
7.020542344483639 1.026205367978912
7.043485293321821 1.0005265292126928
7.066428242160002 0.9678339367733513
7.089371190998184 1.0292968853121862
7.112314139836366 1.0325726910576025
7.135257088674548 0.9307317970559684
7.15820003751273 1.0273899343027784
7.1811429863509115 1.0321917211327134
7.204085935189093 0.9505422042114652
7.227028884027275 0.9841304813589133
7.249971832865457 1.0330011267495705
7.272914781703639 0.9672918930197083
7.295857730541821 0.9758802457149243
7.3188006793800024 0.9575806516765778
7.341743628218184 0.921051154178211
7.364686577056367 0.9675241190376337
7.387629525894549 0.9413132590481317
7.410572474732731 0.9173435929723616
7.433515423570912 0.9462930398801368
7.456458372409094 0.9217011072705007
7.479401321247276 0.9336566966044269
7.502344270085458 0.9555154588166676
7.52528721892364 0.9177400584341489
7.5482301677618215 0.9723876680494449
7.571173116600003 0.8955748300628997
7.594116065438185 0.9526128725495681
7.617059014276367 0.9239445417531745
7.640001963114549 0.8688084061221855
7.662944911952731 0.9039968219369111
7.6858878607909125 0.8979503708434521
7.708830809629094 0.8832813165695184
7.731773758467276 0.914123101039708
7.754716707305458 0.8935772542216137
7.77765965614364 0.9008245409380278
7.800602604981822 0.8912973183247302
7.823545553820003 0.8848746405949407
7.846488502658185 0.866157744118356
7.869431451496367 0.8601152497541008
7.892374400334549 0.8908624972545243
7.915317349172731 0.8631227449646158
7.9382602980109125 0.8739908195666611
7.961203246849094 0.8678476033553546
7.984146195687276 0.898534626602836
8.007089144525457 0.8562326316730587
8.030032093363639 0.8510230413626094
8.05297504220182 0.8478739366452298
8.075917991040003 0.9188986870500218
8.098860939878184 0.8782993819438994
8.121803888716366 0.8747642148898315
8.144746837554548 0.9002271012007396
8.16768978639273 0.868777951230514
8.190632735230912 0.8737058681809086
8.213575684069093 0.850263822130774
8.236518632907275 0.8479479998395473
8.259461581745457 0.8982240694748019
8.282404530583639 0.898541250362794
8.30534747942182 0.8788394808236903
8.328290428260003 0.8981335673533541
8.351233377098184 0.8946977528844854
8.374176325936366 0.866013950297889
8.397119274774548 0.8665747312605606
8.42006222361273 0.8965095476239162
8.443005172450912 0.8738372895480476
8.465948121289093 0.8880379487982957
8.488891070127275 0.8805320737016268
8.511834018965457 0.8329621732135459
8.534776967803639 0.8975708112412999
8.55771991664182 0.870738005375002
8.580662865480003 0.8739304572960807
8.603605814318184 0.8512519556844578
8.626548763156366 0.8770650509527746
8.649491711994548 0.8536501545279664
8.67243466083273 0.8717055906804397
8.695377609670912 0.8792164035741286
8.718320558509093 0.8784084878361725
8.741263507347275 0.9269503968292654
8.764206456185457 0.9073935658990028
8.787149405023639 0.8939217280873195
8.810092353861823 0.8612318635973181
8.833035302700004 0.8607426657237729
8.855978251538186 0.8686281476650061
8.878921200376368 0.8807618825090134
8.90186414921455 0.9118073956454288
8.924807098052732 0.8958187552920862
8.947750046890913 0.8240535839543659
8.970692995729095 0.8806553601067539
8.993635944567277 0.9187112750121202
9.016578893405459 0.9210938263438521
9.03952184224364 0.8772791070224945
9.062464791081823 0.936139362712933
9.085407739920004 0.8547725037169387
9.108350688758186 0.8723260505657923
9.131293637596368 0.8396396220589293
9.15423658643455 0.8786702909676267
9.177179535272732 0.9182380613542711
9.200122484110913 0.8734116656786629
9.223065432949095 0.8637486027184441
9.246008381787277 0.8741080173820732
9.268951330625459 0.9374778614489309
9.29189427946364 0.9124538977740644
9.314837228301823 0.8655208906709412
9.337780177140004 0.8716428397830154
9.360723125978186 0.8822342313864424
9.383666074816368 0.9139182081915339
9.40660902365455 0.9115179840451887
9.429551972492732 0.8949691487571406
9.452494921330914 0.9123838120162343
9.475437870169095 0.9281367893900148
9.498380819007277 0.9050231360886625
9.521323767845459 0.952038310779499
9.54426671668364 0.8596485518343094
9.567209665521823 0.9206887305138284
9.590152614360004 0.9066599933124553
9.613095563198186 0.9073041703879942
9.636038512036368 0.9813750276661924
9.65898146087455 0.8869124606030298
9.681924409712732 0.9358646238211265
9.704867358550914 0.9611789522677758
9.727810307389095 0.9018130804463952
9.750753256227277 0.9406791284324028
9.773696205065459 0.967544658514987
9.79663915390364 0.9893890359011555
9.819582102741823 0.9605175860656592
9.842525051580004 0.9851422206306734
9.865468000418186 0.9269692775879242
9.888410949256368 0.9210260249031386
9.91135389809455 0.9628273689818653
9.934296846932732 0.9800608081560744
9.957239795770914 0.9811906532190232
9.980182744609095 0.9395341832656618
10.003125693447277 0.9478567437555723
10.026068642285459 0.9718403420328187
10.04901159112364 0.9232052457109394
10.071954539961823 0.9755951807094719
10.094897488800004 0.9716601476904987
10.117840437638186 1.0112984466296822
10.140783386476368 0.9879842149077565
10.16372633531455 0.9925023746277298
10.186669284152732 0.9365026964151401
10.209612232990914 1.004719632829015
10.232555181829095 1.0034700165358261
10.255498130667277 1.0228638105347967
10.278441079505459 0.969694050927922
10.30138402834364 0.9712087958391687
10.324326977181823 1.0068010961420735
10.347269926020005 1.004576890924698
10.370212874858186 0.9897009634238573
10.393155823696368 1.0069128997636767
10.41609877253455 0.9582524418092612
10.439041721372732 1.037748403398688
10.461984670210914 1.0479357340792905
10.484927619049095 0.986984908121262
10.507870567887277 0.9652506531073761
10.530813516725459 1.0257095037851218
10.55375646556364 1.034404077076476
10.576699414401823 1.0163942702464133
10.599642363240005 1.0185793300753554
10.622585312078186 1.0345250363384735
10.645528260916368 1.0310729319934577
10.66847120975455 1.09641861120802
10.691414158592732 1.0720537077711068
10.714357107430914 1.025848547122398
10.737300056269095 1.0135773344973833
10.760243005107277 1.0292948245319105
10.783185953945459 1.0599969907852271
10.806128902783641 1.0158111064864481
10.829071851621823 1.0757553091370216
10.852014800460005 1.059833834546802
10.874957749298186 1.0545234159347154
10.897900698136368 1.0566309232721467
10.92084364697455 1.0412966853365833
10.943786595812732 1.0557868045369967
10.966729544650914 1.0867780131900606
10.989672493489095 1.0917140128001943
11.012615442327277 1.0629676377856019
11.03555839116546 1.1016368122275257
11.058501340003641 1.0796888505054472
11.081444288841823 1.0434339980949652
11.104387237680005 1.068079449061025
11.127330186518186 1.0622635732470789
11.150273135356368 1.0658986644774264
11.17321608419455 1.0760446789770277
11.196159033032732 1.066420401363056
11.219101981870914 1.081696911746363
11.242044930709095 1.0595710044020514
11.264987879547277 1.0603529367415827
11.28793082838546 1.109641393979171
11.310873777223641 1.0952284433409112
11.333816726061823 1.0968191350424512
11.356759674900005 1.0797308015504714
11.379702623738186 1.0402358172236188
11.402645572576368 1.0914492717111082
11.42558852141455 1.0725599380604562
11.448531470252732 1.0666343229025665
11.471474419090914 1.046582910396808
11.494417367929096 1.0638636813622124
11.517360316767277 1.112010543500172
11.54030326560546 1.078004133845969
11.563246214443641 1.0716379696032317
11.586189163281823 1.07864179326541
11.609132112120005 1.0717709252911884
11.632075060958186 1.0880217682160815
11.655018009796368 1.1246035002335772
11.67796095863455 1.1102871999126878
11.700903907472732 1.0898619639246458
11.723846856310914 1.1545901123825617
11.746789805149096 1.096979541879941
11.769732753987277 1.0816229907592798
11.79267570282546 1.1149740355961801
11.815618651663641 1.0772456674497244
11.838561600501823 1.0613444675287431
11.861504549340005 1.1194380397464154
11.884447498178186 1.0816733835074201
11.907390447016368 1.0827780467815453
11.93033339585455 1.0797475992475003
11.953276344692732 1.0322263134889542
11.976219293530914 1.1174431389475263
11.999162242369096 1.098541096482877
12.022105191207277 1.0859173574354124
12.04504814004546 1.1130375788563605
12.067991088883641 1.1281987075342383
12.090934037721823 1.0796188281152015
12.113876986560005 1.0444558367859436
12.136819935398186 1.0983027580015012
12.159762884236368 1.0820060947662344
12.18270583307455 1.0660412713988938
12.205648781912732 1.0494666664385537
12.228591730750914 1.1064656827017447
12.251534679589096 1.1109535831305908
12.274477628427277 1.1012350306930285
12.29742057726546 1.0690444225936575
12.320363526103641 1.0338104607670298
12.343306474941823 1.0764755700670225
12.366249423780005 1.0698349610091684
12.389192372618187 1.0583800680623645
12.412135321456368 1.0539185023145388
12.43507827029455 1.0894673506061265
12.458021219132732 1.1040186413473962
12.480964167970914 1.1030783400000963
12.503907116809096 1.055655262607952
12.526850065647277 1.0783051650960005
12.54979301448546 1.05061493012996
12.572735963323641 1.0548166541514608
12.595678912161823 1.0985381588321879
12.618621861000005 1.077391633422674
12.641564809838187 1.0628977634000374
12.664507758676368 1.090465686278688
12.68745070751455 0.9927014577336178
12.710393656352732 1.0401530134353392
12.733336605190914 1.0567493144039959
12.756279554029096 0.9999343180505093
12.779222502867277 1.0790660856404115
12.80216545170546 1.0856206086078535
12.825108400543641 1.0741225815335342
12.848051349381823 1.0458919408703016
12.870994298220005 1.050637034910988
12.893937247058187 1.0285295526123666
12.916880195896368 1.0366807220620895
12.93982314473455 1.0022616914478726
12.962766093572732 1.0140153900211026
12.985709042410914 1.0195767798987994
13.008651991249096 1.0255586935100778
13.031594940087277 1.0685319619859102
13.05453788892546 1.0122458420343095
13.077480837763641 0.9920183573032902
13.100423786601823 1.030731191711051
13.123366735440005 1.0198965107173952
13.146309684278187 1.0036001265311048
13.169252633116368 1.0185119013143615
13.19219558195455 1.0363771636398185
13.215138530792732 1.004518351773469
13.238081479630914 1.030350585347882
13.261024428469096 0.9948889722932833
13.283967377307278 1.0066421414381659
13.30691032614546 1.0259124868552705
13.329853274983641 0.9617117537889924
13.352796223821823 0.9756869641512186
13.375739172660005 0.9897884080281357
13.398682121498187 0.9866503713759872
13.421625070336368 0.976136163361545
13.44456801917455 1.0167615850541571
13.467510968012732 0.9686259556305918
13.490453916850914 0.9579330768322565
13.513396865689096 0.990096681348388
13.536339814527278 0.9673116929143719
13.55928276336546 0.9428284967728033
13.582225712203641 1.0112729200143038
13.605168661041823 1.0290933612180035
13.628111609880005 0.9806771731497455
13.651054558718187 0.9938731696054677
13.673997507556368 0.9710514119912463
13.69694045639455 0.9783402571947462
13.719883405232732 0.9593305916543576
13.742826354070914 0.944605190488748
13.765769302909096 0.9802221208029396
13.788712251747278 0.9591271794902002
13.81165520058546 0.9626764712266324
13.834598149423641 0.9651899444484047
13.857541098261823 0.9514043027745853
13.880484047100005 0.9735989980628398
13.903426995938187 0.9196958815595145
13.926369944776368 0.9401911504509898
13.94931289361455 0.9881691232959692
13.972255842452732 0.9644167924727666
13.995198791290914 0.9565468833078249
14.018141740129096 0.979383419531501
14.041084688967278 0.9638470212137655
14.06402763780546 0.9631006223085468
14.086970586643641 0.9703662858419563
14.109913535481823 0.9497104617014646
14.132856484320005 0.9612264889651488
14.155799433158187 0.9672743760838445
14.178742381996368 0.9348039947143735
14.20168533083455 0.968174487481728
14.224628279672732 0.9506738254655754
14.247571228510914 0.9651822071246731
14.270514177349096 0.964216531426983
14.293457126187278 0.9114243945048089
14.31640007502546 0.9477365817136387
14.339343023863641 0.9529379741114251
14.362285972701823 0.9398100646501574
14.385228921540005 0.9585597680857404
14.408171870378187 0.97526304431794
14.431114819216369 0.960830147351643
14.45405776805455 0.9496793783735011
14.477000716892732 0.9718343816795207
14.499943665730914 0.9579022135978752
14.522886614569096 0.9259680241535015
14.545829563407278 0.9581547031111953
14.56877251224546 0.9005337079235662
14.591715461083641 0.9639369413364277
14.614658409921823 0.9430160744496487
14.637601358760005 0.9098111591732707
14.660544307598187 0.8931446961759762
14.683487256436369 0.9612380198842001
14.706430205274552 0.938323767855192
14.729373154112734 0.9565114045000476
14.752316102950916 0.9410392086658862
14.775259051789098 0.9472509207584808
14.79820200062728 0.9487542419227525
14.821144949465461 0.9633519136134416
14.844087898303643 0.9245998839357936
14.867030847141825 0.9492539693463261
14.889973795980007 0.9822824037549868
14.912916744818189 0.9393391550543799
14.93585969365637 0.9194500152369872
14.958802642494552 0.9471971301877157
14.981745591332734 0.9553027174791363
15.004688540170916 0.923059389583309
15.027631489009098 0.9112700119888683
15.05057443784728 0.9376379598758969
15.073517386685461 0.9629415978646519
15.096460335523643 0.9631911099968976
15.119403284361825 0.9065212984711845
15.142346233200007 0.9461020445406695
15.165289182038189 0.9352509038688394
15.18823213087637 0.9805643685975223
15.211175079714552 0.9562053613908331
15.234118028552734 0.9555094904172095
15.257060977390916 0.931520277859688
15.280003926229098 0.9444210027570691
15.30294687506728 0.9403106198396891
15.325889823905461 1.0036791968755578
15.348832772743643 0.9497563349462783
15.371775721581825 0.9752438041409026
15.394718670420007 0.9511868033477047
15.417661619258189 0.9557963177399674
15.44060456809637 0.9574031653074528
15.463547516934552 0.9964182328862247
15.486490465772734 0.9757629797978467
15.509433414610916 0.9448183336740025
15.532376363449098 0.9709524706205513
15.55531931228728 0.9259405056768706
15.578262261125461 0.944002695562736
15.601205209963643 0.9493486714501954
15.624148158801825 0.9369514462190893
15.647091107640007 0.9965517102989164
15.670034056478189 0.9243854929441768
15.69297700531637 0.9472207207186343
15.715919954154552 0.9643000278711883
15.738862902992734 0.9633263646249589
15.761805851830916 0.9651030246787305
15.784748800669098 0.9758383060970933
15.80769174950728 0.9268609814517625
15.830634698345461 0.9438393252270131
15.853577647183643 0.9419783442288213
15.876520596021825 0.9348425260491043
15.899463544860007 0.9578859699932263
15.922406493698189 0.9975205799774993
15.94534944253637 0.9631272873739978
15.968292391374552 0.9499622965409121
15.991235340212734 0.9827797091311123
16.014178289050914 0.9984876531614792
16.037121237889096 0.9876905626251943
16.060064186727278 0.9739095400791178
16.08300713556546 0.9986434580092958
16.10595008440364 1.0150199812681981
16.128893033241823 0.9604163058175004
16.151835982080005 1.0101301685413657
16.174778930918187 0.9954861418053912
16.19772187975637 0.9461431429192629
16.22066482859455 0.987887539190683
16.243607777432732 0.9589806950620646
16.266550726270914 1.0197029416779184
16.289493675109096 0.9631957373145734
16.312436623947278 0.9797904012100819
16.33537957278546 0.9545783065623499
16.35832252162364 0.965655148851909
16.381265470461823 0.9802208492544036
16.404208419300005 0.9784299797435666
16.427151368138187 1.0202618286762655
16.45009431697637 0.9830593234728137
16.47303726581455 1.0021683764091316
16.495980214652732 1.0005102846234084
16.518923163490914 0.9891856210564044
16.541866112329096 0.9548003870144925
16.564809061167278 1.0008377034053022
16.58775201000546 0.9916606593502841
16.61069495884364 0.9700511932062715
16.633637907681823 0.9851938038467541
16.656580856520005 1.02671556350922
16.679523805358187 0.9848807513086406
16.70246675419637 1.0106184492989292
16.72540970303455 0.9891771688607394
16.748352651872732 1.0418159852049758
16.771295600710914 1.037453206449494
16.794238549549096 0.9802362480266797
16.817181498387278 0.97904902057409
16.84012444722546 1.0213360949985988
16.86306739606364 1.0154478181487325
16.886010344901823 0.9852767876448483
16.908953293740005 1.015135767985039
16.931896242578187 0.9777612884759815
16.95483919141637 1.0067470058207362
16.97778214025455 1.0098382807986903
17.000725089092732 0.9960952261748993
17.023668037930914 1.0225263668062936
17.046610986769096 1.0186584799365668
17.069553935607278 1.0054178766016861
17.09249688444546 0.9996535822782917
17.11543983328364 1.0167533051026525
17.138382782121823 1.0232153393469718
17.161325730960005 1.0340036427759391
17.184268679798187 1.0446068188110822
17.20721162863637 1.009841752502635
17.23015457747455 1.0372188485203677
17.253097526312732 1.004395306326181
17.276040475150914 1.0639087796046365
17.298983423989096 1.0285053907331012
17.321926372827278 1.0172457145953295
17.34486932166546 1.0500172973018909
17.36781227050364 1.079286066859585
17.390755219341823 1.0206169060127666
17.413698168180005 1.0398801674862106
17.436641117018187 1.0656063229588602
17.45958406585637 1.0530850314261324
17.48252701469455 1.0240981731535796
17.505469963532732 1.0351557007264396
17.528412912370914 1.0630391111389728
17.551355861209096 1.0046806963239598
17.574298810047278 1.0626710639801396
17.59724175888546 1.0422695444350554
17.620184707723645 1.0705278036612678
17.643127656561827 1.0578353677052432
17.66607060540001 1.041760232173604
17.68901355423819 1.0494421530152471
17.711956503076372 1.0378566104033957
17.734899451914554 1.0380709977161546
17.757842400752736 1.0287415339731485
17.780785349590918 1.037623719797705
17.8037282984291 1.05330697894683
17.82667124726728 1.0496521027845838
17.849614196105463 1.045971772345275
17.872557144943645 1.0142273395751755
17.895500093781827 1.0464589398737603
17.91844304262001 1.0323216959513666
17.94138599145819 1.0496208685812272
17.964328940296372 1.0305536706858565
17.987271889134554 1.0524156095773134
18.010214837972736 1.0654719740096992
18.033157786810918 1.0671507399042501
18.0561007356491 1.0391030314214613
18.07904368448728 1.0319850167010345
18.101986633325463 1.0700417801944397
18.124929582163645 1.059345752571086
18.147872531001827 1.0361843559293162
18.17081547984001 1.0684731061505421
18.19375842867819 1.0723900837858105
18.216701377516372 1.0414567401327033
18.239644326354554 1.0681374227988063
18.262587275192736 1.0176762363846197
18.285530224030918 1.022176324384624
18.3084731728691 1.082147488784201
18.33141612170728 1.0692063409646604
18.354359070545463 1.0386813284104852
18.377302019383645 1.0578589500048081
18.400244968221827 1.0750989399923103
18.42318791706001 1.047675801811919
18.44613086589819 1.0522392000370433
18.469073814736372 1.0721036630566894
18.492016763574554 1.0481837621791157
18.514959712412736 1.0554322717934321
18.537902661250918 1.0799258547980584
18.5608456100891 1.0486283228433462
18.58378855892728 1.012462355184041
18.606731507765463 1.033776597136641
18.629674456603645 1.0638037985007391
18.652617405441827 1.0002786485339317
18.67556035428001 1.052308496789062
18.69850330311819 1.0672159488028012
18.721446251956372 1.036349546757852
18.744389200794554 1.0491099971104754
18.767332149632736 1.0271124205132627
18.790275098470918 1.0675445052923878
18.8132180473091 1.0393489583723101
18.83616099614728 1.008552228672144
18.859103944985463 1.0226971700164966
18.882046893823645 1.0120325722461092
18.904989842661827 1.0452174050202203
18.92793279150001 1.0236586043682538
18.95087574033819 1.0185093698065406
18.973818689176372 0.9964041135754674
18.996761638014554 1.043727300687129
19.019704586852736 1.03860764414339
19.042647535690918 1.0599901823494577
19.0655904845291 1.047752694702691
19.08853343336728 1.032087705554497
19.111476382205463 1.0118024752776222
19.134419331043645 1.000484771678014
19.157362279881827 0.999201119601289
19.18030522872001 0.9792669867855439
19.20324817755819 1.0219366796717577
19.226191126396373 0.9975677406205132
19.249134075234554 1.0225040457015704
19.272077024072736 1.0478092782600708
19.295019972910918 1.0539131789430878
19.3179629217491 0.9948891538286204
19.34090587058728 1.0015941150868268
19.363848819425463 1.0147639379996436
19.386791768263645 1.0137498808625094
19.409734717101827 1.022594957317495
19.43267766594001 0.9999861470258626
19.45562061477819 1.0182629460620352
19.478563563616373 1.005212448059918
19.501506512454554 0.9997283496471336
19.524449461292736 0.9945376405441964
19.547392410130918 1.0247991298179453
19.5703353589691 0.9680084949826621
19.59327830780728 0.9958908509457158
19.616221256645463 0.987627202951237
19.639164205483645 0.9977552041880435
19.662107154321827 0.9977116940314906
19.68505010316001 1.011060384017717
19.70799305199819 1.01581590603646
19.730936000836373 1.0187137604674616
19.753878949674554 0.9914420477979718
19.776821898512736 1.0168014988135823
19.799764847350918 0.993053581647687
19.8227077961891 0.9835593834197365
19.84565074502728 0.9995074975324965
19.868593693865463 1.0089040965198957
19.891536642703645 0.964269648316755
19.914479591541827 0.9748684419262184
19.93742254038001 0.9890535444998055
19.96036548921819 1.0218026004888932
19.983308438056373 0.9948058638593134
20.006251386894554 0.9583506483197243
20.029194335732736 0.9894960953159779
20.052137284570918 1.0001064145689103
20.0750802334091 0.9520163351408014
20.09802318224728 0.9778717086767424
20.120966131085464 0.9635940807699945
20.143909079923645 0.9751967334979386
20.166852028761827 0.9859439965724028
20.18979497760001 0.9810462831858859
20.21273792643819 0.9951919742486034
20.235680875276373 0.980136782255558
20.258623824114554 0.9696894733161883
20.281566772952736 0.9638575177982629
20.304509721790918 0.9723090540415563
20.3274526706291 0.9618115467550915
20.35039561946728 0.969160012733256
20.373338568305464 0.9951287668378236
20.396281517143645 0.9830841282288729
20.419224465981827 0.987288387544351
20.44216741482001 0.9496299644576359
20.46511036365819 0.9651032429245779
20.488053312496373 0.9636641376571093
20.510996261334554 0.9467408383561838
20.533939210172736 0.9628780160200894
20.556882159010918 0.970202299775844
20.5798251078491 0.9759374735826947
20.60276805668728 0.9907417608098633
20.625711005525464 0.9635881773433003
20.648653954363645 1.0047059767194044
20.671596903201827 0.9919274141712062
20.69453985204001 0.9975463767736856
20.71748280087819 0.9368991441203295
20.740425749716373 0.9997926424340635
20.763368698554554 0.9763705461977716
20.786311647392736 0.983477861413177
20.809254596230918 0.9438480863754877
20.8321975450691 0.9581405514453386
20.85514049390728 0.972471314310421
20.878083442745464 0.9450990192183164
20.901026391583645 0.9883369252071116
20.923969340421827 0.9578955681050514
20.94691228926001 0.9818582633190147
20.96985523809819 0.9460107153125186
20.992798186936373 0.959545446126652
21.015741135774554 0.9940619868579611
21.038684084612736 0.9805243878928135
21.061627033450918 0.9545280200364125
21.0845699822891 0.9571904688817375
21.10751293112728 0.9743345191404447
21.130455879965464 0.9706122539651888
21.153398828803645 0.9636064102845645
21.176341777641827 0.9671505827710506
21.19928472648001 0.9549722225987646
21.22222767531819 0.9536914393486713
21.245170624156373 0.9813817033174765
21.268113572994555 0.9305874233044198
21.291056521832736 0.9307583560787723
21.313999470670918 0.9436260851619426
21.3369424195091 0.9581455534464415
21.359885368347282 0.971902389216465
21.382828317185464 0.9391906110270349
21.405771266023645 0.9686720150638274
21.428714214861827 0.9697598059723288
21.45165716370001 0.9522387182890866
21.47460011253819 0.9756730619060813
21.497543061376373 0.9704983067570768
21.520486010214555 0.9338356771440584
21.543428959052736 0.9482443504063168
21.566371907890918 0.9600245104221704
21.5893148567291 0.987644776398193
21.612257805567282 0.9815283427592462
21.635200754405464 0.9863644966385353
21.658143703243645 0.9860546421317227
21.681086652081827 0.9604152886435057
21.70402960092001 0.9584692503785622
21.72697254975819 0.9548316483910438
21.749915498596373 0.9472426291526217
21.772858447434555 0.9875648992906407
21.795801396272736 0.9572493965413458
21.818744345110918 0.979170317870154
21.8416872939491 0.9797406064816258
21.864630242787282 0.9852989393459947
21.887573191625464 0.9675937882649808
21.910516140463645 0.9716167909852503
21.933459089301827 0.988713388461637
21.95640203814001 0.9741295639683752
21.97934498697819 0.9814494026642365
22.002287935816373 0.9536902460518973
22.025230884654555 0.9640659840199218
22.048173833492736 0.9680089433504925
22.07111678233092 0.9547752882293109
22.0940597311691 0.9582264737221137
22.117002680007282 0.9881167420100024
22.139945628845464 0.9777416098392132
22.162888577683646 0.9589525540714099
22.185831526521827 1.0025730676100348
22.20877447536001 0.9817712478669839
22.23171742419819 0.9656161303146494
22.254660373036373 1.0048853694409332
22.277603321874555 0.9604866620721045
22.300546270712736 0.9776875546366022
22.32348921955092 0.9788265964354698
22.3464321683891 1.0094591217452362
22.369375117227282 0.9674484826012819
22.392318066065464 0.9761738847563205
22.415261014903646 0.9778681836802148
22.438203963741827 1.007662737231037
22.46114691258001 0.9665007567232314
22.48408986141819 0.9780533166666255
22.507032810256373 1.0015414549951482
22.529975759094555 0.988325623283458
22.552918707932736 1.0034120753186122
22.57586165677092 0.9737962461541417
22.5988046056091 0.9928861175290338
22.621747554447282 0.969338112896256
22.644690503285464 0.9807945434705533
22.667633452123646 0.9847290982986414
22.690576400961827 0.9720715220622338
22.71351934980001 1.0080320201218234
22.73646229863819 0.9998917687660229
22.759405247476373 0.9820256234155677
22.782348196314555 1.0076109334462973
22.805291145152736 1.0009686516207457
22.82823409399092 1.0216723064932614
22.8511770428291 1.0358327460959442
22.874119991667282 0.9891309164495217
22.897062940505464 1.0305874631884777
22.920005889343646 1.0061418518229366
22.942948838181827 1.0010611587380411
22.96589178702001 0.9708599208097127
22.98883473585819 1.0150215792137156
23.011777684696373 1.0147386258127664
23.034720633534555 0.9824508943884042
23.057663582372736 0.9882573731882354
23.08060653121092 1.0073580407797347
23.1035494800491 0.9908055301444149
23.126492428887282 1.046176691474843
23.149435377725464 1.0358373403474312
23.172378326563646 1.0160439112034374
23.195321275401827 0.9783296090202728
23.21826422424001 1.014577947240088
23.24120717307819 1.028077844232104
23.264150121916373 1.0100111638019214
23.287093070754555 1.0053914724141055
23.310036019592737 1.0017586807888588
23.33297896843092 1.0104544795008248
23.3559219172691 1.016660516555851
23.378864866107282 0.9846661361150489
23.401807814945464 1.0388909541086082
23.424750763783646 1.023651217954266
23.447693712621827 1.0000341382129894
23.47063666146001 1.0475949583772752
23.49357961029819 1.0624078580672547
23.516522559136373 1.0379832678781713
23.539465507974555 1.0170210022948332
23.562408456812737 1.0332733559354736
23.58535140565092 1.0205887957006914
23.6082943544891 1.0557208763882835
23.631237303327282 1.041827977807542
23.654180252165464 1.0442138228428925
23.677123201003646 1.0329542296105738
23.700066149841827 1.0158285484911886
23.72300909868001 0.9820441257156489
23.74595204751819 1.0618609663309118
23.768894996356373 1.0577791810588035
23.791837945194555 1.0234585709093167
23.814780894032737 1.0070320716807117
23.83772384287092 1.0368923288596077
23.8606667917091 1.0236564448710377
23.883609740547282 1.0158946105556748
23.906552689385464 1.0352876012421066
23.929495638223646 1.0324176887618213
23.952438587061827 1.0192366007734397
23.97538153590001 1.0125287735689827
23.99832448473819 1.0222835313823202
24.021267433576373 1.0505629030855372
24.044210382414555 1.0362165815521798
24.067153331252737 1.0234662138444677
24.09009628009092 1.0276309421589216
24.1130392289291 1.0576322540163712
24.135982177767282 1.042324942690653
24.158925126605464 1.044265793537725
24.181868075443646 1.019162868171558
24.204811024281828 1.0262645456756465
24.22775397312001 0.9766659707688008
24.25069692195819 1.016861717023242
24.273639870796373 1.0128462049902691
24.296582819634555 1.0520797518321228
24.319525768472737 1.0127920557222028
24.34246871731092 1.0427110657710619
24.3654116661491 1.0598500200683776
24.388354614987282 1.0299615050452071
24.411297563825464 1.0066996370812347
24.434240512663646 1.0248894130856383
24.457183461501828 1.0152284849750504
24.48012641034001 1.0406138574362271
24.50306935917819 1.0322858582090357
24.526012308016373 1.0544375236053676
24.548955256854555 1.0306133568970637
24.571898205692737 1.0376503108102417
24.59484115453092 1.0043922975887916
24.6177841033691 1.0489296129966557
24.640727052207282 1.0331302056184979
24.663670001045464 1.0369367779514609
24.686612949883646 1.049713613006937
24.709555898721828 1.0521490285776727
24.73249884756001 1.0018811779822452
24.75544179639819 1.0430506091198057
24.778384745236373 1.0107130007169678
24.801327694074555 1.0487010836271997
24.824270642912737 1.0165195945879963
24.84721359175092 1.0569118448131771
24.8701565405891 0.9793335308335841
24.893099489427282 1.0258712163917976
24.916042438265464 1.0190999586881795
24.938985387103646 1.0295421265464624
24.961928335941828 1.0401171396021105
24.98487128478001 1.02975207751373
25.00781423361819 1.0115080314451736
25.030757182456373 1.0415573375272567
25.053700131294555 1.0266563333780174
25.076643080132737 1.0145090222252011
25.09958602897092 1.0200511426121455
25.1225289778091 0.9976485276360894
25.145471926647282 0.9953133231131258
25.168414875485464 1.0290023696786939
25.191357824323646 1.0211615156674192
25.214300773161828 1.0212805257266608
25.23724372200001 1.0058814323474288
25.26018667083819 1.0199289887472391
25.283129619676373 1.0135969061067005
25.306072568514555 1.0341582790521624
25.329015517352737 1.0083118093442016
25.35195846619092 1.006354207279113
25.3749014150291 1.0228345519238593
25.397844363867282 1.0336445799276903
25.420787312705464 1.03221660741446
25.443730261543646 1.025486727736164
25.466673210381828 1.0113201916556533
25.48961615922001 1.0216254170767547
25.51255910805819 0.9881140615019369
25.535502056896373 0.9919576635095763
25.558445005734555 1.0143549707856125
25.581387954572737 1.0178908075544122
25.60433090341092 0.97243007395215
25.6272738522491 1.0053437458017864
25.650216801087282 0.9812994931115013
25.673159749925464 1.0204796110400363
25.696102698763646 1.0064918734163217
25.719045647601828 1.0162013177054394
25.74198859644001 1.0316187307383455
25.76493154527819 0.9889830506322661
25.787874494116373 0.9656725522151306
25.810817442954555 0.9864525814496538
25.833760391792737 1.0194680110933072
25.85670334063092 0.9943004631537875
25.8796462894691 0.9647832989252461
25.902589238307282 1.0153693536790025
25.925532187145464 1.022037940399259
25.948475135983646 0.9992813040112282
25.971418084821828 0.9918641720343443
25.99436103366001 1.0076693400870556
26.01730398249819 1.0171977192872321
26.040246931336373 0.9617312307741005
26.063189880174555 0.9822967260049219
26.086132829012737 1.006742891915424
26.10907577785092 0.9838957780662162
26.1320187266891 1.007558744420612
26.154961675527282 0.9963467790105913
26.177904624365464 1.0103408699673613
26.200847573203646 1.0187424361441313
26.223790522041828 0.9999392906016772
26.24673347088001 0.9548550633844533
26.26967641971819 0.9900192121737497
26.292619368556373 1.014340988892882
26.315562317394555 1.0034117834976495
26.338505266232737 1.0007407615440755
26.36144821507092 0.9756616950742686
26.3843911639091 0.9989913142652667
26.407334112747282 1.005667703385483
26.430277061585464 0.9521310099707128
26.453220010423646 0.954049820305198
26.476162959261828 1.008691195658
26.49910590810001 0.9499173505814271
26.52204885693819 0.9893408380667652
26.544991805776373 1.0070460605943876
26.567934754614555 0.9807188486471468
26.590877703452737 0.980913712969717
26.61382065229092 0.9697827330693032
26.6367636011291 0.9882163219059945
26.659706549967282 0.9736546894483773
26.682649498805464 0.9911578646603504
26.705592447643646 0.9871243918713912
26.728535396481828 0.9978157901878953
26.75147834532001 0.9811832469257857
26.77442129415819 0.9650162759139838
26.797364242996373 0.9962830199237779
26.820307191834555 0.9910070701178413
26.843250140672737 0.9864959291070862
26.86619308951092 0.9846353311259457
26.8891360383491 0.9775406724560918
26.912078987187282 0.9985716786758235
26.935021936025464 0.9796421543646223
26.957964884863646 0.9850220463890856
26.980907833701828 0.9582707503419238
27.00385078254001 0.9755698900705317
27.02679373137819 0.9627407062362948
27.049736680216373 0.990238433971909
27.072679629054555 0.9573441663035224
27.095622577892737 0.9726927731489481
27.11856552673092 0.9847038358123519
27.1415084755691 0.973091574058595
27.164451424407282 0.9659993099810334
27.187394373245464 0.9672751332244804
27.210337322083646 1.003627932526229
27.233280270921828 0.9716034739631295
27.25622321976001 0.9925910958262939
27.27916616859819 0.9689700563879369
27.302109117436373 0.9790334046161282
27.325052066274555 0.9648456863756579
27.347995015112737 0.9473861652963683
27.37093796395092 0.9900666129834302
27.3938809127891 0.9758463039480854
27.416823861627282 0.9830614291407522
27.439766810465464 0.9682873953703856
27.462709759303646 0.9920470537414664
27.485652708141828 0.9653088196977464
27.50859565698001 0.9635687657606277
27.53153860581819 0.9514959175293124
27.554481554656373 0.9874274882326781
27.577424503494555 0.9943205606173812
27.600367452332737 0.9603460268287818
27.62331040117092 1.0068561261947877
27.6462533500091 0.9552560643957715
27.669196298847282 0.973981181780441
27.692139247685464 0.9926492683801295
27.715082196523646 1.0020716569772026
27.738025145361828 0.9949662354940825
27.76096809420001 0.976099554074047
27.78391104303819 0.9711693100449671
27.806853991876373 0.980334438833935
27.829796940714555 0.9559330575212319
27.852739889552737 0.9780028133499976
27.87568283839092 0.9692322021877973
27.8986257872291 0.944701295271487
27.921568736067282 0.963859852043842
27.944511684905464 0.9593003755551057
27.967454633743646 0.9667458897745232
27.990397582581828 1.0055922888649338
28.01334053142001 0.9893442475932602
28.03628348025819 0.9840910447721368
28.059226429096373 0.9796015051189567
28.082169377934555 0.9660572588088091
28.105112326772737 0.9532919290388071
28.12805527561092 0.9884049020047273
28.1509982244491 0.9866892719925762
28.173941173287282 0.9631686548543921
28.196884122125464 0.9807880951771487
28.219827070963646 1.0350610717223772
28.242770019801828 1.0127098689904637
28.26571296864001 0.9844969307654978
28.28865591747819 0.9668592424955751
28.311598866316373 0.9886925043555249
28.334541815154555 1.0077305062153343
28.357484763992737 0.9892234672282859
28.38042771283092 0.9779507327944529
28.4033706616691 0.9946516277939474
28.426313610507282 0.9886013441068432
28.449256559345464 1.0098995285925154
28.472199508183646 0.965366314266348
28.495142457021828 0.9414484346400445
28.51808540586001 0.9859972604913287
28.54102835469819 1.01405352225469
28.563971303536373 1.0067074921565131
28.586914252374555 0.9915955500249165
28.609857201212737 0.9994333769127459
28.63280015005092 0.983241751695564
28.6557430988891 0.9869554933083126
28.678686047727282 0.9840242765667514
28.701628996565464 0.9862709748876114
28.724571945403646 1.0010158309808812
28.747514894241828 0.9953845045250869
28.77045784308001 0.9906180809573881
28.79340079191819 0.9885437908829027
28.816343740756373 1.0173468223797069
28.839286689594555 1.0095409375493145
28.862229638432737 0.9587502839574463
28.88517258727092 0.9736718398417102
28.9081155361091 0.9930547891500643
28.931058484947282 0.9803782318877914
28.954001433785464 0.9755475121710984
28.976944382623646 0.9996491587707391
28.999887331461828 0.9918666537628561
29.02283028030001 1.0296859649375845
29.04577322913819 0.9995855820655019
29.068716177976373 0.9989231279740115
29.091659126814555 0.9809086106963619
29.114602075652737 0.9778665479389301
29.13754502449092 0.992632197776199
29.1604879733291 0.989697715570876
29.183430922167283 0.9946524123407259
29.206373871005464 1.007598314385673
29.229316819843646 1.0066035143042538
29.252259768681828 1.0221591521254014
29.27520271752001 1.000948354422274
29.29814566635819 1.0327356684476923
29.321088615196373 1.002779344764603
29.344031564034555 1.0019440061087577
29.366974512872737 0.9890608697924465
29.389917461710922 1.0142235050334625
29.412860410549104 1.0092100705602112
29.435803359387286 1.004332667207131
29.458746308225468 0.9856596141096863
29.48168925706365 1.0008803650641076
29.50463220590183 0.9991406224056824
29.527575154740013 1.012413954037862
29.550518103578195 1.019580627552394
29.573461052416377 0.9991589914024952
29.59640400125456 1.0080815483743384
29.61934695009274 1.0271031150552468
29.642289898930922 1.0097836639633107
29.665232847769104 0.9971982814987589
29.688175796607286 1.0046840472708092
29.711118745445468 1.0049354879357972
29.73406169428365 1.0074098683091717
29.75700464312183 1.0136069552818523
29.779947591960013 1.0326869190773234
29.802890540798195 1.0131293386877027
29.825833489636377 1.0067130080905666
29.84877643847456 0.9724424059593194
29.87171938731274 1.0279723113559114
29.894662336150922 1.041242323207472
29.917605284989104 0.9960320659869865
29.940548233827286 1.0133806718929192
29.963491182665468 1.023275643383596
29.98643413150365 1.0220525621125593
30.00937708034183 1.0129158955007824
30.032320029180013 0.9980643778344255
30.055262978018195 1.0341004273912566
30.078205926856377 1.0168967504876207
30.10114887569456 1.0235975049245734
30.12409182453274 1.0206515914072745
30.147034773370923 1.0322998220627106
30.169977722209104 1.0258452181978126
30.192920671047286 1.0235756589551068
30.215863619885468 1.049841031291647
30.23880656872365 1.0119670990820657
30.26174951756183 0.9982063728460788
30.284692466400013 1.0291865510460636
30.307635415238195 1.015817167719575
30.330578364076377 1.0027471863324582
30.35352131291456 1.0286466516782562
30.37646426175274 1.0246552946026783
30.399407210590923 1.0417023330169373
30.422350159429104 1.0121470216294393
30.445293108267286 1.036198127490933
30.468236057105468 1.0313040118224062
30.49117900594365 1.0404100090287471
30.51412195478183 0.9783233424931699
30.537064903620013 1.0251623296942263
30.560007852458195 1.0574015744320224
30.582950801296377 1.0059077783375516
30.60589375013456 1.0362813317196007
30.62883669897274 1.0162333446609
30.651779647810923 1.0172361221934694
30.674722596649104 0.9952383255600608
30.697665545487286 1.027134362732901
30.720608494325468 0.9947336153557279
30.74355144316365 1.028186237317619
30.76649439200183 1.0353419482463844
30.789437340840013 1.0228351101689772
30.812380289678195 1.0476929341914498
30.835323238516377 1.0262029234053252
30.85826618735456 1.0162664233308567
30.88120913619274 1.0415810524476594
30.904152085030923 1.0418657794941046
30.927095033869104 1.041703614886578
30.950037982707286 1.0172647793773086
30.972980931545468 1.0264586959169728
30.99592388038365 1.016653451501065
31.01886682922183 1.042874270794981
31.041809778060014 1.017173396316056
31.064752726898195 1.012083155952592
31.087695675736377 1.0154502370242569
31.11063862457456 1.028149083224428
31.13358157341274 1.0186707518516676
31.156524522250923 1.0160343430077237
31.179467471089104 0.9894887689044992
31.202410419927286 1.0356410557150104
31.225353368765468 1.0231442346897623
31.24829631760365 1.0005258540363193
31.27123926644183 1.021604529972768
31.294182215280014 0.9861972778051111
31.317125164118195 1.0251322871500017
31.340068112956377 1.0240997386831567
31.36301106179456 1.0187923115107695
31.38595401063274 1.0159892349924626
31.408896959470923 1.0277477437811904
31.431839908309104 1.0115561508799584
31.454782857147286 1.0349125647863133
31.477725805985468 1.0173932614694912
31.50066875482365 1.024162177652771
31.52361170366183 1.0041881356054874
31.546554652500014 0.9951231921951953
31.569497601338195 1.0344989082665685
31.592440550176377 1.0067606815487804
31.61538349901456 1.003452519366841
31.63832644785274 1.0122808343423386
31.661269396690923 1.0154356695942546
31.684212345529104 1.001678770660908
31.707155294367286 1.0279979993671573
31.730098243205468 1.0011112361708367
31.75304119204365 0.9970721339631566
31.77598414088183 1.0282037613182544
31.798927089720014 0.9953435387651934
31.821870038558195 1.0151046391349492
31.844812987396377 1.0085697345864668
31.86775593623456 1.0102477238157292
31.89069888507274 1.0192399944440933
31.913641833910923 1.003638686701799
31.936584782749105 0.9851815243711379
31.959527731587286 1.0231865656506591
31.982470680425468 0.9835577115332458
32.00541362926365 0.9955035369179137
32.02835657810183 1.0227637229340087
32.051299526940014 1.005607708581998
32.07424247577819 0.9943518699912265
32.09718542461638 1.0071663180319748
32.120128373454556 0.9739554118991617
32.14307132229274 1.0140900162091249
32.16601427113092 0.9914685067960318
32.188957219969105 1.0051810913174728
32.21190016880728 0.9798619040127721
32.23484311764547 0.9607639464222287
32.257786066483646 1.0177364701979614
32.28072901532183 1.0066675061931583
32.30367196416001 1.0150279922488847
32.326614912998195 1.0297576260583237
32.349557861836374 0.9802595922610351
32.37250081067456 0.993846306188209
32.39544375951274 1.006853693650844
32.41838670835092 0.9683275520488899
32.4413296571891 1.0010942431034289
32.464272606027286 1.0049679633075115
32.487215554865465 1.0091662861272532
32.51015850370365 0.987405350904795
32.53310145254183 0.9743320526719987
32.556044401380014 0.98379837660294
32.57898735021819 0.9669184920909993
32.60193029905638 0.9963725274268401
32.624873247894556 1.0115406023652476
32.64781619673274 0.9661838907324879
32.67075914557092 0.9643976601232579
32.693702094409105 0.9948684323750795
32.71664504324728 1.0038864600769117
32.73958799208547 0.9890422399201945
32.76253094092365 1.0145710233376646
32.78547388976183 0.9680082610026259
32.80841683860001 1.0009947812955022
32.831359787438195 0.9727320101306504
32.854302736276374 0.9844640986607305
32.87724568511456 1.003214186434518
32.90018863395274 1.0036985930587932
32.92313158279092 0.9779087881070138
32.9460745316291 1.0003818362985768
32.969017480467286 0.9783418450526511
32.991960429305465 0.9853719696354724
33.01490337814365 0.9864806812778707
33.03784632698183 0.9962247389083934
33.060789275820014 0.9968135499925465
33.08373222465819 1.0062232801431927
33.10667517349638 0.9950305086347011
33.129618122334556 0.9640499814977763
33.15256107117274 0.9875018917235868
33.17550402001092 1.0012502039498645
33.198446968849105 0.9959161730355536
33.22138991768728 0.9649573377824278
33.24433286652547 0.9758568194598777
33.26727581536365 0.9611019916061916
33.29021876420183 0.9708309496379458
33.31316171304001 1.0067146592897143
33.336104661878196 0.9749486073668052
33.359047610716374 0.9592289688782412
33.38199055955456 1.0088258709528015
33.40493350839274 0.9750260322644786
33.42787645723092 0.998380166533922
33.4508194060691 0.9903900284366479
33.47376235490729 0.9795847687607566
33.496705303745465 0.9888021935629786
33.51964825258365 0.9743620126020245
33.54259120142183 0.9804092999214963
33.565534150260014 0.9759971467999072
33.58847709909819 0.9752532901271806
33.61142004793638 0.9707633239850246
33.634362996774556 0.9925335324437811
33.65730594561274 0.9951684507361738
33.68024889445092 0.966964947196648
33.703191843289105 0.9877636706237197
33.72613479212728 0.9884767938868264
33.74907774096547 0.9488584941189329
33.77202068980365 0.9670669443102019
33.79496363864183 0.9773798927567527
33.81790658748001 0.9757020907746553
33.840849536318196 0.9697519905506287
33.863792485156374 0.9801440496426835
33.88673543399456 0.9848028496189979
33.90967838283274 0.9870616636624905
33.93262133167092 0.9799652323535952
33.9555642805091 0.9870568511180827
33.97850722934729 0.9728499747079521
34.001450178185465 1.0032600559617457
34.02439312702365 0.9808171243563363
34.04733607586183 0.9626354120038277
34.070279024700014 0.9579977151893782
34.09322197353819 0.9887071522941613
34.11616492237638 0.9903796928823113
34.139107871214556 0.9741050466331692
34.16205082005274 0.993920638804885
34.18499376889092 0.9982921213114295
34.207936717729105 0.9759195296297773
34.23087966656728 0.9637433068084569
34.25382261540547 0.9940928318125037
34.27676556424365 0.9866888193933043
34.29970851308183 0.9992739294448905
34.32265146192001 0.9557647519752922
34.345594410758196 0.9788526009447004
34.368537359596374 0.9888746907718883
34.39148030843456 0.9648792067362469
34.41442325727274 0.9997663621145076
34.43736620611092 0.9960005410673031
34.4603091549491 0.9648909737677895
34.48325210378729 0.9960109841641187
34.506195052625465 0.9813189986420675
34.52913800146365 0.9915710921643125
34.55208095030183 0.991915206088507
34.575023899140014 0.9886183099699589
34.59796684797819 0.9927393793593375
34.62090979681638 0.9898645799967005
34.643852745654556 0.9767723266120101
34.66679569449274 0.9863266626443011
34.68973864333092 0.987852137829648
34.712681592169105 0.9913909510891801
34.73562454100728 0.9896347976181181
34.75856748984547 0.9985336356807484
34.78151043868365 0.9894584807775546
34.80445338752183 0.9892935461350719
34.82739633636001 0.9850897267863111
34.850339285198196 0.9758259465571263
34.873282234036374 1.0165534604945274
34.89622518287456 0.9961977073834353
34.91916813171274 1.0110974426987815
34.94211108055092 0.9702228960744081
34.9650540293891 1.0151800077499715
34.98799697822729 0.9941046940544299
35.010939927065465 0.9993266964114282
35.03388287590365 0.9995237862820294
35.05682582474183 0.9963168820353492
35.079768773580014 1.0109015213767847
35.10271172241819 0.9999341692347727
35.12565467125638 1.0054335844694646
35.148597620094556 1.0220025251488756
35.17154056893274 0.9972772889816535
35.19448351777092 0.9739798602794437
35.217426466609105 0.991842136870133
35.24036941544729 1.0105180962066935
35.26331236428547 1.0165107231887243
35.286255313123654 1.0032334544524184
35.30919826196183 1.015832134321706
35.33214121080002 1.0078972811058646
35.355084159638196 0.9903837990969775
35.37802710847638 1.024887853243891
35.40097005731456 1.0124206583584328
35.423913006152745 0.999676955225046
35.44685595499092 0.9940206023916737
35.46979890382911 1.0305203456145808
35.49274185266729 1.0283384553690142
35.51568480150547 0.9937922903437657
35.53862775034365 0.9914043693111565
35.561570699181836 0.973499365139978
35.584513648020014 1.0112127719389017
35.6074565968582 1.0357902988045367
35.63039954569638 0.9615406211127796
35.65334249453456 1.0005481982255608
35.67628544337274 1.0075231756851868
35.69922839221093 1.0072918268269946
35.722171341049105 0.9906644554922789
35.74511428988729 1.0164169807249779
35.76805723872547 1.013057176363025
35.791000187563654 1.0235514379707908
35.81394313640183 1.018415867488772
35.83688608524002 1.00668060770442
35.859829034078196 1.0192340735442202
35.88277198291638 0.9886306089783166
35.90571493175456 0.9959071509364
35.928657880592745 1.0025961725748027
35.95160082943092 0.9957315388634032
35.97454377826911 0.9815788749097617
35.99748672710729 1.0208946152619147
36.02042967594547 0.9949112810518015
36.04337262478365 1.0176058152476366
36.066315573621836 0.9977274191695099
36.089258522460014 1.0011079021632054
36.1122014712982 1.0366703123574674
36.13514442013638 1.0195191998972168
36.15808736897456 1.008391010525612
36.18103031781274 1.0082197786037534
36.20397326665093 1.0091041133262195
36.226916215489105 1.0076769519874276
36.24985916432729 1.0033859500792095
36.27280211316547 0.9957077243587886
36.295745062003654 0.9997604959564087
36.31868801084183 1.0123108657756408
36.34163095968002 1.029374045778853
36.364573908518196 1.0092976345708966
36.38751685735638 1.0091318571028671
36.41045980619456 1.0057264214085133
36.433402755032745 1.0066867301859883
36.45634570387092 1.0076431026724697
36.47928865270911 0.9924114189667312
36.50223160154729 1.0026584403410854
36.52517455038547 1.053740481778212
36.54811749922365 1.0215609475184102
36.571060448061836 1.0307443837169643
36.594003396900014 1.0248338886332777
36.6169463457382 1.0183958748467405
36.63988929457638 0.9960152021022994
36.66283224341456 1.0077609284007605
36.68577519225274 1.000506910400321
36.70871814109093 1.0169238374756042
36.731661089929105 1.0069376890997623
36.75460403876729 1.013922007350715
36.77754698760547 1.0244545693512046
36.800489936443654 1.0209858692409104
36.82343288528183 1.0248800872704564
36.84637583412002 1.0182012820278235
36.869318782958196 1.0249635599495148
36.89226173179638 1.000724282822097
36.91520468063456 1.0072153819585155
36.938147629472745 0.9975817895929467
36.96109057831092 1.0108337809011259
36.98403352714911 1.0194661742041125
37.00697647598729 1.0229662848064183
37.02991942482547 1.0126388229899133
37.05286237366365 1.029836840655283
37.075805322501836 1.0350189649711983
37.098748271340014 1.0311563092510305
37.1216912201782 0.9980540520949664
37.14463416901638 1.0098054983088296
37.16757711785456 1.0008485676908383
37.19052006669274 1.0082053869092822
37.21346301553093 1.0009368905438742
37.236405964369105 1.0342922883676995
37.25934891320729 1.0084817141309024
37.28229186204547 1.0123516454339434
37.305234810883654 0.9932952641658803
37.32817775972183 1.0262051934794318
37.35112070856002 1.0447307944463073
37.374063657398196 1.032161180816326
37.39700660623638 1.0359474699167803
37.41994955507456 1.024707408078208
37.442892503912745 1.019921175483175
37.46583545275092 1.0159458418150118
37.48877840158911 1.0118026641502977
37.51172135042729 1.0178626710177756
37.53466429926547 1.0130140123408542
37.55760724810365 1.0301842917935788
