k*sigma_0 S(k)

0.0229429488381818 0.0554429501070399
0.0458858976763637 0.04479298900718426
0.0688288465145455 0.08703011910546969
0.0917717953527273 0.0769387184114446
0.1147147441909091 0.0984437526454959
0.137657693029091 0.14756444008769237
0.1606006418672728 0.10404408546250839
0.1835435907054546 0.1304296355248495
0.2064865395436364 0.16670442340571578
0.2294294883818183 0.15308116004596672
0.2523724372200001 0.12671840708543772
0.275315386058182 0.12404033485916877
0.2982583348963638 0.16238091329051735
0.3212012837345456 0.17640081223753928
0.3441442325727274 0.1464842796879727
0.3670871814109092 0.18883586878236816
0.3900301302490911 0.18914047015990526
0.4129730790872729 0.23194587594905677
0.4359160279254547 0.1913665519618482
0.4588589767636365 0.22092834062575917
0.4818019256018184 0.18257815773098168
0.5047448744400002 0.1920097543859448
0.527687823278182 0.2427707351703978
0.5506307721163639 0.17497019684009385
0.5735737209545457 0.2083691391958647
0.5965166697927275 0.17510284776894752
0.6194596186309094 0.20390338438559683
0.6424025674690912 0.22449778836979722
0.665345516307273 0.2522910706009683
0.6882884651454548 0.288772105127801
0.7112314139836367 0.267860778258805
0.7341743628218185 0.20729048929275973
0.7571173116600003 0.1948077030954508
0.7800602604981821 0.19597591996426394
0.8030032093363639 0.22131196942217218
0.8259461581745458 0.20029136015238172
0.8488891070127276 0.22287062257846693
0.8718320558509094 0.24119645303767162
0.8947750046890912 0.22832645780500047
0.917717953527273 0.2291169695076136
0.940660902365455 0.24768436928154766
0.9636038512036368 0.22156302066247702
0.9865468000418186 0.2385791587415319
1.0094897488800003 0.2691464112840574
1.0324326977181821 0.24836588884073543
1.055375646556364 0.27820930707460484
1.0783185953945458 0.24463867135401357
1.1012615442327278 0.2529382519220296
1.1242044930709096 0.262988869509807
1.1471474419090915 0.2648969631494613
1.1700903907472733 0.26265938518994325
1.193033339585455 0.253731351645869
1.215976288423637 0.2549537630905243
1.2389192372618187 0.2796835627766679
1.2618621861000006 0.2500730200082649
1.2848051349381824 0.2858819327885606
1.3077480837763642 0.29945679693402966
1.330691032614546 0.2674584687633583
1.3536339814527278 0.27439370220784454
1.3765769302909097 0.27938756375747376
1.3995198791290915 0.24457793111789908
1.4224628279672733 0.2902445669265787
1.4454057768054551 0.2868832464426263
1.468348725643637 0.25596620157784716
1.4912916744818188 0.2877860975119133
1.5142346233200006 0.288647938078688
1.5371775721581824 0.284261919548519
1.5601205209963642 0.26981996633975774
1.583063469834546 0.31211338814199274
1.6060064186727279 0.26698837297058436
1.6289493675109097 0.3140145053560129
1.6518923163490915 0.29346317919760784
1.6748352651872733 0.32018430372617857
1.6977782140254551 0.3004483112576594
1.720721162863637 0.32164113776481185
1.7436641117018188 0.300325007749746
1.7666070605400006 0.26790566094750257
1.7895500093781824 0.2797233670946756
1.8124929582163642 0.2966340221150011
1.835435907054546 0.29925433229521936
1.858378855892728 0.2978861065192757
1.88132180473091 0.2969499158384626
1.9042647535690918 0.3020342849288236
1.9272077024072736 0.33638660700392664
1.9501506512454554 0.35049002493863224
1.9730936000836372 0.3413043030034865
1.996036548921819 0.38127463909041526
2.0189794977600006 0.35452327009376494
2.0419224465981825 0.3427900709341684
2.0648653954363643 0.34365314521279555
2.087808344274546 0.3673728353153388
2.110751293112728 0.3248218452529075
2.1336942419509097 0.30764250436841667
2.1566371907890916 0.35735890889723004
2.1795801396272734 0.35442239955370053
2.2025230884654556 0.3710832154556945
2.2254660373036375 0.3721537465245264
2.2484089861418193 0.39700946908489615
2.271351934980001 0.37341151005210943
2.294294883818183 0.385434290155879
2.3172378326563647 0.3931692264237649
2.3401807814945466 0.38168832226495625
2.3631237303327284 0.3789349811894111
2.38606667917091 0.39129477638323673
2.409009628009092 0.382850307274218
2.431952576847274 0.4161821481970819
2.4548955256854557 0.4118535093298042
2.4778384745236375 0.39809857390903824
2.5007814233618193 0.41123839170970683
2.523724372200001 0.43381798311117
2.546667321038183 0.42108739742327983
2.5696102698763648 0.4096283890159583
2.5925532187145466 0.45368224008904967
2.6154961675527284 0.39202506302423484
2.63843911639091 0.3657062499952967
2.661382065229092 0.4500699329202893
2.684325014067274 0.45337768190612093
2.7072679629054557 0.45294444726857436
2.7302109117436375 0.4421318399367835
2.7531538605818193 0.46292718238081576
2.776096809420001 0.43775888790636786
2.799039758258183 0.46665532921250175
2.821982707096365 0.45428890156105545
2.8449256559345466 0.497101518959927
2.8678686047727284 0.4592123136252906
2.8908115536109102 0.47444208040308533
2.913754502449092 0.48616765191289707
2.936697451287274 0.5181858846860562
2.9596404001254557 0.5412430425917191
2.9825833489636375 0.5364249322985631
3.0055262978018193 0.5131873427555425
3.028469246640001 0.5408678509962396
3.051412195478183 0.5504776243350913
3.074355144316365 0.5424128131704206
3.0972980931545466 0.6032555534108613
3.1202410419927284 0.5469082783082978
3.1431839908309103 0.5590926848035255
3.166126939669092 0.5763651586717974
3.189069888507274 0.5467089712993268
3.2120128373454557 0.5412744857406268
3.2349557861836375 0.5922063514283377
3.2578987350218194 0.6058650400943233
3.280841683860001 0.5965979856373237
3.303784632698183 0.607019782927976
3.326727581536365 0.6614379427821437
3.3496705303745467 0.6085316115216981
3.3726134792127285 0.6132117115488497
3.3955564280509103 0.5837718888913354
3.418499376889092 0.6312721181187513
3.441442325727274 0.6842377137159072
3.4643852745654558 0.6748192354588372
3.4873282234036376 0.6470733283642266
3.5102711722418194 0.665558197341703
3.533214121080001 0.6680334104806905
3.556157069918183 0.6794860488604002
3.579100018756365 0.6871439582379788
3.6020429675945467 0.6989978108431345
3.6249859164327285 0.7195146826724436
3.6479288652709103 0.7490340406657295
3.670871814109092 0.7002683119869029
3.6938147629472744 0.7402993853617145
3.716757711785456 0.7320576772518781
3.739700660623638 0.7690661367172308
3.76264360946182 0.7647871762353153
3.7855865583000017 0.7472780187470734
3.8085295071381835 0.7624433506787806
3.8314724559763653 0.770335281141818
3.854415404814547 0.8693801067783513
3.877358353652729 0.8643555350549785
3.900301302490911 0.9151773442372401
3.9232442513290926 0.8335795420114027
3.9461872001672744 0.8665397640005252
3.9691301490054562 0.825397166916023
3.992073097843638 0.824248810157802
4.015016046681819 0.8635755737337765
4.037958995520001 0.8425226595060703
4.060901944358183 0.9099102411954646
4.083844893196365 0.891286966000491
4.106787842034547 0.8788135679108162
4.1297307908727285 0.908110708979195
4.15267373971091 0.9228441239845996
4.175616688549092 0.9233608352672961
4.198559637387274 0.9303890408402099
4.221502586225456 0.984692675991019
4.244445535063638 1.0344279194379
4.2673884839018195 0.9332812684384618
4.290331432740001 0.9494182123925873
4.313274381578183 1.122528655304073
4.336217330416365 1.0438547896113823
4.359160279254547 1.077883442037548
4.382103228092729 1.0337374026363273
4.405046176930911 1.0881313211835788
4.427989125769093 1.0952533397346833
4.450932074607275 1.1049718834951192
4.473875023445457 1.1257344289100066
4.4968179722836386 1.1527895649108102
4.51976092112182 1.0866884700580721
4.542703869960002 1.0913492039969288
4.565646818798184 1.1010820312825975
4.588589767636366 1.1364832364513862
4.611532716474548 1.066888328472198
4.6344756653127295 1.1528077717968552
4.657418614150911 1.1712734377538432
4.680361562989093 1.1687859880623002
4.703304511827275 1.217708051425803
4.726247460665457 1.2789903033741157
4.749190409503639 1.1667560753431039
4.77213335834182 1.171856982204296
4.795076307180002 1.237917532486547
4.818019256018184 1.1378022479956922
4.840962204856366 1.2598721457929867
4.863905153694548 1.2099634628496176
4.8868481025327295 1.1804921312647774
4.909791051370911 1.1535415062396592
4.932734000209093 1.3037343401918426
4.955676949047275 1.3065916308717138
4.978619897885457 1.3013393325927665
5.001562846723639 1.299663844231582
5.02450579556182 1.2671022617469994
5.047448744400002 1.2680951271410066
5.070391693238184 1.1383289055185863
5.093334642076366 1.2407245084810719
5.116277590914548 1.2424697987545514
5.1392205397527295 1.3090877118293887
5.162163488590911 1.2618372432313412
5.185106437429093 1.302363600769681
5.208049386267275 1.332078183948177
5.230992335105457 1.3685603238405026
5.253935283943639 1.2424193217129504
5.27687823278182 1.3451027680351497
5.299821181620002 1.2819317103264731
5.322764130458184 1.3331086614652206
5.345707079296366 1.3265257588886317
5.368650028134548 1.3686363625172313
5.3915929769727295 1.2761158508147081
5.414535925810911 1.2670375320218756
5.437478874649093 1.3521584208128234
5.460421823487275 1.3020740332830034
5.483364772325457 1.203588277382045
5.506307721163639 1.3738297140316782
5.5292506700018205 1.3851555989361215
5.552193618840002 1.284582957359357
5.575136567678184 1.3012589406382609
5.598079516516366 1.3243932179299631
5.621022465354548 1.319914879924598
5.64396541419273 1.3343424587122494
5.666908363030911 1.3326761278341743
5.689851311869093 1.223392547576548
5.712794260707275 1.2995581877337352
5.735737209545457 1.305522455400188
5.758680158383639 1.2322539821555543
5.7816231072218205 1.3118114305616777
5.804566056060002 1.277606635398685
5.827509004898184 1.3121239761005974
5.850451953736366 1.2203943208875796
5.873394902574548 1.3674444559359102
5.89633785141273 1.304794256979213
5.919280800250911 1.2506716798200643
5.942223749089093 1.311191884323565
5.965166697927275 1.1684121292956835
5.988109646765457 1.1485264501248287
6.011052595603639 1.1695438169083838
6.0339955444418205 1.230801154889076
6.056938493280002 1.3120938089448875
6.079881442118184 1.2066775091639181
6.102824390956366 1.233858248622802
6.125767339794548 1.241897797433346
6.14871028863273 1.1845444236991047
6.171653237470911 1.1800533937280482
6.194596186309093 1.1715071097524254
6.217539135147275 1.0969877760619609
6.240482083985457 1.1284902326858606
6.263425032823639 1.2051469623044657
6.2863679816618205 1.1488371809017388
6.309310930500002 1.203176839358766
6.332253879338184 1.1794715339352668
6.355196828176366 1.2170590515676707
6.378139777014548 1.1610881821187462
6.40108272585273 1.132972774644436
6.4240256746909115 1.1750711463500156
6.446968623529093 1.0664242880811545
6.469911572367275 1.1186653276644007
6.492854521205457 1.1900705375590837
6.515797470043639 1.128235071807199
6.538740418881821 1.1142008119394844
6.561683367720002 1.0358613813330284
6.584626316558184 1.1194383040484333
6.607569265396366 1.0535481540034317
6.630512214234548 1.112733416590894
6.65345516307273 1.042968506361553
6.6763981119109115 1.0327979778582503
6.699341060749093 1.0972439060494328
6.722284009587275 1.0087851013704738
6.745226958425457 1.0329289907544525
6.768169907263639 1.0862081163262642
6.791112856101821 1.0516837754899362
6.814055804940002 1.0973512764479487
6.836998753778184 1.0552151366353848
6.859941702616366 0.9894358111821597
6.882884651454548 1.0529844192030071
6.90582760029273 1.0063797535968977
6.9287705491309115 0.997534492071457
6.951713497969093 0.9999240613829742
6.974656446807275 0.9739268815336597
6.997599395645457 1.0495519105737832
7.020542344483639 1.0152304243533306
7.043485293321821 0.9846214823780507
7.066428242160002 1.0103694968883923
7.089371190998184 0.957536813316307
7.112314139836366 1.0425025562266683
7.135257088674548 0.9397952093470099
7.15820003751273 1.0070315473007627
7.1811429863509115 0.9857297323735885
7.204085935189093 0.9164597761210441
7.227028884027275 0.9661616319726948
7.249971832865457 0.9734297422018992
7.272914781703639 0.9849041358907149
7.295857730541821 0.9733595530080381
7.3188006793800024 0.9068677262376059
7.341743628218184 0.9685615279430424
7.364686577056367 0.9551534249461257
7.387629525894549 0.9392445153506621
7.410572474732731 0.9420000713962139
7.433515423570912 0.9250344893742304
7.456458372409094 0.8854552565535592
7.479401321247276 0.9200089970725778
7.502344270085458 0.9237518470049222
7.52528721892364 0.9150518540666238
7.5482301677618215 0.9543559051263288
7.571173116600003 0.9577163128598372
7.594116065438185 0.9812906724939509
7.617059014276367 0.9275628306862307
7.640001963114549 0.9006070696836332
7.662944911952731 0.9308971978766691
7.6858878607909125 0.9600657492524501
7.708830809629094 0.9259009870298739
7.731773758467276 0.9127281536227784
7.754716707305458 0.9351202498620445
7.77765965614364 0.9224432883300718
7.800602604981822 0.9135341723759037
7.823545553820003 0.854402696659593
7.846488502658185 0.9128881838980049
7.869431451496367 0.8978002619142802
7.892374400334549 0.8997992530539379
7.915317349172731 0.8869796411865624
7.9382602980109125 0.8765958136507623
7.961203246849094 0.8876614671995587
7.984146195687276 0.8988068854315935
8.007089144525457 0.8837501207558147
8.030032093363639 0.9294010199109441
8.05297504220182 0.8961213238996373
8.075917991040003 0.8956249383352467
8.098860939878184 0.9106888060224133
8.121803888716366 0.864609023384611
8.144746837554548 0.8983558195044236
8.16768978639273 0.9152816591728645
8.190632735230912 0.8422502755486372
8.213575684069093 0.8692723829303517
8.236518632907275 0.8562850833982061
8.259461581745457 0.9224300157879863
8.282404530583639 0.8421146677111099
8.30534747942182 0.8896370291165402
8.328290428260003 0.8932595506261503
8.351233377098184 0.8891986943296895
8.374176325936366 0.843832856587442
8.397119274774548 0.8645429713742544
8.42006222361273 0.8779079624581446
8.443005172450912 0.8635279058961634
8.465948121289093 0.8509055605555707
8.488891070127275 0.9263700456013388
8.511834018965457 0.8618419375378583
8.534776967803639 0.8744446302920748
8.55771991664182 0.8879573099799616
8.580662865480003 0.9168999245692233
8.603605814318184 0.8418870192193153
8.626548763156366 0.8825370793159609
8.649491711994548 0.8802502645964227
8.67243466083273 0.8771389986620471
8.695377609670912 0.8646335455552806
8.718320558509093 0.8834621010820187
8.741263507347275 0.9061540419242814
8.764206456185457 0.8949240049581378
8.787149405023639 0.9017559636617766
8.810092353861823 0.8787657840231937
8.833035302700004 0.9029393037602154
8.855978251538186 0.9122339950551235
8.878921200376368 0.8713811728160407
8.90186414921455 0.8779842344819219
8.924807098052732 0.849788906743208
8.947750046890913 0.8977934622818255
8.970692995729095 0.866984022973042
8.993635944567277 0.897771049407065
9.016578893405459 0.8964401552132074
9.03952184224364 0.9445649203902086
9.062464791081823 0.9459151280778637
9.085407739920004 0.8608286961242146
9.108350688758186 0.868369460561717
9.131293637596368 0.8870734209959665
9.15423658643455 0.8806308503410115
9.177179535272732 0.8998928991024187
9.200122484110913 0.8969430097680287
9.223065432949095 0.8627943575079886
9.246008381787277 0.8888114320045223
9.268951330625459 0.8712138190963166
9.29189427946364 0.9052894526231535
9.314837228301823 0.8667992970178512
9.337780177140004 0.9090821276850216
9.360723125978186 0.9023258957118103
9.383666074816368 0.9328080789931827
9.40660902365455 0.9225015854085632
9.429551972492732 0.8915104068483516
9.452494921330914 0.892425909417031
9.475437870169095 0.9146365505236035
9.498380819007277 0.9524746991537932
9.521323767845459 0.8840932327913739
9.54426671668364 0.9296295586756764
9.567209665521823 0.923818834454733
9.590152614360004 0.8768734507372596
9.613095563198186 0.941602563297828
9.636038512036368 0.9116680393706231
9.65898146087455 0.9564845655343738
9.681924409712732 0.9093379537906676
9.704867358550914 0.9485142965125296
9.727810307389095 0.9014471916651852
9.750753256227277 0.9130716394756844
9.773696205065459 0.9077184104589313
9.79663915390364 0.9680676664754664
9.819582102741823 0.979021464577734
9.842525051580004 0.9466115431612239
9.865468000418186 0.967228822441634
9.888410949256368 0.9240948123708979
9.91135389809455 0.9607663972092967
9.934296846932732 0.9818440473081845
9.957239795770914 0.9341659933363021
9.980182744609095 0.9543685131136037
10.003125693447277 0.9543596452221503
10.026068642285459 0.9221115845806673
10.04901159112364 0.9970782637658749
10.071954539961823 0.9727676592276583
10.094897488800004 0.9732608412513973
10.117840437638186 1.0253456715564402
10.140783386476368 0.9861237197692495
10.16372633531455 0.9505676027285308
10.186669284152732 0.9705853540333029
10.209612232990914 0.9924472444518543
10.232555181829095 0.9560410444267933
10.255498130667277 0.9650591847968182
10.278441079505459 1.0089887921910223
10.30138402834364 0.934860734023977
10.324326977181823 0.9645404645787351
10.347269926020005 1.0016848065477535
10.370212874858186 1.0353428227309918
10.393155823696368 0.9814287880362228
10.41609877253455 1.0253638929870574
10.439041721372732 1.0443084835106313
10.461984670210914 1.034493408132418
10.484927619049095 1.026140862887069
10.507870567887277 1.0027139182767986
10.530813516725459 0.9888308935980851
10.55375646556364 1.0145347183513724
10.576699414401823 1.0101141519146613
10.599642363240005 1.0990895867543242
10.622585312078186 1.059808113952582
10.645528260916368 1.0159733795241013
10.66847120975455 0.9975730324905677
10.691414158592732 1.0449221197300007
10.714357107430914 1.0010359704924339
10.737300056269095 1.0620293853370797
10.760243005107277 1.0756535956865294
10.783185953945459 1.047366530324081
10.806128902783641 1.0256785975059093
10.829071851621823 1.0314663778395003
10.852014800460005 1.0625458886197676
10.874957749298186 1.0941274556219738
10.897900698136368 1.0704493200577756
10.92084364697455 1.0351624403739461
10.943786595812732 0.994167707013482
10.966729544650914 1.0815046281845624
10.989672493489095 1.0399809029026335
11.012615442327277 1.0424661696852018
11.03555839116546 1.0750675187878453
11.058501340003641 1.041107110676853
11.081444288841823 1.0781964175491061
11.104387237680005 1.0689770734048873
11.127330186518186 1.0749163233226096
11.150273135356368 1.0723485525805692
11.17321608419455 1.049365856127887
11.196159033032732 1.1275109342531502
11.219101981870914 1.068551459842284
11.242044930709095 1.113199523412924
11.264987879547277 1.0359251309656197
11.28793082838546 1.106077655126491
11.310873777223641 1.0731761800140418
11.333816726061823 1.0468779517557334
11.356759674900005 1.0855723894510485
11.379702623738186 1.0940726798798674
11.402645572576368 1.10391485586195
11.42558852141455 1.0316662043574045
11.448531470252732 1.0887625233615905
11.471474419090914 1.060398990603029
11.494417367929096 1.0965608297818663
11.517360316767277 1.036404525073676
11.54030326560546 1.099756539380813
11.563246214443641 1.07578913155726
11.586189163281823 1.078633521876435
11.609132112120005 1.1134471807040247
11.632075060958186 1.0828943858464002
11.655018009796368 1.0736988290550247
11.67796095863455 1.1117855481579355
11.700903907472732 1.15155416304735
11.723846856310914 1.0901733235118183
11.746789805149096 1.1261522536979167
11.769732753987277 1.0569066139450545
11.79267570282546 1.06073618022406
11.815618651663641 1.0750487904663368
11.838561600501823 1.0319536574815777
11.861504549340005 1.1009774575472833
11.884447498178186 1.103205078087618
11.907390447016368 1.055972838614893
11.93033339585455 1.0696347344341535
11.953276344692732 1.104094830491445
11.976219293530914 1.0943895497193015
11.999162242369096 1.0783440498571282
12.022105191207277 1.0656408828263533
12.04504814004546 1.053669064063847
12.067991088883641 1.1098527051104008
12.090934037721823 1.0491914298349818
12.113876986560005 1.094538502609312
12.136819935398186 1.1282402904164008
12.159762884236368 1.0701601053190897
12.18270583307455 1.0777701379668398
12.205648781912732 1.0750310664787357
12.228591730750914 1.084235844845654
12.251534679589096 1.0664722071637855
12.274477628427277 1.1035297761997398
12.29742057726546 1.0998137209657814
12.320363526103641 1.0666202823216482
12.343306474941823 1.0474300388000772
12.366249423780005 1.0769056988724035
12.389192372618187 1.0948829095068233
12.412135321456368 1.1285230829971404
12.43507827029455 1.0471176142005234
12.458021219132732 1.0826178866076324
12.480964167970914 1.0911135865688697
12.503907116809096 1.0717957281334367
12.526850065647277 1.0479583670614998
12.54979301448546 1.0901336897852294
12.572735963323641 1.0694470894529446
12.595678912161823 1.0479924616378704
12.618621861000005 1.0232517004616186
12.641564809838187 1.035013682557028
12.664507758676368 1.0592671875283126
12.68745070751455 1.1066712493285873
12.710393656352732 1.053337429314346
12.733336605190914 0.9825247729641555
12.756279554029096 1.0510834451241111
12.779222502867277 1.0734179005916304
12.80216545170546 1.0665622150732554
12.825108400543641 1.046668543223863
12.848051349381823 1.0724012807252854
12.870994298220005 1.0217361472031112
12.893937247058187 1.086964369117902
12.916880195896368 1.0213195468308407
12.93982314473455 1.0309829928268979
12.962766093572732 1.045824050805414
12.985709042410914 1.0210961789276323
13.008651991249096 1.0506586792152417
13.031594940087277 1.0826595219542772
13.05453788892546 1.0552530257401755
13.077480837763641 1.035353210229883
13.100423786601823 0.9973837041516395
13.123366735440005 1.0325851063691982
13.146309684278187 1.0466712216002048
13.169252633116368 1.0335073297292727
13.19219558195455 1.0349184129665114
13.215138530792732 1.0076394206187722
13.238081479630914 1.0567882113799243
13.261024428469096 1.0192342340582972
13.283967377307278 1.0026956478821851
13.30691032614546 1.0104635327742504
13.329853274983641 1.0044331214542186
13.352796223821823 0.9981528027150721
13.375739172660005 0.9718737952160331
13.398682121498187 0.9899800713889593
13.421625070336368 0.9851311835469125
13.44456801917455 1.0236107538249035
13.467510968012732 1.0106724417802704
13.490453916850914 0.9820623034646465
13.513396865689096 0.9655653637249861
13.536339814527278 0.9791532732041015
13.55928276336546 0.9922155609978283
13.582225712203641 0.9758792052253776
13.605168661041823 0.9753819937933043
13.628111609880005 0.9425672921832265
13.651054558718187 0.968388840793269
13.673997507556368 0.9920405685570125
13.69694045639455 1.0152377794538976
13.719883405232732 0.9468810332547932
13.742826354070914 0.9576964572819888
13.765769302909096 0.9448696869711309
13.788712251747278 0.9958822050542013
13.81165520058546 0.9780949217888986
13.834598149423641 0.9669408483894696
13.857541098261823 0.9162561546875009
13.880484047100005 0.9753535961760019
13.903426995938187 0.9664806347872036
13.926369944776368 0.9821804874086659
13.94931289361455 0.944643688563166
13.972255842452732 0.9482031514226467
13.995198791290914 0.9439680064384606
14.018141740129096 0.9207255093850952
14.041084688967278 0.9784280149592054
14.06402763780546 0.9334695870242996
14.086970586643641 0.9554775311419246
14.109913535481823 0.938729864164659
14.132856484320005 0.971052375869252
14.155799433158187 0.9648406811698631
14.178742381996368 0.9697567959711575
14.20168533083455 0.9329114567534813
14.224628279672732 0.9450202981666757
14.247571228510914 0.9268484920966634
14.270514177349096 0.926266138935169
14.293457126187278 0.9526885042727273
14.31640007502546 0.9529211061071464
14.339343023863641 0.9701684436543239
14.362285972701823 0.9491730686723174
14.385228921540005 0.9611224494554748
14.408171870378187 0.9437817132510177
14.431114819216369 0.9346326864312032
14.45405776805455 0.9349694955964919
14.477000716892732 0.9560432481603138
14.499943665730914 0.9615829531367054
14.522886614569096 0.9795668841046532
14.545829563407278 0.9320608687300906
14.56877251224546 0.9405227971553712
14.591715461083641 0.9354941938683702
14.614658409921823 0.956633259170017
14.637601358760005 0.9162045849760626
14.660544307598187 0.9252122852853066
14.683487256436369 0.9469491993292533
14.706430205274552 0.9030199874493788
14.729373154112734 0.9489417610556085
14.752316102950916 0.9659311083970461
14.775259051789098 0.8974465188759521
14.79820200062728 0.9492179121031423
14.821144949465461 0.9496218540950229
14.844087898303643 0.9562545100553893
14.867030847141825 0.9321661418118471
14.889973795980007 0.9412008706677935
14.912916744818189 0.9523615243010579
14.93585969365637 0.907297126347809
14.958802642494552 0.9443205670761851
14.981745591332734 0.9394043714964678
15.004688540170916 0.9430663730549549
15.027631489009098 0.9713224777517425
15.05057443784728 0.9518562806886446
15.073517386685461 0.9339719800901937
15.096460335523643 0.9205702424180375
15.119403284361825 0.9721303009861341
15.142346233200007 0.9200242275955984
15.165289182038189 0.9242302793497532
15.18823213087637 0.9399112037342026
15.211175079714552 0.9513755216275482
15.234118028552734 0.9638733506906817
15.257060977390916 0.9538039644964525
15.280003926229098 0.9290419332594557
15.30294687506728 0.9424669880139662
15.325889823905461 0.9597834265994645
15.348832772743643 0.9678709621600066
15.371775721581825 0.9396979938863198
15.394718670420007 0.9254853577673824
15.417661619258189 0.9346854367652055
15.44060456809637 0.9695943855581043
15.463547516934552 0.9423982289765722
15.486490465772734 0.9359277966723204
15.509433414610916 0.9446400965262741
15.532376363449098 0.9691250294583936
15.55531931228728 0.9487431640531979
15.578262261125461 0.9578019092581606
15.601205209963643 0.93333417709172
15.624148158801825 0.9187961372525278
15.647091107640007 0.9723816126917505
15.670034056478189 0.9305766469601169
15.69297700531637 0.9743076540636364
15.715919954154552 0.9472015349978021
15.738862902992734 0.9778018775058451
15.761805851830916 0.9500827912056772
15.784748800669098 0.9685291107384364
15.80769174950728 0.9440695430669519
15.830634698345461 0.9940065883072804
15.853577647183643 0.974462660111457
15.876520596021825 0.9853820540290052
15.899463544860007 0.9315177756888611
15.922406493698189 0.9674764972707097
15.94534944253637 0.9416662102930444
15.968292391374552 0.9292494109686729
15.991235340212734 0.9840732891238948
16.014178289050914 0.9658224021320173
16.037121237889096 0.9819898115288899
16.060064186727278 0.9709037470485619
16.08300713556546 0.9866253973792871
16.10595008440364 0.9743909952287246
16.128893033241823 1.0107582592822226
16.151835982080005 0.9910809843600414
16.174778930918187 0.9640597735257853
16.19772187975637 1.005529900506333
16.22066482859455 0.9742210276684005
16.243607777432732 1.0188174545986222
16.266550726270914 1.006963910201089
16.289493675109096 0.9877991403988999
16.312436623947278 0.9923691769889895
16.33537957278546 0.9908629224033048
16.35832252162364 1.0324823973680008
16.381265470461823 0.9853106041520843
16.404208419300005 0.9995947545308899
16.427151368138187 0.9891419018044268
16.45009431697637 0.9965377426922698
16.47303726581455 1.0060017281339102
16.495980214652732 0.9882923938874654
16.518923163490914 0.977327477717407
16.541866112329096 1.0005373033446634
16.564809061167278 0.9681852124408185
16.58775201000546 1.0257217108514902
16.61069495884364 1.0052838629844107
16.633637907681823 1.0088351618819824
16.656580856520005 1.0318726932184035
16.679523805358187 1.0033062152305496
16.70246675419637 1.008925368000268
16.72540970303455 1.0021121587679607
16.748352651872732 0.9796759685067861
16.771295600710914 1.0074299081182712
16.794238549549096 1.009506382711059
16.817181498387278 1.0223273154515227
16.84012444722546 1.0123751533286092
16.86306739606364 1.011424009318229
16.886010344901823 1.021862344777138
16.908953293740005 1.0189685543651514
16.931896242578187 0.984172812662442
16.95483919141637 0.996891208210647
16.97778214025455 1.0035756286186317
17.000725089092732 1.0501236079878316
17.023668037930914 1.023683750056208
17.046610986769096 1.0403035609630684
17.069553935607278 1.0500103932968907
17.09249688444546 0.9914124959114939
17.11543983328364 1.003597057833454
17.138382782121823 1.0393651116189873
17.161325730960005 1.0199349389014354
17.184268679798187 1.0581365431020227
17.20721162863637 1.0240005488101405
17.23015457747455 1.0265878932358887
17.253097526312732 1.060713161213364
17.276040475150914 1.012778443881926
17.298983423989096 1.0514276833673273
17.321926372827278 1.0284250500000511
17.34486932166546 1.0445812476567655
17.36781227050364 1.0442622442333498
17.390755219341823 1.0291265127512987
17.413698168180005 1.052625784110088
17.436641117018187 1.0341896915806224
17.45958406585637 1.0179505686954124
17.48252701469455 1.0827075228657888
17.505469963532732 1.0505712663794433
17.528412912370914 1.0186170514229869
17.551355861209096 1.0217331164492882
17.574298810047278 1.0551144073827028
17.59724175888546 1.0191742852194026
17.620184707723645 1.0728623097369308
17.643127656561827 1.0273047142088993
17.66607060540001 1.0290786365160967
17.68901355423819 1.0620711757456869
17.711956503076372 1.0570854890936052
17.734899451914554 1.0523995784647662
17.757842400752736 1.0409631630040435
17.780785349590918 1.0430157781487286
17.8037282984291 1.073476492716283
17.82667124726728 1.0337478137110687
17.849614196105463 1.0337303750114677
17.872557144943645 1.0102226770715022
17.895500093781827 1.0483495572679418
17.91844304262001 1.0590554687545575
17.94138599145819 1.0697718260021227
17.964328940296372 1.0365255790692043
17.987271889134554 1.0350501124670577
18.010214837972736 1.0124101658386215
18.033157786810918 1.0158385957389877
18.0561007356491 1.0882012796587217
18.07904368448728 1.0277359685672898
18.101986633325463 1.073780497974481
18.124929582163645 1.0601523737502545
18.147872531001827 1.0087043872979575
18.17081547984001 1.0423568155910168
18.19375842867819 1.0526484660117463
18.216701377516372 1.028892080613765
18.239644326354554 1.0642128439026188
18.262587275192736 1.0238175962992233
18.285530224030918 1.0675777349823434
18.3084731728691 1.0390235766144258
18.33141612170728 1.0417638661129478
18.354359070545463 1.0157152530898985
18.377302019383645 1.0041424651264415
18.400244968221827 1.0412528926934554
18.42318791706001 1.0596529411483597
18.44613086589819 1.0607178017904628
18.469073814736372 1.0248615734074953
18.492016763574554 1.0720633867362572
18.514959712412736 1.03412578947984
18.537902661250918 1.0459286283556937
18.5608456100891 1.0358509925658195
18.58378855892728 1.0661217020678686
18.606731507765463 1.040296904653455
18.629674456603645 1.0442571910865492
18.652617405441827 1.018482792547396
18.67556035428001 1.0333224785880941
18.69850330311819 1.0335758728806805
18.721446251956372 1.055088717043811
18.744389200794554 1.0659361084621848
18.767332149632736 1.0379426780856407
18.790275098470918 1.041198111305586
18.8132180473091 1.0659904179828774
18.83616099614728 0.9831434572147455
18.859103944985463 1.0105086147344644
18.882046893823645 1.0330894566996127
18.904989842661827 1.0130675292833662
18.92793279150001 1.0108541268709281
18.95087574033819 1.040315179838328
18.973818689176372 1.006035071175306
18.996761638014554 1.038601376504373
19.019704586852736 1.0420038533930158
19.042647535690918 1.0115740842483356
19.0655904845291 1.0359315205157595
19.08853343336728 1.0045530400501108
19.111476382205463 0.9988973627236873
19.134419331043645 1.0373020641393922
19.157362279881827 1.0269161352470646
19.18030522872001 1.007292561222324
19.20324817755819 1.0426563379180078
19.226191126396373 1.0174991935520221
19.249134075234554 1.0414551079050631
19.272077024072736 1.0155260074476513
19.295019972910918 1.0593962081531323
19.3179629217491 1.0206114108762079
19.34090587058728 1.0582358380066963
19.363848819425463 1.0074888818082754
19.386791768263645 1.0200637624276858
19.409734717101827 1.0021997054796419
19.43267766594001 0.9720601142233343
19.45562061477819 1.0016835698255355
19.478563563616373 0.9993662283478013
19.501506512454554 1.0030156138064241
19.524449461292736 0.9788454060928722
19.547392410130918 0.9869195778883524
19.5703353589691 0.9798280262659395
19.59327830780728 0.9981374495975052
19.616221256645463 1.003901994255863
19.639164205483645 1.0157121228414654
19.662107154321827 0.995319336042505
19.68505010316001 1.0049550387316708
19.70799305199819 0.9924616532037153
19.730936000836373 1.0031251848202236
19.753878949674554 1.0107176077345752
19.776821898512736 1.0020302796960816
19.799764847350918 1.028246915659119
19.8227077961891 0.9917510506795572
19.84565074502728 1.013903032720058
19.868593693865463 0.9783528265632587
19.891536642703645 1.0280191004434858
19.914479591541827 0.9936337919477785
19.93742254038001 0.9728327194079976
19.96036548921819 0.9941527386848755
19.983308438056373 0.9573124194270597
20.006251386894554 1.0063716185999245
20.029194335732736 0.9833913438107483
20.052137284570918 0.9959734152533954
20.0750802334091 0.9614135842314296
20.09802318224728 1.0035195566433808
20.120966131085464 0.9741917471022197
20.143909079923645 1.0118084378182415
20.166852028761827 0.9535224109886412
20.18979497760001 0.981834376716041
20.21273792643819 0.9906545000718386
20.235680875276373 0.9661278363574691
20.258623824114554 0.9733921982025625
20.281566772952736 1.0104842489070114
20.304509721790918 0.939103495948349
20.3274526706291 0.9758970364062012
20.35039561946728 0.9659549291907162
20.373338568305464 0.9656203394374896
20.396281517143645 0.9645247714269963
20.419224465981827 0.9817785390329111
20.44216741482001 0.9491688904775252
20.46511036365819 0.9892729026420923
20.488053312496373 0.9753985669677262
20.510996261334554 0.9719431632417549
20.533939210172736 0.9659251550215205
20.556882159010918 0.9706135570914369
20.5798251078491 0.9396264331843468
20.60276805668728 0.9651642494234965
20.625711005525464 0.9731103591942586
20.648653954363645 0.9623337380198527
20.671596903201827 0.9944772611656667
20.69453985204001 0.9432579756376537
20.71748280087819 0.9796840323084025
20.740425749716373 0.9749550781872778
20.763368698554554 0.9826542124516124
20.786311647392736 0.9715715013853967
20.809254596230918 0.9917215478253643
20.8321975450691 0.952372294937971
20.85514049390728 1.0011315481827292
20.878083442745464 0.9436513863188805
20.901026391583645 0.9366455899287864
20.923969340421827 0.9722200944014822
20.94691228926001 0.9719656035634898
20.96985523809819 0.9429473968151137
20.992798186936373 0.9463997505818597
21.015741135774554 0.9311892067308245
21.038684084612736 0.9529703777368753
21.061627033450918 0.9906336879950423
21.0845699822891 0.9952580640993919
21.10751293112728 0.9780776377331193
21.130455879965464 0.974487821140127
21.153398828803645 0.9453322354358901
21.176341777641827 0.9637040728375803
21.19928472648001 0.9652909274539392
21.22222767531819 0.9392243131362585
21.245170624156373 0.9640116758788416
21.268113572994555 0.9653530779779774
21.291056521832736 0.9969334396463808
21.313999470670918 0.9651011640418992
21.3369424195091 0.9652726816311461
21.359885368347282 0.9565130093883901
21.382828317185464 0.95344769902278
21.405771266023645 0.9673479330841137
21.428714214861827 0.9664763243437922
21.45165716370001 0.9465404626891226
21.47460011253819 0.9670901377391362
21.497543061376373 0.9538203346691241
21.520486010214555 0.9752879887085876
21.543428959052736 0.968684852153348
21.566371907890918 0.9831902146420652
21.5893148567291 0.9574188034162694
21.612257805567282 0.9746826461915408
21.635200754405464 0.9543995374392543
21.658143703243645 0.9771039543663321
21.681086652081827 0.9894215582293171
21.70402960092001 0.9514786577919091
21.72697254975819 0.9528963311828389
21.749915498596373 0.975026946657579
21.772858447434555 0.9572928364311594
21.795801396272736 0.9708805568413993
21.818744345110918 0.9474745954984155
21.8416872939491 0.9684036625478473
21.864630242787282 0.9680794829297544
21.887573191625464 0.9740867445166602
21.910516140463645 1.0010258242124632
21.933459089301827 0.9777069235085103
21.95640203814001 0.994547438935743
21.97934498697819 0.9751232870714864
22.002287935816373 0.9898770079864446
22.025230884654555 0.9965886932001167
22.048173833492736 0.9417718095790103
22.07111678233092 0.9541719233054065
22.0940597311691 0.975852422496312
22.117002680007282 0.9840181122130215
22.139945628845464 0.9871668163858077
22.162888577683646 0.9754351831766402
22.185831526521827 1.0242521337859944
22.20877447536001 0.9865274576755364
22.23171742419819 0.9755793179440317
22.254660373036373 0.963983919628554
22.277603321874555 0.9625241096608119
22.300546270712736 0.9938168919864654
22.32348921955092 0.9430025301655113
22.3464321683891 0.9935225054398638
22.369375117227282 0.9966763186513199
22.392318066065464 0.9698838040178533
22.415261014903646 0.9853309851311027
22.438203963741827 1.0076033325256015
22.46114691258001 0.9971962362306869
22.48408986141819 1.0197746706116484
22.507032810256373 0.9946446829163721
22.529975759094555 1.008268076237261
22.552918707932736 0.9946430609751179
22.57586165677092 1.0150451783445529
22.5988046056091 0.9883011888318102
22.621747554447282 1.0065601631647878
22.644690503285464 0.9838921132488571
22.667633452123646 1.0335816560551898
22.690576400961827 0.9761685402633877
22.71351934980001 0.9931485905697731
22.73646229863819 1.000479304479528
22.759405247476373 1.028615481955229
22.782348196314555 1.0198304796621118
22.805291145152736 0.9901879510446516
22.82823409399092 0.9968947689446783
22.8511770428291 0.9905863361005349
22.874119991667282 0.9862166835473714
22.897062940505464 0.9800352252332346
22.920005889343646 1.002626645964409
22.942948838181827 1.0196138947214608
22.96589178702001 1.010954374303395
22.98883473585819 1.0075446608363379
23.011777684696373 0.9914868064769586
23.034720633534555 1.0156577506792932
23.057663582372736 1.0028561697635954
23.08060653121092 0.9925220895711446
23.1035494800491 0.9961172369004746
23.126492428887282 1.0363278189300302
23.149435377725464 1.0026917012016783
23.172378326563646 1.0152245420599724
23.195321275401827 1.0213893367060716
23.21826422424001 1.0245834165381016
23.24120717307819 0.9986545137918832
23.264150121916373 1.023859818079463
23.287093070754555 0.9915447971394572
23.310036019592737 1.0057340332329603
23.33297896843092 0.9901444697788823
23.3559219172691 0.9885306134554664
23.378864866107282 1.0052392855228163
23.401807814945464 1.0077195845501299
23.424750763783646 1.0049145085351032
23.447693712621827 1.011745898440513
23.47063666146001 0.9977790838238179
23.49357961029819 1.0354712533459869
23.516522559136373 1.027971297590134
23.539465507974555 1.0165704818976953
23.562408456812737 1.0144326390373835
23.58535140565092 1.0616964506716402
23.6082943544891 1.0276846903248338
23.631237303327282 1.0124152878493473
23.654180252165464 1.0184987341164387
23.677123201003646 1.0198980980797758
23.700066149841827 1.0293204425632083
23.72300909868001 1.013979562808496
23.74595204751819 1.0188081753297122
23.768894996356373 1.0230363952189778
23.791837945194555 1.029079599205911
23.814780894032737 1.0180579261579046
23.83772384287092 1.0045964195356447
23.8606667917091 1.0169822585163775
23.883609740547282 1.0549685965588353
23.906552689385464 1.043703346770182
23.929495638223646 1.0226951362829266
23.952438587061827 1.044425486688691
23.97538153590001 1.0446892227858078
23.99832448473819 1.0272758924939087
24.021267433576373 1.0478155157903473
24.044210382414555 1.0467806088012486
24.067153331252737 0.9981187392334839
24.09009628009092 1.0482316207171027
24.1130392289291 1.0367127857009544
24.135982177767282 1.0152572999626015
24.158925126605464 1.0010413616088472
24.181868075443646 1.043152795006074
24.204811024281828 1.001946205629307
24.22775397312001 1.0074411462844517
24.25069692195819 1.0200496890156632
24.273639870796373 1.0407913196784748
24.296582819634555 1.0326450218593617
24.319525768472737 1.0142044950255285
24.34246871731092 1.066195375866497
24.3654116661491 1.0181096921386195
24.388354614987282 1.038046172379229
24.411297563825464 1.0351240374819717
24.434240512663646 1.0491002141353558
24.457183461501828 1.025325408533997
24.48012641034001 1.0279165470214815
24.50306935917819 1.0050199543523677
24.526012308016373 1.0162478275233162
24.548955256854555 1.0269631639483294
24.571898205692737 1.055049353694815
24.59484115453092 0.9840333959320242
24.6177841033691 1.01478340031299
24.640727052207282 1.0502193710600742
24.663670001045464 1.0017293462850614
24.686612949883646 1.02583678700551
24.709555898721828 1.0419272608421823
24.73249884756001 1.0589821737250638
24.75544179639819 1.043190126648759
24.778384745236373 1.0277586288316138
24.801327694074555 1.0160725564235045
24.824270642912737 1.019782849500466
24.84721359175092 1.0469224237818358
24.8701565405891 1.0189383416745406
24.893099489427282 1.0284220899949257
24.916042438265464 1.0334617307074894
24.938985387103646 1.040999599911909
24.961928335941828 1.0257719729845076
24.98487128478001 1.018375430948562
25.00781423361819 1.0178789109914674
25.030757182456373 1.010240000762018
25.053700131294555 1.017541466058659
25.076643080132737 1.0474067279812365
25.09958602897092 1.0393264220768215
25.1225289778091 1.0408143249408617
25.145471926647282 0.9923166858395674
25.168414875485464 1.0077686053004018
25.191357824323646 1.0166467545477051
25.214300773161828 1.0264663384951076
25.23724372200001 1.0234696014043063
25.26018667083819 1.0222961912959825
25.283129619676373 1.0035910119194669
25.306072568514555 1.0075641528950179
25.329015517352737 1.0338133437638326
25.35195846619092 1.01978254704726
25.3749014150291 1.0290020320489373
25.397844363867282 1.0049765964816653
25.420787312705464 0.9847637304176518
25.443730261543646 0.9782029653550923
25.466673210381828 1.0012592733966275
25.48961615922001 1.0179916400061315
25.51255910805819 0.9766096873074794
25.535502056896373 1.0401631293686397
25.558445005734555 0.9894700106697254
25.581387954572737 1.0018992457505114
25.60433090341092 0.9933463891189322
25.6272738522491 1.0456167757147186
25.650216801087282 1.0189021030236003
25.673159749925464 1.0024952090232675
25.696102698763646 1.0379094594319294
25.719045647601828 1.0234372046436324
25.74198859644001 1.005437539447389
25.76493154527819 0.9968805535150098
25.787874494116373 1.0250126405196027
25.810817442954555 0.9936131757498752
25.833760391792737 1.0127194373282313
25.85670334063092 1.0152017335755341
25.8796462894691 0.9856754491622757
25.902589238307282 0.9907052029915779
25.925532187145464 1.0059986100694205
25.948475135983646 0.9913238247080579
25.971418084821828 1.01899623473697
25.99436103366001 0.9793634565348113
26.01730398249819 1.003576037174979
26.040246931336373 0.9530017864165191
26.063189880174555 1.0002683444261866
26.086132829012737 1.0082386914655472
26.10907577785092 1.0208627495500433
26.1320187266891 1.0026111223075123
26.154961675527282 0.9997823454359255
26.177904624365464 0.9926750959159074
26.200847573203646 1.0106171408794176
26.223790522041828 0.9920852516121771
26.24673347088001 0.9890648901115169
26.26967641971819 1.0020559743583746
26.292619368556373 0.9853732694998159
26.315562317394555 1.0206866413804638
26.338505266232737 0.9655970612499789
26.36144821507092 0.9847054864454318
26.3843911639091 0.9796780107165844
26.407334112747282 0.9839648360922647
26.430277061585464 0.9774401410064969
26.453220010423646 1.0094965500059525
26.476162959261828 0.9678584934530919
26.49910590810001 0.9725233543114947
26.52204885693819 1.0007546381108945
26.544991805776373 0.9765318808014771
26.567934754614555 0.9636258164736254
26.590877703452737 0.9437942707749265
26.61382065229092 0.9652309907305305
26.6367636011291 0.9837922969723889
26.659706549967282 0.975608565124047
26.682649498805464 0.9872848553064499
26.705592447643646 1.008841927735853
26.728535396481828 0.973699399398512
26.75147834532001 0.9778026616056437
26.77442129415819 0.9884583473975027
26.797364242996373 1.0165539525557277
26.820307191834555 0.9677851183982714
26.843250140672737 0.9739472487911026
26.86619308951092 1.000773342047741
26.8891360383491 0.9745414974388203
26.912078987187282 0.9493264949395952
26.935021936025464 1.0004387299029396
26.957964884863646 0.9982397395482211
26.980907833701828 0.9640873659206655
27.00385078254001 1.0195277428650713
27.02679373137819 0.9786512893441067
27.049736680216373 0.974608550723002
27.072679629054555 0.9534125427546898
27.095622577892737 0.9326625350629627
27.11856552673092 1.0091094329850192
27.1415084755691 0.9918401950243202
27.164451424407282 0.9415713117705407
27.187394373245464 0.9898216485470873
27.210337322083646 1.003276706050087
27.233280270921828 0.9581861176380951
27.25622321976001 0.9961886282760399
27.27916616859819 0.9865135178805426
27.302109117436373 0.9647594375419629
27.325052066274555 0.9738341547578211
27.347995015112737 1.0066645698528305
27.37093796395092 0.9793064180405617
27.3938809127891 0.9872267763016581
27.416823861627282 0.978702552580753
27.439766810465464 0.9619797235441302
27.462709759303646 0.9858956102095553
27.485652708141828 0.9758291523757684
27.50859565698001 0.960890095446689
27.53153860581819 0.9656069503886916
27.554481554656373 0.9645412830575246
27.577424503494555 0.9501548519141761
27.600367452332737 0.9739512719438418
27.62331040117092 0.9777205402640964
27.6462533500091 0.9495715659909479
27.669196298847282 0.9936746596882067
27.692139247685464 0.9670213186258969
27.715082196523646 0.9985389405979226
27.738025145361828 0.9621076051812231
27.76096809420001 0.9636415076568728
27.78391104303819 0.9878029283621399
27.806853991876373 0.9847396972218967
27.829796940714555 1.0115710168545984
27.852739889552737 0.9709819905200497
27.87568283839092 0.9991324691325492
27.8986257872291 0.9606172991457619
27.921568736067282 0.966164181066222
27.944511684905464 0.9823889250442996
27.967454633743646 0.976593378473383
27.990397582581828 0.9827120205813192
28.01334053142001 0.9914881319347486
28.03628348025819 0.9817796640753594
28.059226429096373 0.9750809156425934
28.082169377934555 0.9986251337859222
28.105112326772737 0.9679244248732322
28.12805527561092 0.9911322347599686
28.1509982244491 0.97815498257344
28.173941173287282 0.9545850691667018
28.196884122125464 0.9857549251142027
28.219827070963646 0.9883437963880822
28.242770019801828 0.9925555998021532
28.26571296864001 0.9946789012339561
28.28865591747819 0.9900501603001501
28.311598866316373 0.9841536460976849
28.334541815154555 0.9707487040631259
28.357484763992737 0.9850877640890269
28.38042771283092 0.9763682476348933
28.4033706616691 1.0162963310888133
28.426313610507282 1.0189631672590833
28.449256559345464 0.9767620715329737
28.472199508183646 0.9815787331855067
28.495142457021828 0.9639863579903806
28.51808540586001 0.9624834734466571
28.54102835469819 0.9813397818434529
28.563971303536373 1.0120339531867595
28.586914252374555 0.9983674275044258
28.609857201212737 0.9868465470263008
28.63280015005092 0.9735905042013061
28.6557430988891 0.998502103607659
28.678686047727282 0.9861025516600155
28.701628996565464 0.9825816829158884
28.724571945403646 1.0210905747885395
28.747514894241828 0.9909380943785447
28.77045784308001 0.9951055507625024
28.79340079191819 0.980973171038625
28.816343740756373 0.9919744656452503
28.839286689594555 0.975828950572063
28.862229638432737 0.9719987481373317
28.88517258727092 1.0267186522306628
28.9081155361091 0.9938629117343897
28.931058484947282 1.0021659817364261
28.954001433785464 0.9683204820576587
28.976944382623646 0.9829139636875873
28.999887331461828 0.9789100254210746
29.02283028030001 1.002563948391901
29.04577322913819 1.019915682646721
29.068716177976373 0.9874580031607678
29.091659126814555 1.0406906873081174
29.114602075652737 1.0221125578896422
29.13754502449092 0.9951950678184068
29.1604879733291 0.9872753016843275
29.183430922167283 1.00115297388593
29.206373871005464 0.9976579487263363
29.229316819843646 0.9974889721586488
29.252259768681828 0.9954654898565818
29.27520271752001 0.9706021990045981
29.29814566635819 0.9912665984216151
29.321088615196373 1.0019674016611968
29.344031564034555 1.0067788915773377
29.366974512872737 1.0048115736440921
29.389917461710922 1.015011116499958
29.412860410549104 1.0270515330406036
29.435803359387286 1.0069233089381318
29.458746308225468 1.0219449214538212
29.48168925706365 0.9987435688013293
29.50463220590183 1.0097779368587605
29.527575154740013 1.0282488010566597
29.550518103578195 0.9846024107223418
29.573461052416377 0.9918263505959732
29.59640400125456 1.0253873629654704
29.61934695009274 1.022625554438285
29.642289898930922 0.9930815547769484
29.665232847769104 1.0161694769437293
29.688175796607286 1.011140134087182
29.711118745445468 0.9884957101486113
29.73406169428365 1.0317146351839965
29.75700464312183 1.0226743096173156
29.779947591960013 1.0101777447494233
29.802890540798195 1.0330325881326554
29.825833489636377 1.0139122771155846
29.84877643847456 1.015040368593203
29.87171938731274 1.003894848650124
29.894662336150922 1.0301865319318584
29.917605284989104 1.0101435189989063
29.940548233827286 1.0045055040203468
29.963491182665468 1.0245868957650301
29.98643413150365 1.033618088005698
30.00937708034183 1.0224131344379965
30.032320029180013 1.0190214988949877
30.055262978018195 1.0289611789285167
30.078205926856377 1.0016560261628262
30.10114887569456 1.0174205356654917
30.12409182453274 1.0658899722714823
30.147034773370923 1.0207377375170321
30.169977722209104 1.0119470155262844
30.192920671047286 1.004650502686895
30.215863619885468 0.9973917386799687
30.23880656872365 1.0178770117195612
30.26174951756183 1.0198526282106692
30.284692466400013 1.0524406897917478
30.307635415238195 1.0063205966851867
30.330578364076377 0.9916834606602771
30.35352131291456 0.997742563206085
30.37646426175274 1.0037008358546886
30.399407210590923 1.0275367399936117
30.422350159429104 1.0399649452447433
30.445293108267286 1.0368500461338823
30.468236057105468 1.0366293823491446
30.49117900594365 1.027997119257565
30.51412195478183 1.012701883620334
30.537064903620013 0.9982716738699888
30.560007852458195 1.0085279245081582
30.582950801296377 1.0321027682709412
30.60589375013456 1.026029750750592
30.62883669897274 1.0228693821800368
30.651779647810923 1.0181802433003646
30.674722596649104 1.02800562420717
30.697665545487286 1.0067458232491777
30.720608494325468 1.027787550807069
30.74355144316365 1.0288122531929047
30.76649439200183 1.0230765239665696
30.789437340840013 1.0225390205181086
30.812380289678195 1.0278841869041737
30.835323238516377 1.0009502930203495
30.85826618735456 1.0312214115171674
30.88120913619274 1.0110226729379557
30.904152085030923 1.0283924980896417
30.927095033869104 1.0160066639144432
30.950037982707286 1.0130119040125802
30.972980931545468 1.0259262133797256
30.99592388038365 1.0235811182011376
31.01886682922183 1.0065773323297962
31.041809778060014 1.0193762777498596
31.064752726898195 1.0155268726054123
31.087695675736377 1.010445523469593
31.11063862457456 1.034093592481924
31.13358157341274 1.0182073719505214
31.156524522250923 1.0098578187419938
31.179467471089104 1.0151002755361302
31.202410419927286 0.9788686106866002
31.225353368765468 1.011832747206132
31.24829631760365 1.005358933561559
31.27123926644183 1.0181946129085073
31.294182215280014 1.0106520235165655
31.317125164118195 0.9942451518903269
31.340068112956377 1.0189759535980778
31.36301106179456 1.0263302150064413
31.38595401063274 1.059844863082033
31.408896959470923 0.9857826380831783
31.431839908309104 1.0439173366691876
31.454782857147286 1.0371137793197989
31.477725805985468 1.018481908325696
31.50066875482365 1.023002107270752
31.52361170366183 1.0095193463581098
31.546554652500014 1.0224258268300477
31.569497601338195 0.9986493260559284
31.592440550176377 0.9661082561569615
31.61538349901456 1.016908532476134
31.63832644785274 0.9922605853370114
31.661269396690923 0.9889010991799525
31.684212345529104 1.029237104273849
31.707155294367286 1.006978179165717
31.730098243205468 0.9976745977073779
31.75304119204365 0.9928932019646929
31.77598414088183 1.0188335749452684
31.798927089720014 1.0255446526474046
31.821870038558195 0.9998876191534868
31.844812987396377 1.0246352231926397
31.86775593623456 0.9806183257372039
31.89069888507274 1.0188718312533858
31.913641833910923 1.0096812437403135
31.936584782749105 1.013421367179547
31.959527731587286 1.0080941893774262
31.982470680425468 1.0186547435932534
32.00541362926365 1.019372215672253
32.02835657810183 0.9906695798037731
32.051299526940014 1.0086454111039063
32.07424247577819 0.9950963091361041
32.09718542461638 1.014582634883254
32.120128373454556 1.002047756495416
32.14307132229274 1.0203707823332613
32.16601427113092 0.9898720572578269
32.188957219969105 0.9857586612452768
32.21190016880728 0.9925514873982552
32.23484311764547 0.9823951032404494
32.257786066483646 1.0104888175473274
32.28072901532183 1.0058327031936551
32.30367196416001 1.0196951367357259
32.326614912998195 0.9970643197838259
32.349557861836374 0.9968471837610675
32.37250081067456 1.0235066015762484
32.39544375951274 1.005641074599259
32.41838670835092 1.000410524811283
32.4413296571891 0.9823846835373314
32.464272606027286 1.000204175496863
32.487215554865465 1.0117237822283882
32.51015850370365 0.9989410134583918
32.53310145254183 0.9863863210075468
32.556044401380014 0.9976953590746401
32.57898735021819 0.9939096744390151
32.60193029905638 0.9645714352098065
32.624873247894556 0.9912343988122869
32.64781619673274 0.9935526744276957
32.67075914557092 1.0028432609815299
32.693702094409105 0.9925068967407142
32.71664504324728 1.001340308373306
32.73958799208547 0.9832245044673892
32.76253094092365 1.0105904991364614
32.78547388976183 0.9979041105681369
32.80841683860001 1.000290537768612
32.831359787438195 0.988332888469498
32.854302736276374 0.9770761983158034
32.87724568511456 0.9883603794337348
32.90018863395274 1.005801218956624
32.92313158279092 1.0048535650128119
32.9460745316291 0.962563525336359
32.969017480467286 0.9974045443826265
32.991960429305465 0.9835921615503211
33.01490337814365 0.9678875461750887
33.03784632698183 1.0029685415785154
33.060789275820014 0.9655113613420199
33.08373222465819 0.975338319611327
33.10667517349638 0.9963722707545682
33.129618122334556 0.9780386296650689
33.15256107117274 0.9638385792312569
33.17550402001092 0.9721459720817516
33.198446968849105 0.9834519900078758
33.22138991768728 1.00094574366383
33.24433286652547 0.9880558485292846
33.26727581536365 0.990616291985207
33.29021876420183 0.9862560916555552
33.31316171304001 0.977761588545657
33.336104661878196 0.9908526604565342
33.359047610716374 0.9768620506656811
33.38199055955456 0.98266010267703
33.40493350839274 0.9661730972848941
33.42787645723092 0.9904013526385074
33.4508194060691 0.9745520462862395
33.47376235490729 0.9500928548571598
33.496705303745465 0.9619164188033641
33.51964825258365 0.9892420809591164
33.54259120142183 0.9873479448458303
33.565534150260014 0.9726491355642586
33.58847709909819 0.9844467022830036
33.61142004793638 0.9880906578937201
33.634362996774556 0.9903436880103029
33.65730594561274 1.0018347550180122
33.68024889445092 0.9896019030042729
33.703191843289105 0.977737340047956
33.72613479212728 0.9665094420969057
33.74907774096547 0.9828281895210712
33.77202068980365 1.003142605039623
33.79496363864183 0.9940918009198605
33.81790658748001 0.9959888701316527
33.840849536318196 0.979062647781801
33.863792485156374 0.9706848045617101
33.88673543399456 0.9989261338001991
33.90967838283274 1.0168046820935093
33.93262133167092 0.9983288249711473
33.9555642805091 0.992218701119338
33.97850722934729 0.9968980153326895
34.001450178185465 0.957325207082524
34.02439312702365 0.9939995634802211
34.04733607586183 0.9746393623639089
34.070279024700014 0.9581969997528385
34.09322197353819 0.9819238409242067
34.11616492237638 0.9726004801582196
34.139107871214556 0.9831667741762952
34.16205082005274 0.9572152774834233
34.18499376889092 0.9806174306739905
34.207936717729105 0.983019451134184
34.23087966656728 0.9778827137379499
34.25382261540547 1.0059646118713665
34.27676556424365 0.9712790141731754
34.29970851308183 0.9903806066069146
34.32265146192001 0.9723876682466356
34.345594410758196 0.9592723219446788
34.368537359596374 0.9758370587787133
34.39148030843456 1.0057535984751567
34.41442325727274 1.0054600670926286
34.43736620611092 0.9714800772404992
34.4603091549491 0.9852539386358634
34.48325210378729 0.9601536922137445
34.506195052625465 0.9973651841634975
34.52913800146365 0.9976800912530603
34.55208095030183 1.0104718931376817
34.575023899140014 1.0094844513389876
34.59796684797819 0.9972059889074596
34.62090979681638 0.9692639489647527
34.643852745654556 0.9715958519083875
34.66679569449274 1.0100104185392205
34.68973864333092 1.0104602317141393
34.712681592169105 0.9895736107246549
34.73562454100728 0.9773001265106716
34.75856748984547 0.9900940794540011
34.78151043868365 0.971931281410801
34.80445338752183 0.9882929230401496
34.82739633636001 1.0070536885746468
34.850339285198196 0.9812158418028755
34.873282234036374 1.006171304599073
34.89622518287456 0.9740391982056136
34.91916813171274 1.0084799662928154
34.94211108055092 0.9820825668429445
34.9650540293891 0.9814466768143895
34.98799697822729 1.0062463148722482
35.010939927065465 0.9883231117365423
35.03388287590365 0.9949817914366601
35.05682582474183 0.993392835153675
35.079768773580014 0.9920336774298938
35.10271172241819 1.0071006268317328
35.12565467125638 1.0047081421044157
35.148597620094556 0.9641669708579464
35.17154056893274 0.9973061083748714
35.19448351777092 1.012736082061577
35.217426466609105 1.0139087713524262
35.24036941544729 0.9926223275995998
35.26331236428547 0.9815241414102627
35.286255313123654 0.9936539617913358
35.30919826196183 1.001739331454017
35.33214121080002 1.0034899935680013
35.355084159638196 1.0005453861166271
35.37802710847638 0.9899018809485598
35.40097005731456 1.0227032379913674
35.423913006152745 1.0029424284613235
35.44685595499092 1.0202010860779427
35.46979890382911 1.011185956486121
35.49274185266729 1.0054958082971603
35.51568480150547 0.9983061779090919
35.53862775034365 1.018903149052264
35.561570699181836 1.0119305926382078
35.584513648020014 0.9986355310562905
35.6074565968582 1.0069820071252202
35.63039954569638 1.0088443386717545
35.65334249453456 1.040650866730754
35.67628544337274 1.0057325586741217
35.69922839221093 0.9968067163786466
35.722171341049105 1.0138577845985117
35.74511428988729 0.9984867320897018
35.76805723872547 0.9699163141203585
35.791000187563654 1.0231948308261802
35.81394313640183 0.9868535354820807
35.83688608524002 0.9920781540043758
35.859829034078196 1.0150601404831923
35.88277198291638 0.9809912020019871
35.90571493175456 1.021240453067804
35.928657880592745 0.9796407657327668
35.95160082943092 1.0131374824857247
35.97454377826911 1.013329154698153
35.99748672710729 1.0050447850230653
36.02042967594547 1.0234610421046082
36.04337262478365 1.0111444140206207
36.066315573621836 1.0122646454567967
36.089258522460014 1.005269597779078
36.1122014712982 1.0158199142285913
36.13514442013638 1.0110289711378502
36.15808736897456 1.0299923201251364
36.18103031781274 1.0203862940116577
36.20397326665093 0.9848915679607854
36.226916215489105 0.9886030036002629
36.24985916432729 0.9998468515030978
36.27280211316547 0.9708580449510976
36.295745062003654 0.9744288880210117
36.31868801084183 1.0188904539203583
36.34163095968002 1.0061150735360487
36.364573908518196 1.030937608177765
36.38751685735638 0.989435600747885
36.41045980619456 1.0075887492630025
36.433402755032745 1.0144273797412684
36.45634570387092 1.0116625597439903
36.47928865270911 1.0182907145213902
36.50223160154729 1.041458578087805
36.52517455038547 1.023898313596368
36.54811749922365 0.9950115160737657
36.571060448061836 1.0112523664339206
36.594003396900014 1.018513215925106
36.6169463457382 1.0201492438209472
36.63988929457638 1.0230694108680394
36.66283224341456 1.0189688870892737
36.68577519225274 1.033321353278947
36.70871814109093 1.004404228658022
36.731661089929105 1.004391386516318
36.75460403876729 1.0123748373375405
36.77754698760547 1.0404154357413464
36.800489936443654 1.0205762676270653
36.82343288528183 1.0269764966033474
36.84637583412002 1.014918891938464
36.869318782958196 1.018932985433136
36.89226173179638 1.0047210689819988
36.91520468063456 1.0150701337620283
36.938147629472745 1.005935084305102
36.96109057831092 1.0173510245102626
36.98403352714911 1.0043659741834017
37.00697647598729 1.0346569265182277
37.02991942482547 0.9904418310217096
37.05286237366365 1.0105100976168395
37.075805322501836 1.0105484475783022
37.098748271340014 1.0414928679098352
37.1216912201782 1.0305771394034213
37.14463416901638 1.0147753914839253
37.16757711785456 0.9998216834143752
37.19052006669274 0.9961037552219325
37.21346301553093 1.0121194844019126
37.236405964369105 1.0150336241100475
37.25934891320729 1.008070868878482
37.28229186204547 1.0037265231932049
37.305234810883654 1.0239145389051478
37.32817775972183 1.022219402260546
37.35112070856002 1.0262539582778978
37.374063657398196 0.9963686459135025
37.39700660623638 1.0194346383825819
37.41994955507456 1.040862271976067
37.442892503912745 1.018810827793385
37.46583545275092 1.0343704257566373
37.48877840158911 0.978617953630713
37.51172135042729 1.0015198049978016
37.53466429926547 1.0269873068489777
37.55760724810365 1.033854581650691
