k*sigma_0 S(k)

0.0229429488381818 1.6209759965044497
0.0458858976763637 0.9890395826856674
0.0688288465145455 1.0262887601592776
0.0917717953527273 0.8162354716677953
0.1147147441909091 0.6938047362945938
0.137657693029091 0.4496456676919127
0.1606006418672728 0.4640670829778561
0.1835435907054546 0.4479633991008507
0.2064865395436364 0.4669242651401885
0.2294294883818183 0.6715947675160753
0.2523724372200001 0.47054169506638677
0.275315386058182 0.4242546947636687
0.2982583348963638 0.6912131473852863
0.3212012837345456 0.5020958954368958
0.3441442325727274 0.63845583151769
0.3670871814109092 0.665238897945738
0.3900301302490911 0.553266813254994
0.4129730790872729 0.6093602188641959
0.4359160279254547 0.46798519213180934
0.4588589767636365 0.6869854154997326
0.4818019256018184 0.534786169408716
0.5047448744400002 0.6203688153758952
0.527687823278182 0.5300301446980923
0.5506307721163639 0.543462509869262
0.5735737209545457 0.6083141430666201
0.5965166697927275 0.6484491949847258
0.6194596186309094 0.44594848164105144
0.6424025674690912 0.49830058195712335
0.665345516307273 0.4281892563117258
0.6882884651454548 0.41756588083012586
0.7112314139836367 0.5020131054459644
0.7341743628218185 0.3838050057395702
0.7571173116600003 0.460331556859655
0.7800602604981821 0.40118512083794927
0.8030032093363639 0.42417493169873033
0.8259461581745458 0.4376344749917541
0.8488891070127276 0.32067864632073123
0.8718320558509094 0.3484258358697262
0.8947750046890912 0.3929679656267243
0.917717953527273 0.3217028133895972
0.940660902365455 0.34305324139908805
0.9636038512036368 0.3237747486307612
0.9865468000418186 0.319277847486871
1.0094897488800003 0.29227164963522756
1.0324326977181821 0.33789870611830525
1.055375646556364 0.290046398540023
1.0783185953945458 0.33096076329023144
1.1012615442327278 0.330824604560056
1.1242044930709096 0.29162033446012114
1.1471474419090915 0.31375649980828335
1.1700903907472733 0.30958095083758513
1.193033339585455 0.31136383079323354
1.215976288423637 0.2846350922891213
1.2389192372618187 0.27023084431505184
1.2618621861000006 0.30804283648339875
1.2848051349381824 0.2776254729416362
1.3077480837763642 0.30271017482009815
1.330691032614546 0.28413666337535326
1.3536339814527278 0.2972126728835177
1.3765769302909097 0.2822110342373549
1.3995198791290915 0.28809394274689076
1.4224628279672733 0.2771290731989318
1.4454057768054551 0.27552164979950544
1.468348725643637 0.3039664052165584
1.4912916744818188 0.29218511537481817
1.5142346233200006 0.3095317769883452
1.5371775721581824 0.2831125367435211
1.5601205209963642 0.28864641469207064
1.583063469834546 0.3063828193093411
1.6060064186727279 0.28162106459954844
1.6289493675109097 0.3040970858860295
1.6518923163490915 0.3193416717726392
1.6748352651872733 0.3073211206885418
1.6977782140254551 0.28711565845985515
1.720721162863637 0.3152571561303623
1.7436641117018188 0.3100562353709072
1.7666070605400006 0.3089039352951167
1.7895500093781824 0.3219219956056741
1.8124929582163642 0.27400399513435153
1.835435907054546 0.2902908184113188
1.858378855892728 0.2997218776930537
1.88132180473091 0.3323384817409956
1.9042647535690918 0.3270363799273132
1.9272077024072736 0.2992175814387694
1.9501506512454554 0.3390534521552093
1.9730936000836372 0.3374671895535965
1.996036548921819 0.3467472556367035
2.0189794977600006 0.3147758016608969
2.0419224465981825 0.3096467286182158
2.0648653954363643 0.34945980716048003
2.087808344274546 0.3259953969349539
2.110751293112728 0.3201713091104402
2.1336942419509097 0.3477803750510819
2.1566371907890916 0.35955392829983096
2.1795801396272734 0.3254520197743154
2.2025230884654556 0.3232095048086316
2.2254660373036375 0.3507963866834619
2.2484089861418193 0.36903398541092364
2.271351934980001 0.3491730119960847
2.294294883818183 0.39791824229601613
2.3172378326563647 0.34136203999972176
2.3401807814945466 0.36177216796846207
2.3631237303327284 0.34221879252054815
2.38606667917091 0.4138963833411334
2.409009628009092 0.3726609988699722
2.431952576847274 0.3689943576830314
2.4548955256854557 0.3758967693935985
2.4778384745236375 0.3456205278802532
2.5007814233618193 0.39765826893493705
2.523724372200001 0.3972142342003629
2.546667321038183 0.40124096155291916
2.5696102698763648 0.388221163791636
2.5925532187145466 0.3714212427016294
2.6154961675527284 0.4245719626808645
2.63843911639091 0.45248072005673096
2.661382065229092 0.4325105511627406
2.684325014067274 0.42419916698659266
2.7072679629054557 0.41497257723995107
2.7302109117436375 0.4561476390076209
2.7531538605818193 0.4250104756310956
2.776096809420001 0.43007413317379356
2.799039758258183 0.4363583047047094
2.821982707096365 0.4311032696747432
2.8449256559345466 0.48831994153825886
2.8678686047727284 0.493778965032581
2.8908115536109102 0.46020032099424907
2.913754502449092 0.43553168821108096
2.936697451287274 0.4656913237756899
2.9596404001254557 0.47788751685881165
2.9825833489636375 0.4707220081584466
3.0055262978018193 0.4690339135523082
3.028469246640001 0.4707645181795184
3.051412195478183 0.5395895046668165
3.074355144316365 0.5369392384835859
3.0972980931545466 0.4788968677487505
3.1202410419927284 0.482103573057742
3.1431839908309103 0.5458612481362478
3.166126939669092 0.4746193599625495
3.189069888507274 0.5004389202521057
3.2120128373454557 0.5324180725629145
3.2349557861836375 0.5676686138816527
3.2578987350218194 0.5189802950954844
3.280841683860001 0.5146274147785552
3.303784632698183 0.570430088031095
3.326727581536365 0.5461724310372748
3.3496705303745467 0.5313925462622793
3.3726134792127285 0.5763717511667381
3.3955564280509103 0.5798031341229115
3.418499376889092 0.5593533679550754
3.441442325727274 0.6370168883132569
3.4643852745654558 0.6356986119743615
3.4873282234036376 0.6469072230648767
3.5102711722418194 0.6582872987615559
3.533214121080001 0.5971597333342593
3.556157069918183 0.625542522048946
3.579100018756365 0.6815834706804373
3.6020429675945467 0.6346042868882589
3.6249859164327285 0.6674563557887746
3.6479288652709103 0.6748473660503962
3.670871814109092 0.6631634064137767
3.6938147629472744 0.6385863300459581
3.716757711785456 0.647132410651603
3.739700660623638 0.7536404461589444
3.76264360946182 0.7195741705769835
3.7855865583000017 0.6410259396386535
3.8085295071381835 0.6689025855053795
3.8314724559763653 0.6923201794648511
3.854415404814547 0.7160699265168068
3.877358353652729 0.6784458414163459
3.900301302490911 0.7910288229227873
3.9232442513290926 0.7311502909970288
3.9461872001672744 0.7882597821826
3.9691301490054562 0.7305404816310738
3.992073097843638 0.7794938550199837
4.015016046681819 0.8228301127111298
4.037958995520001 0.8483176089207457
4.060901944358183 0.8801471477339025
4.083844893196365 0.8449940649150799
4.106787842034547 0.7821587222917111
4.1297307908727285 0.8588505135943537
4.15267373971091 0.8415779295725079
4.175616688549092 0.9244921270505578
4.198559637387274 0.8817514510294198
4.221502586225456 0.932813485966047
4.244445535063638 0.9290378816562604
4.2673884839018195 0.9605589923018791
4.290331432740001 0.8943148315789927
4.313274381578183 0.9304008364165728
4.336217330416365 0.9515365994514778
4.359160279254547 1.0461806336978934
4.382103228092729 0.9849747252623986
4.405046176930911 1.0125654102942103
4.427989125769093 0.9894906656480944
4.450932074607275 1.0269403311146732
4.473875023445457 0.9757071840093872
4.4968179722836386 1.044928506875367
4.51976092112182 1.0273962769603457
4.542703869960002 0.982620841614395
4.565646818798184 1.0847469527169071
4.588589767636366 1.0890826134222926
4.611532716474548 1.1285113031124778
4.6344756653127295 1.1189247839402892
4.657418614150911 1.1471988872535026
4.680361562989093 1.0980472431005555
4.703304511827275 1.1517695463395485
4.726247460665457 1.1449131682410751
4.749190409503639 1.1807986540648288
4.77213335834182 1.2185216070404377
4.795076307180002 1.0851184945164956
4.818019256018184 1.2653766725778672
4.840962204856366 1.1949791357969841
4.863905153694548 1.2271919361152752
4.8868481025327295 1.2487021893851358
4.909791051370911 1.2809341859109173
4.932734000209093 1.2438758324896548
4.955676949047275 1.211802752326532
4.978619897885457 1.1860634265308536
5.001562846723639 1.2566638577149043
5.02450579556182 1.3081903685349463
5.047448744400002 1.3480233301342146
5.070391693238184 1.281185189186483
5.093334642076366 1.3437902997637188
5.116277590914548 1.3841863338407705
5.1392205397527295 1.2808486532541576
5.162163488590911 1.3202479664981632
5.185106437429093 1.3685579596042983
5.208049386267275 1.302840997265357
5.230992335105457 1.298620577871098
5.253935283943639 1.3062709743374563
5.27687823278182 1.2935739575994143
5.299821181620002 1.3070836123146312
5.322764130458184 1.3338497637823081
5.345707079296366 1.3924725696051865
5.368650028134548 1.3463675876448622
5.3915929769727295 1.3267977745823514
5.414535925810911 1.4001467086095458
5.437478874649093 1.3636338342363998
5.460421823487275 1.3502976200783934
5.483364772325457 1.3568165992632333
5.506307721163639 1.31608741771106
5.5292506700018205 1.3327832286188286
5.552193618840002 1.418306538849841
5.575136567678184 1.4172122353078354
5.598079516516366 1.313615778882682
5.621022465354548 1.3334108826250077
5.64396541419273 1.3596561085115888
5.666908363030911 1.4009514010746218
5.689851311869093 1.3658360359538946
5.712794260707275 1.4025349946477181
5.735737209545457 1.3255781136658453
5.758680158383639 1.4815060836455256
5.7816231072218205 1.3115999508653742
5.804566056060002 1.4415947920023398
5.827509004898184 1.2924728632036684
5.850451953736366 1.3693968727758932
5.873394902574548 1.3261572306787095
5.89633785141273 1.3345259887668945
5.919280800250911 1.2840208795745265
5.942223749089093 1.409039887550701
5.965166697927275 1.2985062370749776
5.988109646765457 1.332395682405672
6.011052595603639 1.254767510697201
6.0339955444418205 1.3153052373236838
6.056938493280002 1.2837559144195876
6.079881442118184 1.3107199815023924
6.102824390956366 1.3188524598171443
6.125767339794548 1.269890399328826
6.14871028863273 1.2519009868566748
6.171653237470911 1.27398208800155
6.194596186309093 1.2544840851262433
6.217539135147275 1.2482855117010034
6.240482083985457 1.167279132673669
6.263425032823639 1.201156395856067
6.2863679816618205 1.2632759677905516
6.309310930500002 1.1782355014609742
6.332253879338184 1.2036678584929956
6.355196828176366 1.249628958577776
6.378139777014548 1.2134857625958366
6.40108272585273 1.2017201194598968
6.4240256746909115 1.3059706461139582
6.446968623529093 1.1128598251740447
6.469911572367275 1.1697802414082084
6.492854521205457 1.171755330916441
6.515797470043639 1.12374540654533
6.538740418881821 1.1871196187995885
6.561683367720002 1.092009759033004
6.584626316558184 1.1393994032461625
6.607569265396366 1.1034445883646806
6.630512214234548 1.1447385158364014
6.65345516307273 1.124574170326391
6.6763981119109115 1.058103778191906
6.699341060749093 1.1111249554894342
6.722284009587275 1.0993092901247576
6.745226958425457 1.1043330275629804
6.768169907263639 1.060881476162086
6.791112856101821 1.0947731950744684
6.814055804940002 1.03662758953214
6.836998753778184 1.0757738722258208
6.859941702616366 1.0359116897649
6.882884651454548 1.0719298114645917
6.90582760029273 0.9956071692916049
6.9287705491309115 1.0432784952762033
6.951713497969093 1.0505704220349241
6.974656446807275 1.0700111445270772
6.997599395645457 0.974539026608851
7.020542344483639 1.0607806958598793
7.043485293321821 1.015677046281592
7.066428242160002 0.9702794721346855
7.089371190998184 1.030391508301139
7.112314139836366 1.0389691440327238
7.135257088674548 0.9861984683156781
7.15820003751273 0.988844737936077
7.1811429863509115 1.0344548969969227
7.204085935189093 0.9527448291567155
7.227028884027275 0.976999519766533
7.249971832865457 1.0110889171690873
7.272914781703639 0.9220413764321881
7.295857730541821 1.0192199643235385
7.3188006793800024 0.9099753728726213
7.341743628218184 0.9838529703093324
7.364686577056367 0.9285837619079912
7.387629525894549 0.9230802356468747
7.410572474732731 0.9538720354283838
7.433515423570912 0.9114385074234974
7.456458372409094 0.9115057417216631
7.479401321247276 0.9192683700536539
7.502344270085458 0.9091546103413252
7.52528721892364 0.9549209368888226
7.5482301677618215 0.8918818029073897
7.571173116600003 0.9589469764759823
7.594116065438185 0.9236545843072214
7.617059014276367 0.9639736528025334
7.640001963114549 0.8825807992694813
7.662944911952731 0.9211013245697468
7.6858878607909125 0.9119377067075306
7.708830809629094 0.8839272922768328
7.731773758467276 0.911706818468951
7.754716707305458 0.9039028832484017
7.77765965614364 0.9587649244358967
7.800602604981822 0.8716643978080654
7.823545553820003 0.934136681031133
7.846488502658185 0.8832111672823842
7.869431451496367 0.8879386794059634
7.892374400334549 0.8647914233833004
7.915317349172731 0.8629974554928539
7.9382602980109125 0.8886189821355447
7.961203246849094 0.8569577303887973
7.984146195687276 0.8874667770204918
8.007089144525457 0.8589814986498708
8.030032093363639 0.861121469487588
8.05297504220182 0.88021766795954
8.075917991040003 0.8475170883638714
8.098860939878184 0.8530698094740442
8.121803888716366 0.8613602089880369
8.144746837554548 0.8501260651462414
8.16768978639273 0.8175044749125476
8.190632735230912 0.8316098578300937
8.213575684069093 0.8764812318223485
8.236518632907275 0.8334004480122899
8.259461581745457 0.897935733788178
8.282404530583639 0.8532023993080711
8.30534747942182 0.8451839309590256
8.328290428260003 0.8370952871636621
8.351233377098184 0.8229959387798216
8.374176325936366 0.8687669790429954
8.397119274774548 0.8498915471658925
8.42006222361273 0.8188915854789972
8.443005172450912 0.8672428068726264
8.465948121289093 0.8444835692441347
8.488891070127275 0.8666399633469761
8.511834018965457 0.8611463793125397
8.534776967803639 0.8392585199148772
8.55771991664182 0.7934840141043891
8.580662865480003 0.8816221810098924
8.603605814318184 0.8253105381073843
8.626548763156366 0.8347726597697285
8.649491711994548 0.8486445566773494
8.67243466083273 0.8640370185367406
8.695377609670912 0.8461343116415719
8.718320558509093 0.8007708448383634
8.741263507347275 0.8515015648800693
8.764206456185457 0.8680307511605064
8.787149405023639 0.847725470256627
8.810092353861823 0.8641221247245346
8.833035302700004 0.8663064942511015
8.855978251538186 0.8367619885218245
8.878921200376368 0.8216449855353375
8.90186414921455 0.8278210453290537
8.924807098052732 0.8676889049303423
8.947750046890913 0.7975196825642256
8.970692995729095 0.8328964104172746
8.993635944567277 0.8777727966565648
9.016578893405459 0.8813456723283022
9.03952184224364 0.8439172912960953
9.062464791081823 0.8783266445943716
9.085407739920004 0.8392957589106829
9.108350688758186 0.8214087771377444
9.131293637596368 0.8191659871250214
9.15423658643455 0.8694412589085642
9.177179535272732 0.8564946475249556
9.200122484110913 0.8546846553833726
9.223065432949095 0.9170041652555322
9.246008381787277 0.8294720320586798
9.268951330625459 0.8992268066621725
9.29189427946364 0.8723798972035549
9.314837228301823 0.874859652466021
9.337780177140004 0.9082428656256687
9.360723125978186 0.889398055822734
9.383666074816368 0.8893703680322669
9.40660902365455 0.8823377586673206
9.429551972492732 0.8966156169555971
9.452494921330914 0.9101572321608166
9.475437870169095 0.9035439088138802
9.498380819007277 0.9081636365714377
9.521323767845459 0.8830574102123511
9.54426671668364 0.8798418613121995
9.567209665521823 0.89520668466965
9.590152614360004 0.8977929156498421
9.613095563198186 0.928299126391899
9.636038512036368 0.892794910023607
9.65898146087455 0.9307254781966424
9.681924409712732 0.9259813981205807
9.704867358550914 0.945656992744239
9.727810307389095 0.9489085592257501
9.750753256227277 0.9303823394282492
9.773696205065459 0.8989461302822822
9.79663915390364 0.9693390166014245
9.819582102741823 0.9203692183941108
9.842525051580004 0.9435228363325314
9.865468000418186 0.952359866184604
9.888410949256368 0.9141530240076037
9.91135389809455 0.9659611518123918
9.934296846932732 0.946985383132036
9.957239795770914 0.9550573695524985
9.980182744609095 0.9716918934167993
10.003125693447277 0.9818029182569102
10.026068642285459 0.9791410053668426
10.04901159112364 0.9660791151623407
10.071954539961823 0.9938577839802982
10.094897488800004 0.9512333192754456
10.117840437638186 0.9290710058450425
10.140783386476368 0.9917112768058896
10.16372633531455 0.9392522938752375
10.186669284152732 0.9846982539908549
10.209612232990914 0.9750448114288325
10.232555181829095 0.9488896782240004
10.255498130667277 1.0144118799396171
10.278441079505459 0.9292193841174524
10.30138402834364 0.9183856893842235
10.324326977181823 0.9790752551296188
10.347269926020005 1.0101642944636748
10.370212874858186 1.0200475522976082
10.393155823696368 1.0260076686831796
10.41609877253455 1.0046230772276985
10.439041721372732 1.0175110521948716
10.461984670210914 1.0142567501543371
10.484927619049095 1.0523433522427794
10.507870567887277 1.006401411304407
10.530813516725459 1.0058583269470143
10.55375646556364 1.056304556161918
10.576699414401823 1.0028409947061308
10.599642363240005 1.0187544684178587
10.622585312078186 1.0385497066494462
10.645528260916368 1.0197742093876656
10.66847120975455 1.032370443312989
10.691414158592732 1.0279075316219468
10.714357107430914 1.0838384244374508
10.737300056269095 1.0611608554843974
10.760243005107277 1.049523801475895
10.783185953945459 1.07107440821052
10.806128902783641 1.0403683159537382
10.829071851621823 1.0558690197437564
10.852014800460005 1.059807931219534
10.874957749298186 1.0621139289803703
10.897900698136368 1.0663689929729714
10.92084364697455 1.0641469304638647
10.943786595812732 1.09499692793254
10.966729544650914 1.1019793304641055
10.989672493489095 1.0460862881762798
11.012615442327277 1.0316314986207111
11.03555839116546 1.0618204281985104
11.058501340003641 1.0855354884477415
11.081444288841823 1.0737020883268877
11.104387237680005 1.1042807501688983
11.127330186518186 1.0796853202120023
11.150273135356368 1.0544516383921583
11.17321608419455 1.1096593328628885
11.196159033032732 1.077624806567478
11.219101981870914 1.0972370122163186
11.242044930709095 1.0683834745312124
11.264987879547277 1.0826236347962557
11.28793082838546 1.1462723960730499
11.310873777223641 1.0797464996652246
11.333816726061823 1.1168667044265008
11.356759674900005 1.1355857949105932
11.379702623738186 1.1113633782420163
11.402645572576368 1.0843666387460131
11.42558852141455 1.1179910540541869
11.448531470252732 1.0872644054915193
11.471474419090914 1.1503657197183061
11.494417367929096 1.0806497409402858
11.517360316767277 1.1065565938654285
11.54030326560546 1.0895653002587937
11.563246214443641 1.0751453020077686
11.586189163281823 1.119779753103843
11.609132112120005 1.0816836695238814
11.632075060958186 1.1095244759140321
11.655018009796368 1.1519863442065095
11.67796095863455 1.0932357972968192
11.700903907472732 1.1191962507136086
11.723846856310914 1.0922626918340705
11.746789805149096 1.1442095646331856
11.769732753987277 1.0615283695303779
11.79267570282546 1.107761914533695
11.815618651663641 1.180505771475691
11.838561600501823 1.1103404304091413
11.861504549340005 1.1371023431605036
11.884447498178186 1.101766322597248
11.907390447016368 1.099382403588329
11.93033339585455 1.0982953316708448
11.953276344692732 1.1267677022309415
11.976219293530914 1.0464244532050107
11.999162242369096 1.090736199106736
12.022105191207277 1.0997848932583896
12.04504814004546 1.048588795051898
12.067991088883641 1.1198247707892817
12.090934037721823 1.1102186614201346
12.113876986560005 1.103792177743728
12.136819935398186 1.117138660104192
12.159762884236368 1.096366503676885
12.18270583307455 1.102866452242599
12.205648781912732 1.0958996207061682
12.228591730750914 1.1058438502951888
12.251534679589096 1.0864071049112836
12.274477628427277 1.1236670769430481
12.29742057726546 1.1212085225373032
12.320363526103641 1.0795374739597066
12.343306474941823 1.0926377626326917
12.366249423780005 1.0759252908610304
12.389192372618187 1.0693630546688235
12.412135321456368 1.0972999216469572
12.43507827029455 1.0497303054729692
12.458021219132732 1.055890522986755
12.480964167970914 1.0478704848857443
12.503907116809096 1.0439821517098782
12.526850065647277 1.0711863068737575
12.54979301448546 1.042506453580256
12.572735963323641 1.0424756372328137
12.595678912161823 1.0777457812044096
12.618621861000005 1.06983778488639
12.641564809838187 1.089918420840033
12.664507758676368 1.068442129351754
12.68745070751455 1.068407531086539
12.710393656352732 1.0238511847227818
12.733336605190914 1.07390524556878
12.756279554029096 1.0694068062545972
12.779222502867277 1.0846386222320046
12.80216545170546 1.0329420157147144
12.825108400543641 1.0676923860357308
12.848051349381823 1.050598685026424
12.870994298220005 1.0433054833451907
12.893937247058187 1.0446194998255296
12.916880195896368 1.0336521719077583
12.93982314473455 1.046218029474721
12.962766093572732 1.0462557758620226
12.985709042410914 1.0543399949654113
13.008651991249096 1.0576915146245964
13.031594940087277 1.0446125610356203
13.05453788892546 1.0286603379902977
13.077480837763641 0.9605741718599131
13.100423786601823 1.0409822663804096
13.123366735440005 1.052177165109725
13.146309684278187 1.0061627927644994
13.169252633116368 0.9893211071228164
13.19219558195455 1.0239021954946572
13.215138530792732 1.0053903127913255
13.238081479630914 1.0288635130662012
13.261024428469096 1.0242916274113638
13.283967377307278 0.9853121655644256
13.30691032614546 1.0249713515683117
13.329853274983641 0.9861818288467661
13.352796223821823 1.0109144184454395
13.375739172660005 0.9840083068281998
13.398682121498187 0.9754251321156765
13.421625070336368 1.0241594057693322
13.44456801917455 1.0372986188140854
13.467510968012732 1.010124700238117
13.490453916850914 0.9878740838241438
13.513396865689096 1.013382109799444
13.536339814527278 1.0238646598774388
13.55928276336546 0.9908422257136421
13.582225712203641 0.9998048554552996
13.605168661041823 0.9785026570495292
13.628111609880005 1.012206206920813
13.651054558718187 0.969583872473819
13.673997507556368 0.9848266351016434
13.69694045639455 0.970152193681682
13.719883405232732 0.953931007441042
13.742826354070914 0.945622025052909
13.765769302909096 0.9846390430952873
13.788712251747278 0.9543734806410338
13.81165520058546 0.9621445510802872
13.834598149423641 0.9221570130068781
13.857541098261823 0.9917780263861142
13.880484047100005 0.9730084407713068
13.903426995938187 0.9577970263785952
13.926369944776368 0.917652305603921
13.94931289361455 0.9836030353232427
13.972255842452732 0.9370115205881394
13.995198791290914 0.9452115388611427
14.018141740129096 0.9435016127821122
14.041084688967278 0.9515086237123014
14.06402763780546 0.9513279699629308
14.086970586643641 0.9706028447114832
14.109913535481823 0.9366192879440629
14.132856484320005 0.9750089160177331
14.155799433158187 0.9533037536180871
14.178742381996368 0.9415470453606285
14.20168533083455 0.8963303124044627
14.224628279672732 0.9696167361873366
14.247571228510914 0.9270239107898267
14.270514177349096 0.921331176116816
14.293457126187278 0.9362695878794576
14.31640007502546 0.9160056550957417
14.339343023863641 0.9286548714757135
14.362285972701823 0.958715269849827
14.385228921540005 0.9357032353458749
14.408171870378187 0.9214511087310114
14.431114819216369 0.9743839864468702
14.45405776805455 0.9272685410276614
14.477000716892732 0.9352585661766292
14.499943665730914 0.9345674705650047
14.522886614569096 0.9725307885784964
14.545829563407278 0.9413681709866688
14.56877251224546 0.9435120295347948
14.591715461083641 0.9091096963433475
14.614658409921823 0.911406941911253
14.637601358760005 0.9587751863652385
14.660544307598187 0.9459022367101734
14.683487256436369 0.9396054010216335
14.706430205274552 0.9396343968928721
14.729373154112734 0.916848896511545
14.752316102950916 0.9463248259053294
14.775259051789098 0.9271940478944242
14.79820200062728 0.9130335110833525
14.821144949465461 0.9622930644323089
14.844087898303643 0.9155889649090405
14.867030847141825 0.9206990923596042
14.889973795980007 0.9416628233192462
14.912916744818189 0.952313532823486
14.93585969365637 0.9252992979003256
14.958802642494552 0.9191780153748359
14.981745591332734 0.9275507699792759
15.004688540170916 0.940368506010261
15.027631489009098 0.9157738569348823
15.05057443784728 0.957925060423155
15.073517386685461 0.9547224241939632
15.096460335523643 0.9162364681063132
15.119403284361825 0.9182388273029262
15.142346233200007 0.9246895240141495
15.165289182038189 0.9079996061415722
15.18823213087637 0.9780653659295728
15.211175079714552 0.874235514852682
15.234118028552734 0.9353690742774297
15.257060977390916 0.9155493901416276
15.280003926229098 0.938957505102662
15.30294687506728 0.956825462465439
15.325889823905461 0.9431091213118914
15.348832772743643 0.949725447991767
15.371775721581825 0.9373929644614672
15.394718670420007 0.9384965755375153
15.417661619258189 0.9650089746525928
15.44060456809637 0.9180628567966986
15.463547516934552 0.9158784772028193
15.486490465772734 0.9373731140516461
15.509433414610916 0.9005619857557324
15.532376363449098 0.9078585884377193
15.55531931228728 0.920650248471804
15.578262261125461 0.9416576277794356
15.601205209963643 0.9197617035839833
15.624148158801825 0.9566084164355233
15.647091107640007 0.9568478694665351
15.670034056478189 0.9764728925564018
15.69297700531637 0.9446565631511139
15.715919954154552 0.9509164502364751
15.738862902992734 0.9606285332216182
15.761805851830916 0.9580839216575849
15.784748800669098 0.9802160451562143
15.80769174950728 0.9448426584977879
15.830634698345461 0.948532198342913
15.853577647183643 0.961388209115445
15.876520596021825 0.9614907251510043
15.899463544860007 0.9584279436599653
15.922406493698189 0.9705619854522506
15.94534944253637 0.9765985556119451
15.968292391374552 0.9394107600273031
15.991235340212734 0.9381580380885616
16.014178289050914 0.9839966520368997
16.037121237889096 0.9662725909769436
16.060064186727278 0.9572212533289545
16.08300713556546 0.9487835792020224
16.10595008440364 1.0521466270733257
16.128893033241823 0.957152367520261
16.151835982080005 0.9917156464403531
16.174778930918187 0.9644469489023932
16.19772187975637 0.9583789328769556
16.22066482859455 0.9684075485438176
16.243607777432732 1.0173609573609836
16.266550726270914 0.9679061232706901
16.289493675109096 0.9525131054000538
16.312436623947278 0.9804773178491898
16.33537957278546 0.9747162236279684
16.35832252162364 0.9735098699534407
16.381265470461823 1.0099864623811363
16.404208419300005 0.9790474952129585
16.427151368138187 0.976033915173509
16.45009431697637 0.9916407625438692
16.47303726581455 0.9910860971568758
16.495980214652732 1.0088131937446663
16.518923163490914 1.0086310377101573
16.541866112329096 1.0171302583455577
16.564809061167278 1.0143448188192603
16.58775201000546 0.9874608816497895
16.61069495884364 1.0036648702877384
16.633637907681823 1.0074231466718564
16.656580856520005 1.002424048129564
16.679523805358187 1.022619663827264
16.70246675419637 1.0099725960928483
16.72540970303455 0.9652051368672944
16.748352651872732 1.006742672062173
16.771295600710914 1.0067548825150887
16.794238549549096 1.0072379343442117
16.817181498387278 1.0049271206708958
16.84012444722546 0.9885612022743459
16.86306739606364 1.0170176250815557
16.886010344901823 1.044034453422657
16.908953293740005 0.9937454593198963
16.931896242578187 1.0157768568885917
16.95483919141637 1.0117344063769018
16.97778214025455 1.0356555224021675
17.000725089092732 1.0214499996066728
17.023668037930914 1.03983132915275
17.046610986769096 1.004257801577791
17.069553935607278 1.011111180521054
17.09249688444546 1.0450375261707223
17.11543983328364 1.042949837965628
17.138382782121823 1.0670781797417925
17.161325730960005 1.0352885241700471
17.184268679798187 1.055948245462091
17.20721162863637 1.0314180778505027
17.23015457747455 1.021950410649348
17.253097526312732 1.0377023433857546
17.276040475150914 1.0618506497963962
17.298983423989096 1.0475764828607408
17.321926372827278 1.0537705480769155
17.34486932166546 1.0586582477265738
17.36781227050364 1.0336726291573768
17.390755219341823 1.028837666409954
17.413698168180005 1.044893429073483
17.436641117018187 1.0278360230365964
17.45958406585637 1.0545656533016359
17.48252701469455 1.0597873488506742
17.505469963532732 1.0470525815508969
17.528412912370914 1.0525444249366303
17.551355861209096 1.0572044658625275
17.574298810047278 1.0315784290181818
17.59724175888546 1.038954213112612
17.620184707723645 1.0034052562777749
17.643127656561827 1.061589754215741
17.66607060540001 1.0694704224134526
17.68901355423819 1.0345577416523701
17.711956503076372 1.055401071424361
17.734899451914554 1.0595252969170263
17.757842400752736 1.0278194309924205
17.780785349590918 1.0328286789590906
17.8037282984291 1.0535565292304598
17.82667124726728 1.0672220875792675
17.849614196105463 1.021847477692601
17.872557144943645 1.0467852886779836
17.895500093781827 1.0819676875796138
17.91844304262001 1.0367662831828823
17.94138599145819 1.0587193359582354
17.964328940296372 1.0316764119958388
17.987271889134554 1.0537813628161257
18.010214837972736 1.0591812319923397
18.033157786810918 1.0654200290106397
18.0561007356491 1.0661327091393396
18.07904368448728 1.0855423385448426
18.101986633325463 1.0565934674238462
18.124929582163645 1.0630899658091701
18.147872531001827 1.0058032416049811
18.17081547984001 1.018353850626116
18.19375842867819 1.031033381520687
18.216701377516372 1.0938766178626091
18.239644326354554 1.0576261106849756
18.262587275192736 1.0460664728405178
18.285530224030918 1.05935463488399
18.3084731728691 1.054937313305393
18.33141612170728 1.0372097614099498
18.354359070545463 1.0687116342728293
18.377302019383645 1.0480588839603298
18.400244968221827 1.0505144607438683
18.42318791706001 1.0737214506468702
18.44613086589819 1.0416291205508197
18.469073814736372 1.0663442144453896
18.492016763574554 1.0770529643450015
18.514959712412736 1.0862722301891967
18.537902661250918 1.0783738316185496
18.5608456100891 1.0351135682409434
18.58378855892728 1.0530691305232962
18.606731507765463 1.0458162636113262
18.629674456603645 1.0759366718191163
18.652617405441827 1.0791943848180179
18.67556035428001 1.0831416029275014
18.69850330311819 1.056979966569001
18.721446251956372 1.0144413575461013
18.744389200794554 1.0266299127290508
18.767332149632736 1.0409674619807532
18.790275098470918 1.026443714398065
18.8132180473091 1.0288087724424906
18.83616099614728 1.0365900273348716
18.859103944985463 1.062399873432945
18.882046893823645 1.0469933161805174
18.904989842661827 1.0552628088871934
18.92793279150001 1.0318864439893733
18.95087574033819 1.0800509650797385
18.973818689176372 1.0609618581680038
18.996761638014554 1.0236628312301264
19.019704586852736 1.0141199231724944
19.042647535690918 1.0262477910785976
19.0655904845291 1.0445466087755741
19.08853343336728 1.0571312320175266
19.111476382205463 1.034657434233185
19.134419331043645 1.0395485456179168
19.157362279881827 1.031984818027293
19.18030522872001 1.0270483279887863
19.20324817755819 0.9922863344758699
19.226191126396373 1.0255744380903504
19.249134075234554 1.0160834133837502
19.272077024072736 1.0389330188181198
19.295019972910918 1.015402401174672
19.3179629217491 1.0299745389235355
19.34090587058728 0.9898839697969941
19.363848819425463 0.9953959853536778
19.386791768263645 1.0252384081528703
19.409734717101827 0.9815193732282692
19.43267766594001 1.001810721368321
19.45562061477819 0.9926978116744695
19.478563563616373 1.0047061677619957
19.501506512454554 1.0430989230449448
19.524449461292736 0.962251196631502
19.547392410130918 1.0412553185797484
19.5703353589691 0.9665539104182814
19.59327830780728 1.0048799425851922
19.616221256645463 1.0333716609969268
19.639164205483645 0.9829339500676535
19.662107154321827 0.9919818682233686
19.68505010316001 0.9748586548723248
19.70799305199819 0.9708808670363064
19.730936000836373 1.0192091558004457
19.753878949674554 1.0224797837405835
19.776821898512736 1.0001384515243914
19.799764847350918 1.0010691069667634
19.8227077961891 0.9893224789743748
19.84565074502728 0.9963732083599486
19.868593693865463 0.995241995987751
19.891536642703645 0.9813349102581993
19.914479591541827 0.9695384205194337
19.93742254038001 0.9954622372039366
19.96036548921819 0.9668635670095337
19.983308438056373 0.9980197244501027
20.006251386894554 0.9765261306177822
20.029194335732736 0.952347908807135
20.052137284570918 0.9617247281841821
20.0750802334091 0.9552394009888235
20.09802318224728 0.988589039496542
20.120966131085464 1.0072062775434434
20.143909079923645 0.9765379585846176
20.166852028761827 0.9665746114549616
20.18979497760001 0.9806209557946458
20.21273792643819 0.9896207552633814
20.235680875276373 0.9729126965934195
20.258623824114554 0.9812978856460745
20.281566772952736 0.9766640337406702
20.304509721790918 0.9729089549710698
20.3274526706291 0.9687993783485911
20.35039561946728 0.9581609609217889
20.373338568305464 0.9502580586862279
20.396281517143645 0.9886992107814765
20.419224465981827 0.9679208266060179
20.44216741482001 0.9584930073858541
20.46511036365819 0.9924012481374515
20.488053312496373 0.9584137416221185
20.510996261334554 0.9589014466747252
20.533939210172736 0.9701490392638884
20.556882159010918 0.9753670580374938
20.5798251078491 0.9802122473329302
20.60276805668728 0.9432091963509747
20.625711005525464 0.9806416041594764
20.648653954363645 0.9416173530828601
20.671596903201827 0.9706389382295211
20.69453985204001 0.9360795532396597
20.71748280087819 0.9598953886029459
20.740425749716373 0.9598015558682967
20.763368698554554 0.9857860428977274
20.786311647392736 0.9612414470140539
20.809254596230918 0.9342589624892008
20.8321975450691 0.9652948458157836
20.85514049390728 0.9649533840646497
20.878083442745464 0.9540741814880005
20.901026391583645 0.9654883528923509
20.923969340421827 0.9869796075635149
20.94691228926001 0.9526572361847885
20.96985523809819 0.9823395128250432
20.992798186936373 0.9322673980087041
21.015741135774554 0.9701179580621823
21.038684084612736 0.9678437233613622
21.061627033450918 0.9782981186566029
21.0845699822891 0.9579533891986091
21.10751293112728 0.9536531888477646
21.130455879965464 0.9727257018659152
21.153398828803645 0.9429772003569972
21.176341777641827 0.9494589741017119
21.19928472648001 0.9572456227658767
21.22222767531819 0.9376549188114555
21.245170624156373 0.9680383633213134
21.268113572994555 0.9563645555935972
21.291056521832736 0.9537555155027191
21.313999470670918 0.9720167504229613
21.3369424195091 0.9736127119157375
21.359885368347282 0.9298911944984709
21.382828317185464 0.9387239316703445
21.405771266023645 0.9643435969307197
21.428714214861827 0.9830627440281333
21.45165716370001 0.9378545342071455
21.47460011253819 0.9749364501511958
21.497543061376373 0.9459524266001005
21.520486010214555 0.966015656616541
21.543428959052736 0.9853701705333195
21.566371907890918 0.9300816131812738
21.5893148567291 0.9424679601368627
21.612257805567282 0.9310249103080862
21.635200754405464 0.9658252577596355
21.658143703243645 0.907742226150833
21.681086652081827 0.9671297243489124
21.70402960092001 0.9466870806873944
21.72697254975819 0.9283643011795287
21.749915498596373 0.9600709703564484
21.772858447434555 0.9665766674182887
21.795801396272736 0.9883434337725849
21.818744345110918 0.9706179491270434
21.8416872939491 0.9623152975243136
21.864630242787282 0.9538577579820164
21.887573191625464 0.9983152734242164
21.910516140463645 0.9705706071983323
21.933459089301827 0.9920167839610634
21.95640203814001 0.9297301754707572
21.97934498697819 0.9505131417780974
22.002287935816373 0.9297858031196915
22.025230884654555 0.9535386263274342
22.048173833492736 0.9481539244851163
22.07111678233092 0.9825985868570691
22.0940597311691 0.9641677309287766
22.117002680007282 1.0000891290307827
22.139945628845464 0.9917243694748517
22.162888577683646 0.9539379499869776
22.185831526521827 1.0124954377022661
22.20877447536001 0.973294407805441
22.23171742419819 0.9933172274995323
22.254660373036373 0.9784598022162136
22.277603321874555 1.0234412794383128
22.300546270712736 0.965647062679647
22.32348921955092 0.9900356921922039
22.3464321683891 0.9633167023347364
22.369375117227282 0.9721630038663716
22.392318066065464 0.9703915256203504
22.415261014903646 0.9830744537847361
22.438203963741827 0.9872654037105321
22.46114691258001 1.005009618707043
22.48408986141819 0.9667437640057621
22.507032810256373 1.0223293139043779
22.529975759094555 0.9884431746922333
22.552918707932736 1.0115015433304333
22.57586165677092 1.0054665117648924
22.5988046056091 1.0097929248773485
22.621747554447282 1.0153679852032078
22.644690503285464 0.9857116309697947
22.667633452123646 0.9744364181084793
22.690576400961827 0.9883603200721555
22.71351934980001 0.9945323986581426
22.73646229863819 1.015070834240533
22.759405247476373 1.0057319701392244
22.782348196314555 0.9829132865749582
22.805291145152736 1.011345874954378
22.82823409399092 0.9860892768997456
22.8511770428291 1.0231564809679707
22.874119991667282 1.0085268027869934
22.897062940505464 0.9777691618754769
22.920005889343646 0.9829851356298773
22.942948838181827 0.9932265273724089
22.96589178702001 0.9973271683855938
22.98883473585819 0.9932368754678009
23.011777684696373 1.0240837671213157
23.034720633534555 1.0003896075860303
23.057663582372736 0.9855912247771661
23.08060653121092 1.0163331142365593
23.1035494800491 1.0083906481186649
23.126492428887282 1.0221429073224917
23.149435377725464 1.0334549245882165
23.172378326563646 1.0040251428396287
23.195321275401827 1.0338764131814777
23.21826422424001 1.0138692501102897
23.24120717307819 1.0165888496615487
23.264150121916373 1.0135721173929035
23.287093070754555 1.0034085321739579
23.310036019592737 1.0250310048234639
23.33297896843092 1.0281771346645365
23.3559219172691 1.0319593249358803
23.378864866107282 1.0192707221766284
23.401807814945464 1.0141856828794251
23.424750763783646 1.0085937495565729
23.447693712621827 1.0144861807149261
23.47063666146001 1.0252605175689893
23.49357961029819 1.0117433798975672
23.516522559136373 1.0123225524799386
23.539465507974555 1.010640332443674
23.562408456812737 1.003353028323257
23.58535140565092 1.0256611314608617
23.6082943544891 1.014718053412867
23.631237303327282 1.028525954907132
23.654180252165464 1.0527561647482442
23.677123201003646 1.0105625769892843
23.700066149841827 1.0512991548795683
23.72300909868001 1.0411111919633833
23.74595204751819 1.0348055688859052
23.768894996356373 1.0618183934853833
23.791837945194555 1.0472362843049354
23.814780894032737 1.013186430727508
23.83772384287092 1.0317022816319885
23.8606667917091 1.0460011930216926
23.883609740547282 1.035121300194388
23.906552689385464 1.0540779663310478
23.929495638223646 1.0475637014359216
23.952438587061827 1.001159241473209
23.97538153590001 1.0522327446482518
23.99832448473819 1.0209045081477117
24.021267433576373 1.0421504016691765
24.044210382414555 1.0191789584306172
24.067153331252737 1.0257991730126446
24.09009628009092 1.0715904900878193
24.1130392289291 1.0501524512561122
24.135982177767282 1.0319441094241133
24.158925126605464 1.0333718621443764
24.181868075443646 1.031153418805463
24.204811024281828 1.0093660185704447
24.22775397312001 1.0473401498267823
24.25069692195819 1.0577389615809514
24.273639870796373 1.06084022681144
24.296582819634555 1.058754513222374
24.319525768472737 1.040233831258425
24.34246871731092 1.051107093695599
24.3654116661491 1.0283756655601282
24.388354614987282 1.0161653864466353
24.411297563825464 1.0408876707782024
24.434240512663646 1.0539274347498233
24.457183461501828 1.0340423378624188
24.48012641034001 1.0269187251884033
24.50306935917819 1.03611017512589
24.526012308016373 1.041059623304834
24.548955256854555 1.0356602122134557
24.571898205692737 1.0362180881988792
24.59484115453092 1.0677291223625112
24.6177841033691 1.0294055019217905
24.640727052207282 1.0086185321723427
24.663670001045464 1.0302327953330488
24.686612949883646 1.041425430301724
24.709555898721828 1.0404364495610918
24.73249884756001 0.9986328206029212
24.75544179639819 1.0447419023169902
24.778384745236373 1.0106107419660793
24.801327694074555 1.0004464496328844
24.824270642912737 1.0543172968035586
24.84721359175092 1.0256905744119709
24.8701565405891 1.012648380377184
24.893099489427282 1.0579180412780698
24.916042438265464 1.045260520865445
24.938985387103646 1.0372187739267036
24.961928335941828 1.03040581909757
24.98487128478001 1.0328850053781407
25.00781423361819 1.035520812633827
25.030757182456373 1.06391907101235
25.053700131294555 1.0198976902599168
25.076643080132737 1.0236580941222726
25.09958602897092 1.0172511875678598
25.1225289778091 1.0318409287371244
25.145471926647282 1.0082067263436274
25.168414875485464 1.043042169628525
25.191357824323646 1.0330614763616819
25.214300773161828 1.02020345241142
25.23724372200001 1.0132965331594175
25.26018667083819 1.0113447946260619
25.283129619676373 1.0100354619724756
25.306072568514555 1.0277191827064505
25.329015517352737 1.0016087330217183
25.35195846619092 1.0340088447854041
25.3749014150291 0.9956250370607886
25.397844363867282 0.9995138196467492
25.420787312705464 1.003946720988693
25.443730261543646 1.0198818221712433
25.466673210381828 1.0317652500833614
25.48961615922001 1.0094555486338865
25.51255910805819 1.0204420952565811
25.535502056896373 1.0568842440704724
25.558445005734555 1.0019658064117731
25.581387954572737 0.9964077043975003
25.60433090341092 1.0182181882569692
25.6272738522491 0.9982624329462513
25.650216801087282 0.9777023992794567
25.673159749925464 1.000052403341994
25.696102698763646 0.9960159993312437
25.719045647601828 0.9692005476347505
25.74198859644001 0.9763068208607477
25.76493154527819 0.9753374799578796
25.787874494116373 1.034479282109814
25.810817442954555 0.9862926224760417
25.833760391792737 0.9762663926893177
25.85670334063092 1.0185870264851782
25.8796462894691 0.9949124403144759
25.902589238307282 1.0187286850043995
25.925532187145464 0.9957728829397254
25.948475135983646 1.0049099304974176
25.971418084821828 0.9772857064904102
25.99436103366001 1.0235771185559783
26.01730398249819 0.9947339710144296
26.040246931336373 1.0132328849321142
26.063189880174555 0.9639691466457625
26.086132829012737 0.9944038585449656
26.10907577785092 0.9887262822688577
26.1320187266891 0.9979723279159427
26.154961675527282 1.0044177972095718
26.177904624365464 1.0057737813265202
26.200847573203646 1.0263025052309183
26.223790522041828 0.9796318150789338
26.24673347088001 0.9810784887222121
26.26967641971819 1.0077964753344475
26.292619368556373 0.9880241394495022
26.315562317394555 0.9987669390239957
26.338505266232737 0.9642889066311099
26.36144821507092 0.9940004085380126
26.3843911639091 0.963977031138186
26.407334112747282 0.9877422637683806
26.430277061585464 1.0030706483817406
26.453220010423646 0.9606962454897391
26.476162959261828 0.9801939374240028
26.49910590810001 0.973229413459167
26.52204885693819 0.9815000585990034
26.544991805776373 0.9946596477359367
26.567934754614555 0.9619481586793348
26.590877703452737 0.9499042530720354
26.61382065229092 0.9889285411699515
26.6367636011291 0.9596584667071623
26.659706549967282 0.9784400147567247
26.682649498805464 0.9691460038502766
26.705592447643646 0.9844163246197616
26.728535396481828 0.9892015770243655
26.75147834532001 0.9846624021603948
26.77442129415819 0.9758547230037736
26.797364242996373 0.9836405900254529
26.820307191834555 0.9959435380100373
26.843250140672737 0.9639435527390677
26.86619308951092 0.9625502370475326
26.8891360383491 1.001389052230822
26.912078987187282 0.986040352089935
26.935021936025464 0.9883781410060251
26.957964884863646 0.969238513030547
26.980907833701828 0.9683538318876269
27.00385078254001 0.9999556261717031
27.02679373137819 0.959939102688583
27.049736680216373 0.9825741861629774
27.072679629054555 0.9681769108860598
27.095622577892737 0.9566056606275104
27.11856552673092 0.9653388024709741
27.1415084755691 0.9628932183149053
27.164451424407282 1.0190310176836612
27.187394373245464 0.9683098746303308
27.210337322083646 0.9696544358202617
27.233280270921828 0.9717394511709097
27.25622321976001 0.9594791877465583
27.27916616859819 0.95668247843462
27.302109117436373 0.9574051907301894
27.325052066274555 0.9864578285521601
27.347995015112737 0.9825390520639299
27.37093796395092 0.9519966681178963
27.3938809127891 0.9714434795420658
27.416823861627282 0.9816674345866646
27.439766810465464 0.9946884496711831
27.462709759303646 0.9893118720846388
27.485652708141828 0.9801357459173536
27.50859565698001 0.9543873785876619
27.53153860581819 0.9634219319576917
27.554481554656373 0.9502240519162682
27.577424503494555 0.9917007545934284
27.600367452332737 0.971287261101492
27.62331040117092 0.9711920230121817
27.6462533500091 0.9593516851945572
27.669196298847282 0.9632996466515484
27.692139247685464 0.9685358484729513
27.715082196523646 0.9548416494974702
27.738025145361828 0.9723482904599191
27.76096809420001 0.9526385469117423
27.78391104303819 0.9747680539841779
27.806853991876373 0.9492571976977395
27.829796940714555 0.97873592457072
27.852739889552737 0.9909192730526366
27.87568283839092 0.966941779574087
27.8986257872291 0.9829784672717106
27.921568736067282 0.9406936416839127
27.944511684905464 0.9741354246819326
27.967454633743646 0.9780496921237487
27.990397582581828 0.9571094860326004
28.01334053142001 0.9991862541272974
28.03628348025819 0.9543444074681883
28.059226429096373 1.0036465627962305
28.082169377934555 0.9902709371579095
28.105112326772737 0.9765976762993397
28.12805527561092 0.9602870733792389
28.1509982244491 1.009397720596659
28.173941173287282 0.9981982320040044
28.196884122125464 0.9958990839784833
28.219827070963646 0.9926875120921266
28.242770019801828 0.9821638237798793
28.26571296864001 0.9668307930655449
28.28865591747819 0.9809410235882697
28.311598866316373 0.9979989520187761
28.334541815154555 0.9950506567964702
28.357484763992737 0.9634883792687126
28.38042771283092 0.9682336484568523
28.4033706616691 1.0075277628823966
28.426313610507282 1.0300602136791848
28.449256559345464 1.0008262386308628
28.472199508183646 0.978464010428415
28.495142457021828 0.9825887227900126
28.51808540586001 0.9570471274197748
28.54102835469819 0.9965271830535156
28.563971303536373 0.9824948331801392
28.586914252374555 0.9668647765978191
28.609857201212737 0.9742513907118551
28.63280015005092 0.9914873957166285
28.6557430988891 0.9870261400935073
28.678686047727282 0.9931228720606351
28.701628996565464 0.9718972803477884
28.724571945403646 0.9968179056956848
28.747514894241828 0.9972219297601741
28.77045784308001 1.0147120343250413
28.79340079191819 1.000145626203453
28.816343740756373 0.9607134318743283
28.839286689594555 1.0053012099205383
28.862229638432737 0.9957520579919724
28.88517258727092 0.9759252545665063
28.9081155361091 0.9917220038635086
28.931058484947282 1.0102371527872995
28.954001433785464 0.9887340225331269
28.976944382623646 0.986224209537088
28.999887331461828 0.9906805495572255
29.02283028030001 0.9876466542371071
29.04577322913819 1.0079509164335445
29.068716177976373 0.9937191756876457
29.091659126814555 1.025720823871542
29.114602075652737 1.0156799057742023
29.13754502449092 1.0428953663008491
29.1604879733291 1.028240825797671
29.183430922167283 1.0077098508588485
29.206373871005464 1.0158249623111997
29.229316819843646 0.9952035714923467
29.252259768681828 0.997061763555711
29.27520271752001 0.9831242334834625
29.29814566635819 0.9897635273503397
29.321088615196373 1.0135588860506837
29.344031564034555 0.9826922801940452
29.366974512872737 1.0075080561997405
29.389917461710922 1.0252330251601582
29.412860410549104 0.9954583941422159
29.435803359387286 1.0027891594777654
29.458746308225468 1.0192236378317108
29.48168925706365 0.9791759295384266
29.50463220590183 0.997755989792741
29.527575154740013 1.0121018137329552
29.550518103578195 1.0048842209296782
29.573461052416377 1.019373749637291
29.59640400125456 1.0253565274145293
29.61934695009274 0.9953852844674907
29.642289898930922 1.016604975816631
29.665232847769104 0.9983216821102441
29.688175796607286 1.0021774633599305
29.711118745445468 1.0110403259760674
29.73406169428365 0.9832412357478819
29.75700464312183 1.0267479300231204
29.779947591960013 1.0412828957063172
29.802890540798195 1.0399013896396467
29.825833489636377 0.9897297473008014
29.84877643847456 1.0160758246732104
29.87171938731274 0.9991594097707417
29.894662336150922 1.0339149987326035
29.917605284989104 1.0078993058840677
29.940548233827286 0.9984071972960655
29.963491182665468 1.030910639177814
29.98643413150365 1.0070005364421328
30.00937708034183 1.0379071705162852
30.032320029180013 1.015046908406621
30.055262978018195 1.0132900658488493
30.078205926856377 1.0199514269793821
30.10114887569456 1.0425750614398959
30.12409182453274 1.014822600271979
30.147034773370923 1.0102222468453972
30.169977722209104 1.0359856521167068
30.192920671047286 1.0267230713242312
30.215863619885468 1.04084854909567
30.23880656872365 1.0449938132778933
30.26174951756183 1.0016767365956387
30.284692466400013 1.0391883619774056
30.307635415238195 1.0289635202444003
30.330578364076377 1.0300705964105814
30.35352131291456 0.998840985193999
30.37646426175274 0.9999262033602573
30.399407210590923 1.0372841071680798
30.422350159429104 1.043408094257778
30.445293108267286 1.0115090125121209
30.468236057105468 1.0435071823328383
30.49117900594365 1.0325114561203677
30.51412195478183 1.0372749646902335
30.537064903620013 1.016651459338289
30.560007852458195 1.0357114181004923
30.582950801296377 1.0421435706326716
30.60589375013456 1.0260252282592242
30.62883669897274 1.0286907304221522
30.651779647810923 1.0307094900533718
30.674722596649104 1.00661770249477
30.697665545487286 1.0414244869604639
30.720608494325468 1.0326781189944558
30.74355144316365 1.017147466233254
30.76649439200183 1.0214243031035266
30.789437340840013 1.025505769335895
30.812380289678195 1.0266522276894845
30.835323238516377 1.011559620048241
30.85826618735456 1.0119122385013917
30.88120913619274 1.0365810015578873
30.904152085030923 1.05315915296512
30.927095033869104 1.0202638184076296
30.950037982707286 1.0203464741869208
30.972980931545468 1.024891040520391
30.99592388038365 1.0191822183784776
31.01886682922183 1.0384524357769742
31.041809778060014 1.012196758653079
31.064752726898195 1.0301779459966154
31.087695675736377 1.0086253306935151
31.11063862457456 1.0028337662790412
31.13358157341274 1.0473943661562382
31.156524522250923 1.0084339760362173
31.179467471089104 1.018328433183238
31.202410419927286 1.0082808283113502
31.225353368765468 1.0041060468896843
31.24829631760365 1.0090726957412417
31.27123926644183 1.0279412086669026
31.294182215280014 1.0105319651232587
31.317125164118195 1.012335341695681
31.340068112956377 1.0056937625321873
31.36301106179456 1.039771480084519
31.38595401063274 1.0346826912306166
31.408896959470923 1.0370653706096549
31.431839908309104 0.9930163276185444
31.454782857147286 1.0114451014486108
31.477725805985468 0.9963428366874951
31.50066875482365 1.0320041176437338
31.52361170366183 1.016304389833881
31.546554652500014 1.0244949373106502
31.569497601338195 1.0320135623481776
31.592440550176377 1.0085770846624746
31.61538349901456 1.0211941921259933
31.63832644785274 1.0128062218462985
31.661269396690923 1.0242166812016547
31.684212345529104 1.00227226176463
31.707155294367286 1.0001296226532217
31.730098243205468 1.0047772139722873
31.75304119204365 1.0169848611949595
31.77598414088183 0.9858430150115493
31.798927089720014 1.012779814560684
31.821870038558195 0.9925559007080064
31.844812987396377 0.9950342119104412
31.86775593623456 1.0048569861698833
31.89069888507274 0.980781942571495
31.913641833910923 0.9984872434502026
31.936584782749105 1.019702368167363
31.959527731587286 1.006832608728263
31.982470680425468 1.021070756158591
32.00541362926365 1.0193440438283186
32.02835657810183 1.0033005149945222
32.051299526940014 0.9932022716726243
32.07424247577819 0.9753401296295944
32.09718542461638 1.0064143621068027
32.120128373454556 1.0395166701180005
32.14307132229274 1.0138041414393268
32.16601427113092 0.9939614873946835
32.188957219969105 1.0014605027761088
32.21190016880728 0.9934957077895046
32.23484311764547 1.0097979364748513
32.257786066483646 0.9748108842667912
32.28072901532183 1.0103739619298184
32.30367196416001 1.000233223872393
32.326614912998195 0.9961778713520252
32.349557861836374 0.9785704806297123
32.37250081067456 1.0015664700817368
32.39544375951274 1.0036170113283942
32.41838670835092 0.9898118852199865
32.4413296571891 1.007078658589538
32.464272606027286 0.9945811401095991
32.487215554865465 1.005173612122753
32.51015850370365 1.0039372016532373
32.53310145254183 1.002451173623148
32.556044401380014 0.9811747711194987
32.57898735021819 0.9838652347511687
32.60193029905638 0.9883506759894942
32.624873247894556 1.0126671751097278
32.64781619673274 1.004525191076589
32.67075914557092 0.9949191632458986
32.693702094409105 0.9660870681173344
32.71664504324728 0.9877198324655505
32.73958799208547 0.9922531386132759
32.76253094092365 0.9859091646150947
32.78547388976183 1.013546745861439
32.80841683860001 1.0099349857302713
32.831359787438195 0.9780722327441462
32.854302736276374 0.9721668015508962
32.87724568511456 0.9894143149606581
32.90018863395274 1.0064690473207467
32.92313158279092 1.0070795537377533
32.9460745316291 0.9778914627438539
32.969017480467286 0.9868290960077699
32.991960429305465 1.0001385249890873
33.01490337814365 0.9455482680971968
33.03784632698183 0.9914666351239809
33.060789275820014 0.9819680194780971
33.08373222465819 0.9825602583534362
33.10667517349638 0.9704401565516014
33.129618122334556 0.9946903878964661
33.15256107117274 0.9921935121089744
33.17550402001092 0.9912974326512931
33.198446968849105 0.9900126630823818
33.22138991768728 0.9881865617146312
33.24433286652547 0.9861909562891545
33.26727581536365 0.9706708527915421
33.29021876420183 0.9688162373924163
33.31316171304001 0.9814580123378599
33.336104661878196 0.9713831658007867
33.359047610716374 0.9879198682582017
33.38199055955456 0.9853751495168878
33.40493350839274 0.9758024710262019
33.42787645723092 0.9973599183113198
33.4508194060691 0.9925130219337341
33.47376235490729 0.9869490593424155
33.496705303745465 0.978172166303209
33.51964825258365 0.9607690912964234
33.54259120142183 0.9686354638930561
33.565534150260014 0.9790590633386989
33.58847709909819 0.9700987522144296
33.61142004793638 0.9550459973045291
33.634362996774556 0.968783417480879
33.65730594561274 0.9744378986943889
33.68024889445092 0.9672797412440829
33.703191843289105 0.9842141159878616
33.72613479212728 0.9847881895439876
33.74907774096547 0.9974167206039875
33.77202068980365 0.9996671699416758
33.79496363864183 0.9726180022715251
33.81790658748001 0.9585648638179627
33.840849536318196 0.9612282291545552
33.863792485156374 0.9636033927738079
33.88673543399456 0.9831901412639191
33.90967838283274 0.9579306637459728
33.93262133167092 0.9599059352733703
33.9555642805091 0.9743685157989135
33.97850722934729 0.9559698317048406
34.001450178185465 0.9742274366610166
34.02439312702365 0.989537057081572
34.04733607586183 0.9823336200556485
34.070279024700014 0.978750717748921
34.09322197353819 1.0151765119321017
34.11616492237638 0.9851157379767694
34.139107871214556 0.9474481905321267
34.16205082005274 0.9839655121529368
34.18499376889092 0.9788823597214755
34.207936717729105 0.9609126591169967
34.23087966656728 0.9936318095225768
34.25382261540547 0.9772015293069855
34.27676556424365 0.9787198483628174
34.29970851308183 0.9622841540966968
34.32265146192001 0.9735217828519721
34.345594410758196 1.008034787198535
34.368537359596374 0.9864385056785657
34.39148030843456 0.9783558091085429
34.41442325727274 0.9510032507020034
34.43736620611092 0.9702466482610901
34.4603091549491 1.0005534504666258
34.48325210378729 0.980943356381038
34.506195052625465 0.9883560048156307
34.52913800146365 0.9907382760969808
34.55208095030183 0.9730348950357918
34.575023899140014 0.9973170297120025
34.59796684797819 0.9704910986545715
34.62090979681638 0.9862126528185261
34.643852745654556 0.9678101229001304
34.66679569449274 1.0240649752432385
34.68973864333092 0.9903681772032236
34.712681592169105 1.003454422801261
34.73562454100728 0.9730095499927178
34.75856748984547 0.9911989094017966
34.78151043868365 1.0012939055053505
34.80445338752183 0.9929083081365625
34.82739633636001 1.0005861134549685
34.850339285198196 0.992434882308945
34.873282234036374 0.9995557236236725
34.89622518287456 0.98776088898993
34.91916813171274 0.9702898819924008
34.94211108055092 0.9744984742622332
34.9650540293891 0.992033195214043
34.98799697822729 1.001555550659618
35.010939927065465 0.9789458712509186
35.03388287590365 1.0028390672862104
35.05682582474183 0.9931152937634106
35.079768773580014 0.9995529307404402
35.10271172241819 1.0260427211551792
35.12565467125638 0.9946013280259502
35.148597620094556 0.9764175986314441
35.17154056893274 0.999920089116921
35.19448351777092 0.9636095508445441
35.217426466609105 1.0163611915209574
35.24036941544729 1.0109701439366017
35.26331236428547 0.9874284839624077
35.286255313123654 1.006407507032842
35.30919826196183 1.0314059148465013
35.33214121080002 1.0180201391170587
35.355084159638196 1.00540428135034
35.37802710847638 0.9815914017452658
35.40097005731456 1.0070380105708716
35.423913006152745 1.0075635516434236
35.44685595499092 1.0094167923924615
35.46979890382911 1.0187433193153383
35.49274185266729 1.0141773737964
35.51568480150547 1.0077536705778327
35.53862775034365 1.0191023476414047
35.561570699181836 1.0203944868328372
35.584513648020014 1.0023096607689408
35.6074565968582 0.9915436196025065
35.63039954569638 0.9844874380541205
35.65334249453456 1.0116260388082257
35.67628544337274 0.9873952055579096
35.69922839221093 1.0227931374536205
35.722171341049105 1.004203601609456
35.74511428988729 1.004710176995585
35.76805723872547 1.0057240322171526
35.791000187563654 1.0265103991544116
35.81394313640183 1.0004515842097816
35.83688608524002 1.0084524689846033
35.859829034078196 1.0056958181196078
35.88277198291638 0.9902464740268864
35.90571493175456 1.0111649023069453
35.928657880592745 1.0150561552264523
35.95160082943092 1.0113391057275478
35.97454377826911 0.9972043454546353
35.99748672710729 1.007100769105552
36.02042967594547 0.9909133140131446
36.04337262478365 1.011657173009452
36.066315573621836 0.9857612584340442
36.089258522460014 1.0128485792110589
36.1122014712982 1.0162362791606587
36.13514442013638 1.0153369439719355
36.15808736897456 1.0277659554704768
36.18103031781274 1.0128627355774793
36.20397326665093 1.0003507303519588
36.226916215489105 1.0010799539335957
36.24985916432729 1.0097695466492391
36.27280211316547 1.021008951108951
36.295745062003654 1.0115662260218474
36.31868801084183 1.022546891203341
36.34163095968002 1.0070040955907589
36.364573908518196 0.9987484698954284
36.38751685735638 1.0139181543493017
36.41045980619456 1.0173192119672128
36.433402755032745 1.030801251079482
36.45634570387092 1.0208778467116468
36.47928865270911 0.9924375133886693
36.50223160154729 1.0164070309942446
36.52517455038547 1.0151484000372428
36.54811749922365 1.0185240762917755
36.571060448061836 1.0336656346807291
36.594003396900014 1.0339712944925863
36.6169463457382 1.0284101099174767
36.63988929457638 1.0207859821861678
36.66283224341456 1.0151753527645493
36.68577519225274 1.0355526158515453
36.70871814109093 1.0180660823340728
36.731661089929105 1.0276583146399745
36.75460403876729 1.019551566021034
36.77754698760547 1.0254416960692225
36.800489936443654 1.0237538372317618
36.82343288528183 1.0060854265276855
36.84637583412002 1.0141178980750143
36.869318782958196 1.0493763694210014
36.89226173179638 1.0066377228221852
36.91520468063456 1.0000115774603802
36.938147629472745 1.0072386714895922
36.96109057831092 1.0367878043109842
36.98403352714911 1.0183236978791528
37.00697647598729 1.0231138082990003
37.02991942482547 1.0335665278535484
37.05286237366365 1.0150175469544278
37.075805322501836 1.026391472171257
37.098748271340014 1.0098487815805153
37.1216912201782 1.0252036238508972
37.14463416901638 1.0630897718199481
37.16757711785456 1.0006978550896077
37.19052006669274 1.0217913539876766
37.21346301553093 1.0243783314305623
37.236405964369105 1.017663140167235
37.25934891320729 1.011061839094742
37.28229186204547 1.0342760683931362
37.305234810883654 1.0047656724568592
37.32817775972183 1.0132605699596549
37.35112070856002 1.0054389118210083
37.374063657398196 1.0548992221942715
37.39700660623638 1.0193168357943132
37.41994955507456 1.0277244004006094
37.442892503912745 1.0155843485184104
37.46583545275092 0.9981683003761931
37.48877840158911 1.0131497913318193
37.51172135042729 1.0151885486706647
37.53466429926547 1.0306357583874337
37.55760724810365 1.0269462639747846
