k*sigma_0 S(k)

0.0229429488381818 0.6357377500393484
0.0458858976763637 0.39800197754035094
0.0688288465145455 0.39162578897237227
0.0917717953527273 0.32841613547332954
0.1147147441909091 0.22826473720421375
0.137657693029091 0.3114902655322087
0.1606006418672728 0.26109344265795875
0.1835435907054546 0.14782943863096953
0.2064865395436364 0.23319862806146147
0.2294294883818183 0.2876633252999835
0.2523724372200001 0.20149029536237187
0.275315386058182 0.15212369579249369
0.2982583348963638 0.15594561076734734
0.3212012837345456 0.27189923380655584
0.3441442325727274 0.23682119216680644
0.3670871814109092 0.20519264203425572
0.3900301302490911 0.21852617788787285
0.4129730790872729 0.20258522253376673
0.4359160279254547 0.2720897452066024
0.4588589767636365 0.24341097691551433
0.4818019256018184 0.23195841614897114
0.5047448744400002 0.2102362755255971
0.527687823278182 0.26198387896174535
0.5506307721163639 0.20412622277213122
0.5735737209545457 0.21235880739486343
0.5965166697927275 0.22136631874961166
0.6194596186309094 0.29890654547419193
0.6424025674690912 0.26309619400953566
0.665345516307273 0.24090059328567662
0.6882884651454548 0.27552669902094273
0.7112314139836367 0.24007125536758334
0.7341743628218185 0.2646187485110162
0.7571173116600003 0.2502260827363211
0.7800602604981821 0.2897572637112754
0.8030032093363639 0.2561219966700819
0.8259461581745458 0.3023573752411482
0.8488891070127276 0.2372438300596037
0.8718320558509094 0.2387411121518993
0.8947750046890912 0.29368930718149516
0.917717953527273 0.2577457417690248
0.940660902365455 0.24744381685926933
0.9636038512036368 0.2385308681066945
0.9865468000418186 0.2684799985414318
1.0094897488800003 0.24555826154717703
1.0324326977181821 0.27839787623312223
1.055375646556364 0.2547757638167655
1.0783185953945458 0.2438304412996918
1.1012615442327278 0.25259326433182444
1.1242044930709096 0.24687515231061244
1.1471474419090915 0.28249538470009844
1.1700903907472733 0.26773221409200376
1.193033339585455 0.2986394041144199
1.215976288423637 0.2648859072910759
1.2389192372618187 0.2608905656619327
1.2618621861000006 0.27143873851034594
1.2848051349381824 0.23084369944745103
1.3077480837763642 0.28003480459836694
1.330691032614546 0.28623569813579697
1.3536339814527278 0.26007165252293774
1.3765769302909097 0.3124060632222039
1.3995198791290915 0.28489269901136166
1.4224628279672733 0.3162042217475221
1.4454057768054551 0.2858142119664348
1.468348725643637 0.30593036551611374
1.4912916744818188 0.26922610451845136
1.5142346233200006 0.283191263233894
1.5371775721581824 0.27871672777841083
1.5601205209963642 0.29187745757238787
1.583063469834546 0.3030792702546337
1.6060064186727279 0.2745557741509427
1.6289493675109097 0.2778259636702254
1.6518923163490915 0.286715192442835
1.6748352651872733 0.33529668393939227
1.6977782140254551 0.3127015190555827
1.720721162863637 0.2897239457812715
1.7436641117018188 0.3063674033707766
1.7666070605400006 0.32001500872167804
1.7895500093781824 0.3219172593590072
1.8124929582163642 0.30764626595684796
1.835435907054546 0.27656178229273876
1.858378855892728 0.34659291502997447
1.88132180473091 0.2993985541522295
1.9042647535690918 0.30826700832755927
1.9272077024072736 0.29886967362893163
1.9501506512454554 0.31742741050349466
1.9730936000836372 0.3135034546127441
1.996036548921819 0.371572176092203
2.0189794977600006 0.3305415622325971
2.0419224465981825 0.3156371144261334
2.0648653954363643 0.33740451857649556
2.087808344274546 0.3897379495541664
2.110751293112728 0.32275737221487216
2.1336942419509097 0.3416275807090187
2.1566371907890916 0.3173594273331351
2.1795801396272734 0.3907823987397345
2.2025230884654556 0.3588612970906312
2.2254660373036375 0.35578393868554514
2.2484089861418193 0.37547797722685117
2.271351934980001 0.3689108398016378
2.294294883818183 0.38330814837575294
2.3172378326563647 0.34415666918972043
2.3401807814945466 0.3522628852260246
2.3631237303327284 0.41151418973041903
2.38606667917091 0.3899093515758975
2.409009628009092 0.3941469722135554
2.431952576847274 0.37851366438226564
2.4548955256854557 0.39403417323192497
2.4778384745236375 0.4070453594290073
2.5007814233618193 0.4275269760377861
2.523724372200001 0.3921606799627822
2.546667321038183 0.4233522470786025
2.5696102698763648 0.4329720732337496
2.5925532187145466 0.38209583888021265
2.6154961675527284 0.45004015470996456
2.63843911639091 0.43382701239443067
2.661382065229092 0.44006014788126874
2.684325014067274 0.42840525495873577
2.7072679629054557 0.44152693857240277
2.7302109117436375 0.4578428568363933
2.7531538605818193 0.4510423733642844
2.776096809420001 0.4272256069680417
2.799039758258183 0.46048572594011505
2.821982707096365 0.45220742960968313
2.8449256559345466 0.4611609159491284
2.8678686047727284 0.4421529849723676
2.8908115536109102 0.5140858941185165
2.913754502449092 0.4984339058406091
2.936697451287274 0.5126467501791842
2.9596404001254557 0.4741723733364472
2.9825833489636375 0.5455926478093006
3.0055262978018193 0.5288161199383093
3.028469246640001 0.5347116846907894
3.051412195478183 0.5651263325945098
3.074355144316365 0.5539709423621844
3.0972980931545466 0.5618140121134566
3.1202410419927284 0.5486452728785387
3.1431839908309103 0.5838312446860522
3.166126939669092 0.5943932356170577
3.189069888507274 0.5945691806040494
3.2120128373454557 0.5224389111173723
3.2349557861836375 0.5583507287735684
3.2578987350218194 0.6083693950119579
3.280841683860001 0.5906374164039078
3.303784632698183 0.6033868595907002
3.326727581536365 0.6126362637671495
3.3496705303745467 0.6449724738810598
3.3726134792127285 0.6232230134523807
3.3955564280509103 0.5848414303949832
3.418499376889092 0.6635485910505838
3.441442325727274 0.6218781391528009
3.4643852745654558 0.6189919378249963
3.4873282234036376 0.674269159130144
3.5102711722418194 0.6676994337208335
3.533214121080001 0.6694539941553682
3.556157069918183 0.6478875172967569
3.579100018756365 0.696204902579808
3.6020429675945467 0.7095274114763159
3.6249859164327285 0.6841535554130143
3.6479288652709103 0.735550676927792
3.670871814109092 0.7636354378109498
3.6938147629472744 0.7454359299064357
3.716757711785456 0.7144926911962506
3.739700660623638 0.7295498156993767
3.76264360946182 0.826816398040827
3.7855865583000017 0.7628498194979134
3.8085295071381835 0.8039368317209348
3.8314724559763653 0.7425419705469879
3.854415404814547 0.8040442500432681
3.877358353652729 0.7584316963873959
3.900301302490911 0.7955589669923679
3.9232442513290926 0.8313251851782126
3.9461872001672744 0.8667685984972415
3.9691301490054562 0.7995065640881064
3.992073097843638 0.8217706352151735
4.015016046681819 0.8432585052427931
4.037958995520001 0.9175780026791197
4.060901944358183 0.9345600988492808
4.083844893196365 0.8767791298745002
4.106787842034547 0.8941752686322708
4.1297307908727285 0.904800931048785
4.15267373971091 0.924482736940463
4.175616688549092 0.9980799852553663
4.198559637387274 0.9597773590485528
4.221502586225456 0.897348513723449
4.244445535063638 0.9436834647255006
4.2673884839018195 0.9339066390813614
4.290331432740001 0.9581698390040679
4.313274381578183 1.0006161027122396
4.336217330416365 0.9606293527663234
4.359160279254547 0.9791160525769954
4.382103228092729 1.0650730391714844
4.405046176930911 1.0556732804033278
4.427989125769093 1.0466127387047632
4.450932074607275 1.1007155556867514
4.473875023445457 1.0859607424260527
4.4968179722836386 1.1537960303469057
4.51976092112182 1.0906346589089564
4.542703869960002 1.0255928659155036
4.565646818798184 1.125983479101896
4.588589767636366 1.058022159951486
4.611532716474548 1.130701926916607
4.6344756653127295 1.0891878150317695
4.657418614150911 1.1779239000656119
4.680361562989093 1.065953354769979
4.703304511827275 1.1680156793073622
4.726247460665457 1.1544872456846251
4.749190409503639 1.1176777478778916
4.77213335834182 1.1821814228517384
4.795076307180002 1.2322233399671296
4.818019256018184 1.207700731190101
4.840962204856366 1.1624126239221995
4.863905153694548 1.1610677311995332
4.8868481025327295 1.2900306279240443
4.909791051370911 1.2091342626324117
4.932734000209093 1.2856350688733422
4.955676949047275 1.205450006614262
4.978619897885457 1.389114266993501
5.001562846723639 1.2745547050267274
5.02450579556182 1.2950973367460097
5.047448744400002 1.3446261355587537
5.070391693238184 1.2329299559825186
5.093334642076366 1.3236401808661256
5.116277590914548 1.3228490627099248
5.1392205397527295 1.2547494575669207
5.162163488590911 1.3083778853576156
5.185106437429093 1.371459568333274
5.208049386267275 1.3045854972881128
5.230992335105457 1.323143669448965
5.253935283943639 1.272050643790247
5.27687823278182 1.3329645309664435
5.299821181620002 1.314532875998333
5.322764130458184 1.3269291091061155
5.345707079296366 1.281890041047619
5.368650028134548 1.2281073017146393
5.3915929769727295 1.3657501085030281
5.414535925810911 1.3093955773364376
5.437478874649093 1.3898917318273298
5.460421823487275 1.3531250097405314
5.483364772325457 1.2546205269465822
5.506307721163639 1.328784002458825
5.5292506700018205 1.3517384166211346
5.552193618840002 1.3451781643790048
5.575136567678184 1.439480490127487
5.598079516516366 1.2835540055359798
5.621022465354548 1.2940696992983916
5.64396541419273 1.3603420905027255
5.666908363030911 1.4078490203176828
5.689851311869093 1.2361254469006677
5.712794260707275 1.2754265122886437
5.735737209545457 1.314674321446029
5.758680158383639 1.3248436677611894
5.7816231072218205 1.2512181696983269
5.804566056060002 1.2919967226995714
5.827509004898184 1.316494408131147
5.850451953736366 1.3800216754047956
5.873394902574548 1.3137538666613269
5.89633785141273 1.3281466257849766
5.919280800250911 1.2699523691583587
5.942223749089093 1.1575731004058498
5.965166697927275 1.3231305629277013
5.988109646765457 1.2773269538503926
6.011052595603639 1.2573768410052826
6.0339955444418205 1.2336397446333622
6.056938493280002 1.1713233987864384
6.079881442118184 1.2146521875041625
6.102824390956366 1.2446344257755442
6.125767339794548 1.2445268932287636
6.14871028863273 1.2005189636109108
6.171653237470911 1.213754000386172
6.194596186309093 1.2083015726695292
6.217539135147275 1.221525669322861
6.240482083985457 1.2276222983686134
6.263425032823639 1.1926136095974869
6.2863679816618205 1.2564102273992248
6.309310930500002 1.1385845668858439
6.332253879338184 1.1790169006135798
6.355196828176366 1.1636786985106675
6.378139777014548 1.1049390383004813
6.40108272585273 1.1489362121591928
6.4240256746909115 1.0784406223061254
6.446968623529093 1.1093274587581288
6.469911572367275 1.1084791459128824
6.492854521205457 1.1147919075307888
6.515797470043639 1.0901283248671727
6.538740418881821 1.1339212783376027
6.561683367720002 1.1243340891902864
6.584626316558184 1.0645290526351912
6.607569265396366 1.066499437342978
6.630512214234548 1.098698955552387
6.65345516307273 1.0269114041495975
6.6763981119109115 1.0853621245856755
6.699341060749093 1.0199309627080826
6.722284009587275 1.0729194143017766
6.745226958425457 1.1198086015842517
6.768169907263639 1.00113752633931
6.791112856101821 1.0636001559773145
6.814055804940002 1.0663199387402207
6.836998753778184 1.093251698753823
6.859941702616366 1.0666926954323446
6.882884651454548 1.0438447305533438
6.90582760029273 1.0265315931496841
6.9287705491309115 1.0252136263422928
6.951713497969093 0.9573385281365249
6.974656446807275 1.036497033536221
6.997599395645457 1.0548346598158616
7.020542344483639 1.0559090982216321
7.043485293321821 0.9716168022465596
7.066428242160002 0.9582444583105453
7.089371190998184 1.0028757133885673
7.112314139836366 0.9978003457275745
7.135257088674548 0.9826897666563825
7.15820003751273 1.0200831852669905
7.1811429863509115 0.9707227706658338
7.204085935189093 1.0036460274979728
7.227028884027275 0.9246447146107877
7.249971832865457 1.0128634267667036
7.272914781703639 0.9446866243946014
7.295857730541821 0.9753935821277606
7.3188006793800024 0.9587320460604323
7.341743628218184 0.9177030849202672
7.364686577056367 0.9576023124008677
7.387629525894549 0.9502190233168488
7.410572474732731 0.8595978393267167
7.433515423570912 0.9435619936612902
7.456458372409094 0.9533735575338569
7.479401321247276 0.9865288705719896
7.502344270085458 0.985521608078938
7.52528721892364 0.9455201016277947
7.5482301677618215 0.9356445027760898
7.571173116600003 0.9665808251240783
7.594116065438185 0.9098819398071476
7.617059014276367 0.9446322827448438
7.640001963114549 0.9021090837173499
7.662944911952731 0.887297720198258
7.6858878607909125 0.926018277021369
7.708830809629094 0.9345197502333601
7.731773758467276 0.8792461987858579
7.754716707305458 0.9336395887644977
7.77765965614364 0.8985699465596815
7.800602604981822 0.9061495106423283
7.823545553820003 0.8865240793764374
7.846488502658185 0.8807617528885645
7.869431451496367 0.913834989100238
7.892374400334549 0.8766711903489783
7.915317349172731 0.8714428711602672
7.9382602980109125 0.8734999792139996
7.961203246849094 0.8644973379824932
7.984146195687276 0.8159936782815945
8.007089144525457 0.9205558471997698
8.030032093363639 0.861340308574877
8.05297504220182 0.8339583232268364
8.075917991040003 0.8355851196515099
8.098860939878184 0.8857265979391183
8.121803888716366 0.89494464435707
8.144746837554548 0.8799865996419759
8.16768978639273 0.909795424599931
8.190632735230912 0.8369504281870748
8.213575684069093 0.9039234891344039
8.236518632907275 0.8615521029540728
8.259461581745457 0.8765386004619429
8.282404530583639 0.8641571810894504
8.30534747942182 0.8313538089390103
8.328290428260003 0.8371445062504926
8.351233377098184 0.8391881960781984
8.374176325936366 0.8125216579712452
8.397119274774548 0.8177925194932684
8.42006222361273 0.8824315939012805
8.443005172450912 0.8617004099632967
8.465948121289093 0.8562796352868438
8.488891070127275 0.856707326544302
8.511834018965457 0.8764335835324656
8.534776967803639 0.8468649448947514
8.55771991664182 0.8748226740197711
8.580662865480003 0.8309957647833466
8.603605814318184 0.8820794366787141
8.626548763156366 0.8533030251580338
8.649491711994548 0.8864783465841959
8.67243466083273 0.8398299341014577
8.695377609670912 0.9078483302857039
8.718320558509093 0.8855492751777199
8.741263507347275 0.8407366002685082
8.764206456185457 0.9174611250486457
8.787149405023639 0.918925007629238
8.810092353861823 0.8760046115801031
8.833035302700004 0.8874288955549747
8.855978251538186 0.853497529550076
8.878921200376368 0.8982649797313178
8.90186414921455 0.8721285012288367
8.924807098052732 0.9066995691185578
8.947750046890913 0.8562196447817696
8.970692995729095 0.8873405920701769
8.993635944567277 0.9022641552032417
9.016578893405459 0.8566580943447071
9.03952184224364 0.903177118979271
9.062464791081823 0.8554151178588422
9.085407739920004 0.8864735385352216
9.108350688758186 0.9065672940598276
9.131293637596368 0.9072378710540361
9.15423658643455 0.8344595433893038
9.177179535272732 0.8952634686483169
9.200122484110913 0.9030876008618332
9.223065432949095 0.9216300120625859
9.246008381787277 0.9182280266360195
9.268951330625459 0.9123346432167575
9.29189427946364 0.9048759859729146
9.314837228301823 0.8756055057610573
9.337780177140004 0.9049171903718451
9.360723125978186 0.928445908909006
9.383666074816368 0.9236536499259755
9.40660902365455 0.9411631997530776
9.429551972492732 0.905361340046273
9.452494921330914 0.9339401113698762
9.475437870169095 0.8611163307510792
9.498380819007277 0.9025508456310125
9.521323767845459 0.9184374221143667
9.54426671668364 0.8985265602450502
9.567209665521823 0.9227138746473975
9.590152614360004 0.9336031470760214
9.613095563198186 0.9547659477800464
9.636038512036368 0.9834072955688391
9.65898146087455 0.9159562896871298
9.681924409712732 0.9532482709772486
9.704867358550914 0.9337422836737143
9.727810307389095 0.9090542616020384
9.750753256227277 0.9250877259488208
9.773696205065459 0.9557615135726362
9.79663915390364 0.9159146616867816
9.819582102741823 0.9622291417462784
9.842525051580004 0.9480756425882563
9.865468000418186 0.9533592457862469
9.888410949256368 0.9472230056838656
9.91135389809455 1.0051544970118018
9.934296846932732 0.9932846415446746
9.957239795770914 0.9550866001331724
9.980182744609095 0.9472886667001857
10.003125693447277 0.932386419221767
10.026068642285459 0.9332856632692436
10.04901159112364 0.9465658974006612
10.071954539961823 1.017185212141849
10.094897488800004 0.9828885324122872
10.117840437638186 0.9144993060839453
10.140783386476368 0.9585511916606071
10.16372633531455 0.9840767416501179
10.186669284152732 0.9885711340452705
10.209612232990914 0.9965963240746597
10.232555181829095 1.019014421457754
10.255498130667277 0.9866274020861068
10.278441079505459 1.0143157643303167
10.30138402834364 0.9556597774038297
10.324326977181823 1.0289835305469337
10.347269926020005 1.027244356582006
10.370212874858186 0.9972960615626858
10.393155823696368 0.9819571190660751
10.41609877253455 1.0542019104376488
10.439041721372732 1.0298399201215085
10.461984670210914 1.0578237135800215
10.484927619049095 1.000316694367521
10.507870567887277 1.026822145319391
10.530813516725459 1.025736366331524
10.55375646556364 1.068473483371692
10.576699414401823 1.0055664019503032
10.599642363240005 0.9933438846919938
10.622585312078186 1.029566473891699
10.645528260916368 1.0622402970819673
10.66847120975455 1.0649746760025802
10.691414158592732 1.047089673526997
10.714357107430914 0.9701196250979977
10.737300056269095 1.0286867309823535
10.760243005107277 1.0367835163677988
10.783185953945459 1.0411043877224322
10.806128902783641 1.0582012637709344
10.829071851621823 1.0682560302458317
10.852014800460005 1.028189880803413
10.874957749298186 1.0206657205681258
10.897900698136368 1.0375877435152228
10.92084364697455 1.10105777553825
10.943786595812732 1.0796475864182113
10.966729544650914 1.0824576589277612
10.989672493489095 1.057203338668753
11.012615442327277 1.005594768427405
11.03555839116546 1.0412708302758562
11.058501340003641 1.0663843643901032
11.081444288841823 1.0798031106202024
11.104387237680005 1.0742930066308238
11.127330186518186 1.073538872562851
11.150273135356368 1.0731220716353063
11.17321608419455 1.0557713902003893
11.196159033032732 1.1101174185855605
11.219101981870914 1.1493877401818624
11.242044930709095 1.0957582486732513
11.264987879547277 1.0602702873091485
11.28793082838546 1.1361956139941558
11.310873777223641 1.069529211080175
11.333816726061823 1.0968383853894002
11.356759674900005 1.0444527173692708
11.379702623738186 1.0742122776212413
11.402645572576368 1.0766778672917205
11.42558852141455 1.0626357949389713
11.448531470252732 1.1033570011638771
11.471474419090914 1.0688515846825033
11.494417367929096 1.0425392130474886
11.517360316767277 1.1173837448487443
11.54030326560546 1.0832647880003166
11.563246214443641 1.0615320557407213
11.586189163281823 1.0999172038135387
11.609132112120005 1.109002339881873
11.632075060958186 1.0883883424831535
11.655018009796368 1.1034070586487286
11.67796095863455 1.1056847646282921
11.700903907472732 1.0876631639881136
11.723846856310914 1.0929936683790207
11.746789805149096 1.095424296546287
11.769732753987277 1.096436082883894
11.79267570282546 1.040728753885502
11.815618651663641 1.1119360613904063
11.838561600501823 1.101027609323469
11.861504549340005 1.0859834290094068
11.884447498178186 1.0482624651471615
11.907390447016368 1.0890648901141715
11.93033339585455 1.0542130843685913
11.953276344692732 1.1095850725978549
11.976219293530914 1.0737946876864815
11.999162242369096 1.09559409203708
12.022105191207277 1.1332561907775254
12.04504814004546 1.1324675779821718
12.067991088883641 1.0838963661414138
12.090934037721823 1.065279601422802
12.113876986560005 1.085612725209673
12.136819935398186 1.0920536957117477
12.159762884236368 1.0444796564411059
12.18270583307455 1.0960195321419028
12.205648781912732 1.0297103768768656
12.228591730750914 1.1165208790654921
12.251534679589096 1.0691001725326226
12.274477628427277 1.0646429347598052
12.29742057726546 1.079126082669972
12.320363526103641 1.0551279492050234
12.343306474941823 1.0768822884854772
12.366249423780005 1.0862228903523703
12.389192372618187 1.0540437687818003
12.412135321456368 1.0641311691439392
12.43507827029455 1.026440679475714
12.458021219132732 1.1200304509755288
12.480964167970914 1.0539760314734548
12.503907116809096 1.0383248298174723
12.526850065647277 1.067271549697028
12.54979301448546 1.0847364812814853
12.572735963323641 1.099912328137821
12.595678912161823 1.0577783552218993
12.618621861000005 1.0165296184713086
12.641564809838187 1.0529572321794392
12.664507758676368 1.0393396099099206
12.68745070751455 1.0672631336465737
12.710393656352732 1.035017750935618
12.733336605190914 1.0950226911186247
12.756279554029096 1.0530179882752821
12.779222502867277 1.0834028515606398
12.80216545170546 1.054445925066981
12.825108400543641 0.9801814462306461
12.848051349381823 1.0201632329942765
12.870994298220005 1.0167419302031324
12.893937247058187 1.0541269819500905
12.916880195896368 1.0340273574423937
12.93982314473455 1.0298090381013518
12.962766093572732 1.006721301257484
12.985709042410914 1.0437760883996958
13.008651991249096 1.0183050254671704
13.031594940087277 1.0167277495217129
13.05453788892546 1.0307430356039116
13.077480837763641 1.043471488697
13.100423786601823 1.0071660284985449
13.123366735440005 1.0392208784773174
13.146309684278187 1.0149812234160716
13.169252633116368 1.0072798990529257
13.19219558195455 1.0043554281401583
13.215138530792732 1.0030505578967026
13.238081479630914 0.9821260099997933
13.261024428469096 0.9801281987637382
13.283967377307278 1.0187012835458902
13.30691032614546 1.0155109936445021
13.329853274983641 1.0038270868651302
13.352796223821823 0.9936927315318743
13.375739172660005 0.9949848261329437
13.398682121498187 0.9952146294494393
13.421625070336368 1.0342392274612169
13.44456801917455 0.9375074733449343
13.467510968012732 1.0044667797672608
13.490453916850914 0.9720398010873914
13.513396865689096 0.9961784293266821
13.536339814527278 0.9593039340963293
13.55928276336546 0.9802839062469937
13.582225712203641 1.0215683329627723
13.605168661041823 0.9696887287850509
13.628111609880005 1.0062931300147335
13.651054558718187 0.9669337746731564
13.673997507556368 1.0075582988950413
13.69694045639455 0.9796921108965199
13.719883405232732 1.022025356738859
13.742826354070914 0.9828431345357423
13.765769302909096 0.9939305561662607
13.788712251747278 0.9662779070956726
13.81165520058546 0.9472329003589643
13.834598149423641 0.9854189918488239
13.857541098261823 0.9442439437886968
13.880484047100005 0.9952456969780631
13.903426995938187 0.9862336792205885
13.926369944776368 0.9715621108149272
13.94931289361455 0.9740118382457683
13.972255842452732 0.9678062709521527
13.995198791290914 0.9346109713062742
14.018141740129096 0.9685563380791122
14.041084688967278 0.9529207308129185
14.06402763780546 0.9537268609764606
14.086970586643641 0.9815842888980133
14.109913535481823 0.9325421608237969
14.132856484320005 0.9409921110093209
14.155799433158187 0.9512176628576883
14.178742381996368 0.9727490858140471
14.20168533083455 0.9796071101205858
14.224628279672732 0.9722213838520134
14.247571228510914 0.9539917266971654
14.270514177349096 0.9550284110778625
14.293457126187278 0.928196744854608
14.31640007502546 0.9722101993884494
14.339343023863641 0.9226267372892236
14.362285972701823 0.9518817216577973
14.385228921540005 0.971718592110455
14.408171870378187 0.9361456758363785
14.431114819216369 0.9473439336254262
14.45405776805455 0.9067701455796738
14.477000716892732 0.9488643556590693
14.499943665730914 0.9545047703620765
14.522886614569096 0.9079755791556646
14.545829563407278 0.9658070856000788
14.56877251224546 0.9501545526635798
14.591715461083641 0.9385947966636964
14.614658409921823 0.9226061476813766
14.637601358760005 0.9914277358938668
14.660544307598187 0.959117545305627
14.683487256436369 0.9273391938594577
14.706430205274552 0.9363437654207145
14.729373154112734 0.9353328502719302
14.752316102950916 0.9518152966547521
14.775259051789098 0.9181394404656411
14.79820200062728 0.9199485698420127
14.821144949465461 0.9391949966003948
14.844087898303643 0.9867090990211059
14.867030847141825 0.9442435615752377
14.889973795980007 0.9291883257366675
14.912916744818189 0.9584323112908621
14.93585969365637 0.974710346978641
14.958802642494552 0.9194446674059699
14.981745591332734 0.9518337197266536
15.004688540170916 0.9724265105994936
15.027631489009098 0.916431104278236
15.05057443784728 0.9325820577225293
15.073517386685461 0.8932396531058682
15.096460335523643 0.9317699355604627
15.119403284361825 0.9426767377346739
15.142346233200007 0.9154242078330428
15.165289182038189 0.9801110884822103
15.18823213087637 0.9364214805023298
15.211175079714552 0.9717990055453782
15.234118028552734 0.9211653888979877
15.257060977390916 0.9973595368495939
15.280003926229098 0.9477940762394577
15.30294687506728 0.9442346851687478
15.325889823905461 0.9755682941515375
15.348832772743643 0.9492074478436896
15.371775721581825 0.9287730674279983
15.394718670420007 0.9363545749044372
15.417661619258189 0.9869916322133283
15.44060456809637 0.9931615436143413
15.463547516934552 0.944401114416523
15.486490465772734 0.9083943652144936
15.509433414610916 0.9611083448908737
15.532376363449098 0.9361259332217511
15.55531931228728 0.9618099532627348
15.578262261125461 0.9535401658508231
15.601205209963643 0.9716655891832604
15.624148158801825 0.9304739239922559
15.647091107640007 0.9571879054381606
15.670034056478189 0.9326069804398761
15.69297700531637 0.9340038776908354
15.715919954154552 0.9719805805271782
15.738862902992734 0.9264463188887196
15.761805851830916 0.9117928544021996
15.784748800669098 0.9812255827622158
15.80769174950728 0.9489496378722243
15.830634698345461 0.9886618043745323
15.853577647183643 0.9283080354161087
15.876520596021825 0.9293352200747536
15.899463544860007 0.9634129737394972
15.922406493698189 0.9706763451545213
15.94534944253637 0.969267000018363
15.968292391374552 0.9310677040343898
15.991235340212734 0.9897349213878622
16.014178289050914 0.9596469549319483
16.037121237889096 0.9958939513898546
16.060064186727278 0.9634293915294491
16.08300713556546 0.945194223515485
16.10595008440364 0.9931392004688386
16.128893033241823 0.9778126172213172
16.151835982080005 0.968606378284276
16.174778930918187 0.9677126220096675
16.19772187975637 0.9847789849464549
16.22066482859455 0.9757502514036948
16.243607777432732 0.9565709505161238
16.266550726270914 0.9482491388782501
16.289493675109096 0.9768088466252297
16.312436623947278 1.0042910802395713
16.33537957278546 1.000222312290101
16.35832252162364 0.9723140504895159
16.381265470461823 0.995203198499619
16.404208419300005 1.0578363280738077
16.427151368138187 0.9794900495726837
16.45009431697637 1.0097816653831189
16.47303726581455 0.9635010289258278
16.495980214652732 0.9885989780335794
16.518923163490914 1.016091299054389
16.541866112329096 1.0171763642005616
16.564809061167278 0.9822504441880526
16.58775201000546 0.9989234519232353
16.61069495884364 0.9823253017167327
16.633637907681823 1.0104426569371903
16.656580856520005 0.9973825262854318
16.679523805358187 0.99720480953606
16.70246675419637 0.9855872245616633
16.72540970303455 0.9906530324689031
16.748352651872732 0.9896103673334686
16.771295600710914 1.0178290409568218
16.794238549549096 0.9992851465501587
16.817181498387278 1.0082958526895882
16.84012444722546 1.050151903013293
16.86306739606364 1.0386515094099362
16.886010344901823 0.9729076665107118
16.908953293740005 1.0043576385235433
16.931896242578187 1.042328938790421
16.95483919141637 1.0359426055159282
16.97778214025455 1.0345087961977375
17.000725089092732 1.0226833666548765
17.023668037930914 1.0594649417308963
17.046610986769096 1.0184237582287798
17.069553935607278 1.0284521465949639
17.09249688444546 1.036184197816908
17.11543983328364 1.0285030685593788
17.138382782121823 0.9958252221435105
17.161325730960005 1.019392692142601
17.184268679798187 1.0315091871763526
17.20721162863637 1.0573692360227915
17.23015457747455 0.9977807571268905
17.253097526312732 1.0339839372819992
17.276040475150914 1.046433469119722
17.298983423989096 1.0086874632555547
17.321926372827278 1.0569389137475884
17.34486932166546 1.05299069134361
17.36781227050364 1.027144315697409
17.390755219341823 1.0398504328208735
17.413698168180005 1.0360076510920786
17.436641117018187 1.0656561008658965
17.45958406585637 1.042323156056815
17.48252701469455 1.0538247798145097
17.505469963532732 1.0432779370009215
17.528412912370914 1.0288478465950384
17.551355861209096 1.0895000023183294
17.574298810047278 1.051247095058063
17.59724175888546 1.0503128532770338
17.620184707723645 1.008990087299461
17.643127656561827 1.0656235890233277
17.66607060540001 1.0128177343926612
17.68901355423819 1.0463462190544706
17.711956503076372 1.0534395203069267
17.734899451914554 1.0369048741574185
17.757842400752736 1.0647375775610721
17.780785349590918 1.0521999196541525
17.8037282984291 1.0499503955284233
17.82667124726728 1.0312700435515254
17.849614196105463 1.0618113032991032
17.872557144943645 1.0268767402293808
17.895500093781827 1.0456903815411203
17.91844304262001 1.0318766143410325
17.94138599145819 1.0846408338141307
17.964328940296372 1.0476302445001573
17.987271889134554 1.0800141842100297
18.010214837972736 1.0193761139651254
18.033157786810918 1.0639982657966884
18.0561007356491 1.0722895850815397
18.07904368448728 1.0722264925155578
18.101986633325463 1.0468331567777631
18.124929582163645 1.0316600125533122
18.147872531001827 1.0525877831782853
18.17081547984001 1.092833664707779
18.19375842867819 1.0345081986903775
18.216701377516372 1.0411732233591626
18.239644326354554 1.0719407673841734
18.262587275192736 1.03635843024021
18.285530224030918 1.0741719925945354
18.3084731728691 1.0438053114289862
18.33141612170728 1.032012511209346
18.354359070545463 1.011062712756797
18.377302019383645 1.0327764524549872
18.400244968221827 1.0482137174907153
18.42318791706001 1.0496222279462324
18.44613086589819 1.038889044159166
18.469073814736372 1.0077452078096607
18.492016763574554 1.024527177506116
18.514959712412736 1.046238628087993
18.537902661250918 1.0396473205803154
18.5608456100891 1.0470891722577502
18.58378855892728 1.0320342711570618
18.606731507765463 1.0175865408448528
18.629674456603645 1.0184805416119667
18.652617405441827 0.980236905958118
18.67556035428001 1.0421486587286282
18.69850330311819 1.0509795757338984
18.721446251956372 1.026470516936425
18.744389200794554 1.056425871930958
18.767332149632736 1.0412377451242338
18.790275098470918 1.004490377519232
18.8132180473091 1.0103635402064461
18.83616099614728 1.081637831317258
18.859103944985463 1.0132904565920937
18.882046893823645 1.0445979411867499
18.904989842661827 1.0533246465193382
18.92793279150001 1.0035828620482354
18.95087574033819 1.0133796724497837
18.973818689176372 1.04534541399603
18.996761638014554 1.015277953852962
19.019704586852736 1.0140205635664692
19.042647535690918 1.0156457319866883
19.0655904845291 1.042587605902883
19.08853343336728 1.024640926009726
19.111476382205463 1.0324299965980377
19.134419331043645 1.0344284319108485
19.157362279881827 1.0119401173449663
19.18030522872001 1.0094676118720236
19.20324817755819 1.04908989104598
19.226191126396373 1.020143948290796
19.249134075234554 1.0476476099657455
19.272077024072736 1.001910601796041
19.295019972910918 1.0056645329978597
19.3179629217491 1.0097363399017325
19.34090587058728 1.0189574502240961
19.363848819425463 0.989870824349888
19.386791768263645 1.0205701709133923
19.409734717101827 0.9943976791173715
19.43267766594001 0.9926761497503643
19.45562061477819 1.0172046953819232
19.478563563616373 0.982718712230831
19.501506512454554 1.0220055687350125
19.524449461292736 1.0405168845208674
19.547392410130918 1.0309905071493979
19.5703353589691 1.0345515336604425
19.59327830780728 1.0149026100740908
19.616221256645463 1.0185514321246438
19.639164205483645 1.0126030246980204
19.662107154321827 0.9958185488237695
19.68505010316001 1.0141129454335494
19.70799305199819 1.0074795007430428
19.730936000836373 1.0333033465781978
19.753878949674554 0.9996434057008229
19.776821898512736 0.9921639888781824
19.799764847350918 0.9875857770454434
19.8227077961891 0.9956161269162558
19.84565074502728 0.9853088565927554
19.868593693865463 0.9447147286328021
19.891536642703645 0.9827649116014168
19.914479591541827 1.00439839457524
19.93742254038001 0.977027286166064
19.96036548921819 0.9647181487652033
19.983308438056373 0.9872879486781975
20.006251386894554 0.9908235548365409
20.029194335732736 0.9821942835410395
20.052137284570918 0.949371601248988
20.0750802334091 1.004610358556556
20.09802318224728 0.9660526900456892
20.120966131085464 0.9902755180880994
20.143909079923645 1.0032409958515445
20.166852028761827 0.9621431963382832
20.18979497760001 0.9740967274606578
20.21273792643819 1.0048030036242703
20.235680875276373 0.9988937597178295
20.258623824114554 0.9701795090435744
20.281566772952736 0.9662113889173317
20.304509721790918 0.9805959848030552
20.3274526706291 0.9861411587039389
20.35039561946728 0.9796425418870683
20.373338568305464 0.9784320077118474
20.396281517143645 0.9772081586624929
20.419224465981827 0.9656334861434867
20.44216741482001 0.971718295420792
20.46511036365819 0.9757323455142953
20.488053312496373 0.9513315559115352
20.510996261334554 0.9467978192085226
20.533939210172736 0.976809134923899
20.556882159010918 0.9681198947948374
20.5798251078491 0.9753284216435474
20.60276805668728 0.9632912210802949
20.625711005525464 0.9802957984694032
20.648653954363645 0.9516750292852417
20.671596903201827 0.9718598466676178
20.69453985204001 0.9628147741439795
20.71748280087819 0.9562644381561523
20.740425749716373 0.952456743581931
20.763368698554554 0.9745316610219238
20.786311647392736 0.9560933104618525
20.809254596230918 0.9804404270138688
20.8321975450691 0.9627909126275331
20.85514049390728 0.9999847107525731
20.878083442745464 0.9466894241977973
20.901026391583645 0.9645191429996046
20.923969340421827 0.9819370560375431
20.94691228926001 0.995450550085172
20.96985523809819 0.975704014091024
20.992798186936373 0.9740074505201408
21.015741135774554 0.9488418371941005
21.038684084612736 0.9596867338429255
21.061627033450918 0.9767415417017995
21.0845699822891 0.9262281137177073
21.10751293112728 1.0094693959649454
21.130455879965464 0.9480123079532408
21.153398828803645 0.9427245268543504
21.176341777641827 0.9429213598144125
21.19928472648001 0.9653377740904356
21.22222767531819 0.9652806663254289
21.245170624156373 0.9659452278280161
21.268113572994555 0.964921410492553
21.291056521832736 0.948306090180527
21.313999470670918 0.9580689722690939
21.3369424195091 0.9660664032721268
21.359885368347282 0.9545397188664443
21.382828317185464 0.9499350392470586
21.405771266023645 0.948117431846992
21.428714214861827 0.9604983011979624
21.45165716370001 0.9685367695781919
21.47460011253819 0.9888781811643238
21.497543061376373 0.9411242831278788
21.520486010214555 0.9583455020985291
21.543428959052736 0.9550828047027223
21.566371907890918 0.9598630384788884
21.5893148567291 0.961088678401133
21.612257805567282 0.949680297333347
21.635200754405464 0.9753124356460524
21.658143703243645 0.9543410891517031
21.681086652081827 1.0034376549452353
21.70402960092001 0.9708360738804722
21.72697254975819 0.9493094740985255
21.749915498596373 0.9747880424493542
21.772858447434555 0.9957818190736727
21.795801396272736 0.9740164400294264
21.818744345110918 0.9752088013261286
21.8416872939491 0.9598779908717205
21.864630242787282 0.982841234643245
21.887573191625464 0.9477919337849162
21.910516140463645 0.984151976595241
21.933459089301827 0.972481374847721
21.95640203814001 0.9817253197195438
21.97934498697819 0.9636849098228099
22.002287935816373 0.9832408497701421
22.025230884654555 0.9411084327288743
22.048173833492736 0.9867756770604001
22.07111678233092 1.0164860318875228
22.0940597311691 0.9875283791844468
22.117002680007282 0.9518925326051314
22.139945628845464 0.9584538351803878
22.162888577683646 0.9787134912155162
22.185831526521827 0.9957485711553083
22.20877447536001 0.9509219082453398
22.23171742419819 0.9708425594303688
22.254660373036373 0.9702330436157789
22.277603321874555 0.9891970361353292
22.300546270712736 1.0123279831975982
22.32348921955092 0.9810280829228004
22.3464321683891 1.014305364294385
22.369375117227282 0.9976987632822166
22.392318066065464 0.9724997283433577
22.415261014903646 0.9931166996926363
22.438203963741827 0.9646127492518178
22.46114691258001 0.9981868456732971
22.48408986141819 0.9597343403989809
22.507032810256373 0.987471886941782
22.529975759094555 1.0035845493162172
22.552918707932736 0.9698249821882384
22.57586165677092 1.0067515167444332
22.5988046056091 1.0322267747552747
22.621747554447282 0.9856458164362889
22.644690503285464 0.9832022911792415
22.667633452123646 0.9661080511839594
22.690576400961827 0.9938668346649693
22.71351934980001 1.016138825433735
22.73646229863819 0.9982834711567857
22.759405247476373 1.0355610081804443
22.782348196314555 0.9923695242230863
22.805291145152736 0.996619387747448
22.82823409399092 1.026508527488139
22.8511770428291 1.0121782207814656
22.874119991667282 1.0097076583406754
22.897062940505464 1.0107847524109606
22.920005889343646 1.0297389005702868
22.942948838181827 0.9742401592812061
22.96589178702001 1.0054179446362783
22.98883473585819 0.9973799554288872
23.011777684696373 1.022914460421657
23.034720633534555 1.031077167286327
23.057663582372736 1.0036734770042746
23.08060653121092 1.0005166754212356
23.1035494800491 1.0143024917577574
23.126492428887282 0.9887271166503725
23.149435377725464 1.0471578643763064
23.172378326563646 1.0346834005887917
23.195321275401827 1.0059429421814894
23.21826422424001 1.0424640833166459
23.24120717307819 0.9999962412900836
23.264150121916373 1.0030864475509267
23.287093070754555 1.0160953937267245
23.310036019592737 0.9987791196342853
23.33297896843092 0.9973713878280717
23.3559219172691 1.005090845019135
23.378864866107282 0.9829279618248818
23.401807814945464 0.9749534961659805
23.424750763783646 1.026104393782605
23.447693712621827 1.003127555934067
23.47063666146001 1.01597604961339
23.49357961029819 1.0326254802376387
23.516522559136373 1.0582261902459402
23.539465507974555 0.9936023667650759
23.562408456812737 1.0190197821521711
23.58535140565092 1.0353047584298052
23.6082943544891 1.0175312915596468
23.631237303327282 1.0056933447858216
23.654180252165464 1.004904712862055
23.677123201003646 1.0377313889591209
23.700066149841827 1.0512475429181107
23.72300909868001 1.0347448498535208
23.74595204751819 1.0266603636449878
23.768894996356373 1.0249213861150885
23.791837945194555 1.0414663688451593
23.814780894032737 1.0081910913287584
23.83772384287092 1.0478957875943011
23.8606667917091 0.9978656257487826
23.883609740547282 1.0598191064009952
23.906552689385464 1.0520161141783009
23.929495638223646 1.0102506896190913
23.952438587061827 1.0178444299960685
23.97538153590001 1.0278582088140653
23.99832448473819 1.0252684211787053
24.021267433576373 1.0132533435067965
24.044210382414555 0.997504012796905
24.067153331252737 1.0506669682448249
24.09009628009092 1.056697190111445
24.1130392289291 1.0376291222678846
24.135982177767282 1.0238853037219526
24.158925126605464 1.0264596378355848
24.181868075443646 1.0058924914138263
24.204811024281828 1.0529547606152683
24.22775397312001 1.0546843138382624
24.25069692195819 1.0340219205599144
24.273639870796373 1.0334075256352682
24.296582819634555 0.9916428774629952
24.319525768472737 1.0102633169532174
24.34246871731092 1.005998689270352
24.3654116661491 1.0305538844753488
24.388354614987282 1.0162400901874236
24.411297563825464 1.0177229533995005
24.434240512663646 1.0149565863881944
24.457183461501828 1.0499461773313448
24.48012641034001 1.0516696201978948
24.50306935917819 1.047293673136575
24.526012308016373 1.0308890479930137
24.548955256854555 1.0290678677292946
24.571898205692737 1.0121171964174638
24.59484115453092 1.0046962065502896
24.6177841033691 1.0374233277355212
24.640727052207282 1.0021665634309789
24.663670001045464 1.0092954951875823
24.686612949883646 1.034821934059178
24.709555898721828 1.0274267385935407
24.73249884756001 1.0075325167438072
24.75544179639819 1.0703151868871623
24.778384745236373 1.0289790290996794
24.801327694074555 1.0447317259069087
24.824270642912737 0.9998246888919831
24.84721359175092 1.0153984848346742
24.8701565405891 1.0405863296456173
24.893099489427282 1.0171244270483213
24.916042438265464 1.0421252765901174
24.938985387103646 1.0508550551653557
24.961928335941828 1.030829071117921
24.98487128478001 1.0300870654281742
25.00781423361819 1.032960437639978
25.030757182456373 1.0167945638155604
25.053700131294555 1.0179173553878036
25.076643080132737 0.9939564563418887
25.09958602897092 1.0273504304662933
25.1225289778091 1.0333902023356034
25.145471926647282 1.003583673953447
25.168414875485464 1.010849232192878
25.191357824323646 1.035409951498452
25.214300773161828 1.0289633060541616
25.23724372200001 1.0395377730599455
25.26018667083819 0.9910141872730596
25.283129619676373 1.0268094870918392
25.306072568514555 1.046146887174841
25.329015517352737 1.0109823784639052
25.35195846619092 1.0068927713985802
25.3749014150291 1.0067680307820974
25.397844363867282 1.0184906147645203
25.420787312705464 0.9872626772446355
25.443730261543646 1.0118218434007376
25.466673210381828 1.0043265970014557
25.48961615922001 1.013878269623267
25.51255910805819 1.0177008169125206
25.535502056896373 0.9950823680983399
25.558445005734555 1.0365143363292535
25.581387954572737 1.0230986475052133
25.60433090341092 1.0048378681184043
25.6272738522491 1.0182126570341266
25.650216801087282 1.0093372037290567
25.673159749925464 0.9677995131215711
25.696102698763646 1.0258276027934656
25.719045647601828 1.026935879643415
25.74198859644001 1.0041281293575497
25.76493154527819 1.0102976637389443
25.787874494116373 1.0000220231354133
25.810817442954555 1.014707828807883
25.833760391792737 0.9657802768636744
25.85670334063092 1.0035397110952515
25.8796462894691 0.998518261173653
25.902589238307282 1.0133555505642922
25.925532187145464 0.9982361748928387
25.948475135983646 1.0174052052950102
25.971418084821828 1.0058039262278682
25.99436103366001 0.9769197166530453
26.01730398249819 0.9827136560073787
26.040246931336373 1.0070076455476247
26.063189880174555 1.0161155934851056
26.086132829012737 0.9739896235326595
26.10907577785092 0.9970944118489026
26.1320187266891 0.9878033856736251
26.154961675527282 1.0092477113445433
26.177904624365464 0.9951645494835416
26.200847573203646 0.9910115500267623
26.223790522041828 0.9894507677784291
26.24673347088001 0.9822482321121545
26.26967641971819 0.9621976221159599
26.292619368556373 1.0019238860010495
26.315562317394555 0.9921542586323224
26.338505266232737 1.0186468666348525
26.36144821507092 1.00624151944545
26.3843911639091 1.0124816840425106
26.407334112747282 0.9858049069306056
26.430277061585464 1.0184108649892762
26.453220010423646 1.0140843605836203
26.476162959261828 0.9977968190764369
26.49910590810001 0.9686846651805274
26.52204885693819 0.9882617033173604
26.544991805776373 1.0045279269389322
26.567934754614555 1.0026141934831896
26.590877703452737 0.9742774560900224
26.61382065229092 1.0209435357806886
26.6367636011291 0.9764391151895505
26.659706549967282 0.952835548520912
26.682649498805464 0.9707728121728268
26.705592447643646 0.9685409568493117
26.728535396481828 0.953737183001653
26.75147834532001 1.0156187172420215
26.77442129415819 0.9423118111189919
26.797364242996373 1.00213418938782
26.820307191834555 1.0067527849099989
26.843250140672737 0.9631294205340789
26.86619308951092 1.0110215440622128
26.8891360383491 0.9770483419291216
26.912078987187282 0.9788024550674601
26.935021936025464 0.9539302635283301
26.957964884863646 1.0023497781420312
26.980907833701828 0.9467106562418517
27.00385078254001 0.9525639354453282
27.02679373137819 0.9690697249783009
27.049736680216373 0.9806094449259651
27.072679629054555 0.9693727016363268
27.095622577892737 0.9695561443972146
27.11856552673092 0.9536255209957422
27.1415084755691 0.9790656883963204
27.164451424407282 0.9820253132660954
27.187394373245464 0.9895388498033695
27.210337322083646 0.9587334703955975
27.233280270921828 0.9872575277350478
27.25622321976001 0.9870109081813488
27.27916616859819 0.9753025637638246
27.302109117436373 0.9941211538834734
27.325052066274555 0.9794794848588075
27.347995015112737 0.9740176081592852
27.37093796395092 0.959563729192437
27.3938809127891 0.9511960427361866
27.416823861627282 0.9750239588631147
27.439766810465464 0.9887096767044949
27.462709759303646 0.9913584882182139
27.485652708141828 0.9535225272863891
27.50859565698001 0.9991710432621081
27.53153860581819 0.9451732936871559
27.554481554656373 0.9969056012282278
27.577424503494555 0.9741934160883818
27.600367452332737 0.958885539903527
27.62331040117092 0.971308201751583
27.6462533500091 0.987953563914501
27.669196298847282 0.9788680909682076
27.692139247685464 0.9464136075987066
27.715082196523646 0.9708745497280977
27.738025145361828 0.9689907698463999
27.76096809420001 0.9560532700913267
27.78391104303819 0.9685941747269088
27.806853991876373 1.0000961485609
27.829796940714555 0.9423754703671965
27.852739889552737 1.0149247402323907
27.87568283839092 0.9552929284940881
27.8986257872291 0.9672766635918503
27.921568736067282 0.9798232430068106
27.944511684905464 0.9953236537014306
27.967454633743646 0.94263619375822
27.990397582581828 0.9926924426848733
28.01334053142001 0.9898551536329658
28.03628348025819 0.9833437861589982
28.059226429096373 0.9796596635842225
28.082169377934555 0.9790382073542819
28.105112326772737 0.9706861699106372
28.12805527561092 0.9912456469335033
28.1509982244491 0.9749285457370397
28.173941173287282 0.9933072135211682
28.196884122125464 0.9760190342628603
28.219827070963646 0.9914113828572915
28.242770019801828 0.9763822404762591
28.26571296864001 0.9745874717171266
28.28865591747819 0.9894427058468179
28.311598866316373 0.9689774620262706
28.334541815154555 0.9797737998975861
28.357484763992737 0.9839850963286095
28.38042771283092 0.9870159723686568
28.4033706616691 1.0020936771018272
28.426313610507282 1.0091159632239048
28.449256559345464 0.9879141715667965
28.472199508183646 0.9736044703627124
28.495142457021828 1.0054028899243808
28.51808540586001 1.0066218831145604
28.54102835469819 0.9778478008821646
28.563971303536373 0.9865473735370712
28.586914252374555 0.9762266083232913
28.609857201212737 0.9731771215766138
28.63280015005092 1.0015639569121635
28.6557430988891 1.0165747039456468
28.678686047727282 1.0045183512937141
28.701628996565464 1.0114745960469365
28.724571945403646 1.0123130340144613
28.747514894241828 0.9817930839187791
28.77045784308001 0.9940390012416179
28.79340079191819 0.9645789583032214
28.816343740756373 0.9805394898715889
28.839286689594555 0.9896340586130417
28.862229638432737 0.9778560262408911
28.88517258727092 0.9953465386946013
28.9081155361091 1.0076153413920805
28.931058484947282 1.0139311877005472
28.954001433785464 0.9917978534738123
28.976944382623646 0.991473116839657
28.999887331461828 1.0031712622068032
29.02283028030001 0.9627205245327219
29.04577322913819 0.9884576739069683
29.068716177976373 0.9981615909532219
29.091659126814555 1.0094254959017164
29.114602075652737 1.0067185232015328
29.13754502449092 0.9994072067116845
29.1604879733291 0.994988757409302
29.183430922167283 1.0001736187938786
29.206373871005464 0.9914554311512961
29.229316819843646 0.9951395059257142
29.252259768681828 0.9903899779674514
29.27520271752001 0.9675251289572561
29.29814566635819 1.005342366727561
29.321088615196373 0.982341191411853
29.344031564034555 1.0028930085715044
29.366974512872737 1.0183003554462882
29.389917461710922 0.9814530788008123
29.412860410549104 1.025500049924183
29.435803359387286 1.0066364672661388
29.458746308225468 1.0090952537629865
29.48168925706365 0.9979736860835788
29.50463220590183 1.0308327204637715
29.527575154740013 1.0213849864793338
29.550518103578195 1.0190268488677185
29.573461052416377 0.9982373835140019
29.59640400125456 0.9923771041125464
29.61934695009274 1.0352556548478318
29.642289898930922 0.9921213135630024
29.665232847769104 1.0042971392453726
29.688175796607286 1.013636802643772
29.711118745445468 1.0109611074777507
29.73406169428365 1.054676816532881
29.75700464312183 1.0073960357689558
29.779947591960013 1.0130057160754027
29.802890540798195 1.0332086848527722
29.825833489636377 1.0306143395749292
29.84877643847456 0.9975398100431292
29.87171938731274 1.0208638887233514
29.894662336150922 1.0239055588279158
29.917605284989104 1.045219166230821
29.940548233827286 1.0340653322947626
29.963491182665468 1.0159941609550653
29.98643413150365 1.023200334018369
30.00937708034183 1.006438353505985
30.032320029180013 0.9959514314168395
30.055262978018195 0.9978396686263217
30.078205926856377 1.0125435282156947
30.10114887569456 1.0198220335614643
30.12409182453274 1.0080565228494947
30.147034773370923 1.0204334409958686
30.169977722209104 1.0164051225056105
30.192920671047286 0.9904493971451489
30.215863619885468 1.0216100287795138
30.23880656872365 1.0409192405399115
30.26174951756183 1.0141479937198035
30.284692466400013 1.031811870395951
30.307635415238195 1.028742230856999
30.330578364076377 1.0107434371075479
30.35352131291456 1.0326307443332445
30.37646426175274 1.0364531100436887
30.399407210590923 1.0427700604463581
30.422350159429104 1.029949774285333
30.445293108267286 1.0433347323126636
30.468236057105468 1.0180953543543123
30.49117900594365 1.024494118912404
30.51412195478183 1.0314408974536544
30.537064903620013 1.020390217467934
30.560007852458195 1.0505905778159632
30.582950801296377 1.0299350296051195
30.60589375013456 1.0166069913238238
30.62883669897274 1.0170638980884843
30.651779647810923 1.0113947719515035
30.674722596649104 1.0037403572391463
30.697665545487286 1.0175602906031742
30.720608494325468 1.0156807436933981
30.74355144316365 1.0309043470022867
30.76649439200183 1.0228864675269695
30.789437340840013 1.012708601152932
30.812380289678195 1.01162125683302
30.835323238516377 1.015363462606399
30.85826618735456 0.9958184994635577
30.88120913619274 1.053214056357642
30.904152085030923 1.0349020916637408
30.927095033869104 1.0263627033470124
30.950037982707286 1.019970823352003
30.972980931545468 1.0143826517719379
30.99592388038365 1.0229095000556994
31.01886682922183 1.0237762854579056
31.041809778060014 1.030565743138314
31.064752726898195 1.021139940597467
31.087695675736377 1.0206215872914894
31.11063862457456 1.021657892763618
31.13358157341274 0.9961170450691242
31.156524522250923 1.01886577442966
31.179467471089104 1.0054845882157015
31.202410419927286 0.9986777712604284
31.225353368765468 1.0022741700851183
31.24829631760365 0.9832555884971451
31.27123926644183 1.0454031208212342
31.294182215280014 1.0331641397535838
31.317125164118195 0.9943651174932541
31.340068112956377 1.0204405862273147
31.36301106179456 1.0232833720858854
31.38595401063274 1.0088799135538833
31.408896959470923 1.0103162301070958
31.431839908309104 1.0306656919116752
31.454782857147286 1.0093054466309086
31.477725805985468 1.0289881458968664
31.50066875482365 1.015535243334284
31.52361170366183 1.0024788963031752
31.546554652500014 1.03519377725485
31.569497601338195 1.0179782363425633
31.592440550176377 0.9974825673446422
31.61538349901456 1.0128554348788852
31.63832644785274 0.9978682851281068
31.661269396690923 0.9986553920063955
31.684212345529104 0.9898202533196346
31.707155294367286 0.9897247286301869
31.730098243205468 0.9964605327306851
31.75304119204365 1.0166180258606312
31.77598414088183 1.0189040690318147
31.798927089720014 1.0046253851611173
31.821870038558195 1.0166319732218638
31.844812987396377 1.001415047841639
31.86775593623456 1.0066062785175784
31.89069888507274 0.9968098663845094
31.913641833910923 1.0009973634141869
31.936584782749105 1.0086567829113418
31.959527731587286 1.0091481955253316
31.982470680425468 0.9921550729699937
32.00541362926365 1.0342965003258169
32.02835657810183 1.0099522185733265
32.051299526940014 0.9901943540172697
32.07424247577819 1.023746553635633
32.09718542461638 1.0116510328858832
32.120128373454556 0.9960399214729052
32.14307132229274 1.0068538677079069
32.16601427113092 1.01228084420283
32.188957219969105 1.0204164351453928
32.21190016880728 0.9749476111734138
32.23484311764547 1.0006461158686535
32.257786066483646 0.9917613853863964
32.28072901532183 1.010360256250827
32.30367196416001 0.9928662843970495
32.326614912998195 1.000958213909079
32.349557861836374 0.9992176372248767
32.37250081067456 1.0108514711149612
32.39544375951274 0.9967263508753639
32.41838670835092 0.9976328698286125
32.4413296571891 1.0028965319083738
32.464272606027286 1.0190247272263144
32.487215554865465 1.0001785445257292
32.51015850370365 0.9990858577234413
32.53310145254183 0.9917161472933549
32.556044401380014 0.996957546952644
32.57898735021819 1.0044991887183095
32.60193029905638 0.9794539244765906
32.624873247894556 0.9973650759869576
32.64781619673274 0.98920867104925
32.67075914557092 1.0274720446556314
32.693702094409105 0.9557851694789445
32.71664504324728 0.9750232130311017
32.73958799208547 1.0187072149478478
32.76253094092365 1.0034908501717392
32.78547388976183 0.9914052255520578
32.80841683860001 0.982693957087469
32.831359787438195 0.9698232023798632
32.854302736276374 0.9670288723291577
32.87724568511456 0.987158991696121
32.90018863395274 1.019133936313725
32.92313158279092 0.9923170398844495
32.9460745316291 0.9754511081373458
32.969017480467286 1.0127441945278486
32.991960429305465 0.9975789444730732
33.01490337814365 0.9845594582272044
33.03784632698183 0.9825311206493201
33.060789275820014 0.9994617059495376
33.08373222465819 0.9750221310989474
33.10667517349638 0.9749594264591617
33.129618122334556 0.982534513042904
33.15256107117274 0.9799852239087156
33.17550402001092 0.9778039941313457
33.198446968849105 0.972797645818795
33.22138991768728 0.9884155250039519
33.24433286652547 0.97208573459128
33.26727581536365 0.9984393997326538
33.29021876420183 0.9775801666976562
33.31316171304001 0.969016258769208
33.336104661878196 0.9971605089353984
33.359047610716374 0.973788888314521
33.38199055955456 0.979356967926747
33.40493350839274 0.9814055565555799
33.42787645723092 0.9932381976083854
33.4508194060691 0.9813775310898509
33.47376235490729 0.9907012970331539
33.496705303745465 0.9981651227899673
33.51964825258365 0.9499414438684383
33.54259120142183 0.9581694486844354
33.565534150260014 0.9773824266435098
33.58847709909819 0.9958144953026956
33.61142004793638 0.9578374398964847
33.634362996774556 0.9615254215798303
33.65730594561274 0.973067532472369
33.68024889445092 1.000929655434719
33.703191843289105 0.9876334996277049
33.72613479212728 0.9726149398235069
33.74907774096547 0.996445081024441
33.77202068980365 0.9777691540340305
33.79496363864183 0.9735106310103181
33.81790658748001 0.9899211813423306
33.840849536318196 0.9776061863205181
33.863792485156374 0.9512997969058936
33.88673543399456 1.0093489170215193
33.90967838283274 1.006614765804516
33.93262133167092 0.9699366375635141
33.9555642805091 0.966905407705661
33.97850722934729 0.9938574748485614
34.001450178185465 0.9578017368256315
34.02439312702365 0.9763196495456218
34.04733607586183 0.9991731650537357
34.070279024700014 0.9963712171533833
34.09322197353819 0.9994098644171387
34.11616492237638 0.9661784463177459
34.139107871214556 0.9833979993081943
34.16205082005274 0.9606026440803594
34.18499376889092 0.9574813234664891
34.207936717729105 0.9969775876445562
34.23087966656728 0.994987064011962
34.25382261540547 0.9924501631829235
34.27676556424365 0.9686778966467814
34.29970851308183 1.0050742886355437
34.32265146192001 0.9789407424129317
34.345594410758196 0.9589447995762227
34.368537359596374 0.993537541103986
34.39148030843456 0.9722773328731109
34.41442325727274 0.9829086976414442
34.43736620611092 0.9782291482586548
34.4603091549491 0.9831956557051782
34.48325210378729 1.006467175396615
34.506195052625465 0.9878081975259818
34.52913800146365 1.0045284668104209
34.55208095030183 0.9871446259648021
34.575023899140014 0.9948085455206587
34.59796684797819 0.9901517534814448
34.62090979681638 0.9797629477406471
34.643852745654556 0.980430029632138
34.66679569449274 0.992226867511885
34.68973864333092 0.9969561969016835
34.712681592169105 0.9855428709458488
34.73562454100728 0.982444931636022
34.75856748984547 0.9972688318820643
34.78151043868365 0.9751054502173631
34.80445338752183 0.9739645121789814
34.82739633636001 0.9749194989854933
34.850339285198196 0.98757391418909
34.873282234036374 0.9911892172683568
34.89622518287456 0.9781937372926136
34.91916813171274 0.9789698505165871
34.94211108055092 1.0030581683046522
34.9650540293891 1.0199729996061768
34.98799697822729 1.0008155464818558
35.010939927065465 1.0153487591227703
35.03388287590365 1.0045958387440743
35.05682582474183 0.9847886939080638
35.079768773580014 0.9934159323312665
35.10271172241819 1.0118718589513416
35.12565467125638 0.9882669184342174
35.148597620094556 0.9917032028492893
35.17154056893274 0.9986115945182802
35.19448351777092 1.0001834661248727
35.217426466609105 0.989752691470414
35.24036941544729 0.9945663722731114
35.26331236428547 1.0130620788249078
35.286255313123654 1.0078655100560932
35.30919826196183 1.0137142100645593
35.33214121080002 1.0006333207225266
35.355084159638196 0.969273848113644
35.37802710847638 0.9855256449905543
35.40097005731456 1.0136814150053788
35.423913006152745 1.0237358940315808
35.44685595499092 1.011099655277538
35.46979890382911 1.0268732519748374
35.49274185266729 1.005267613175922
35.51568480150547 0.9945388377109223
35.53862775034365 0.9659243163039309
35.561570699181836 1.0187813283095069
35.584513648020014 1.0077116733620208
35.6074565968582 0.9941318041528567
35.63039954569638 0.9911907578862018
35.65334249453456 1.0121596486364997
35.67628544337274 1.0229446323202658
35.69922839221093 1.0121258748664415
35.722171341049105 1.0266979117049664
35.74511428988729 0.9930701424521641
35.76805723872547 1.0162315626078584
35.791000187563654 0.9920598882798703
35.81394313640183 1.0030922587547098
35.83688608524002 0.9966096074170653
35.859829034078196 1.0048973020757548
35.88277198291638 0.9867720761802059
35.90571493175456 1.0379873277959433
35.928657880592745 1.0114665108418597
35.95160082943092 1.0097564025216377
35.97454377826911 1.0134292343021702
35.99748672710729 0.9933224738725814
36.02042967594547 0.996349097282003
36.04337262478365 1.0087704284051036
36.066315573621836 0.9955929108549174
36.089258522460014 0.9954537029296847
36.1122014712982 1.0021154709992952
36.13514442013638 1.0323143300661441
36.15808736897456 1.0254759427701525
36.18103031781274 0.9981466484359958
36.20397326665093 1.0078505379424583
36.226916215489105 0.9896633052859659
36.24985916432729 1.0193621868786285
36.27280211316547 1.0029365799576724
36.295745062003654 1.009707226401479
36.31868801084183 1.0105296149695373
36.34163095968002 1.0083771877768073
36.364573908518196 1.0249767412318762
36.38751685735638 1.018648379657642
36.41045980619456 1.0088822856445296
36.433402755032745 1.0042630889629545
36.45634570387092 1.016575436052657
36.47928865270911 1.0119662283154554
36.50223160154729 1.0054148979152164
36.52517455038547 0.9943935119055797
36.54811749922365 1.0300721974608615
36.571060448061836 1.0182683506183274
36.594003396900014 1.0207307516972457
36.6169463457382 1.0184186329634712
36.63988929457638 1.0200100255673328
36.66283224341456 1.0304670158369142
36.68577519225274 1.0147245167650278
36.70871814109093 1.021614192095513
36.731661089929105 0.9862835631734487
36.75460403876729 1.025334317657832
36.77754698760547 1.0111912776730965
36.800489936443654 1.0229443447151674
36.82343288528183 1.0112980467967632
36.84637583412002 1.0430488677664036
36.869318782958196 1.0111188745504212
36.89226173179638 1.0253518455378394
36.91520468063456 1.0369168405168427
36.938147629472745 1.0466741364438663
36.96109057831092 1.040726821411011
36.98403352714911 1.0169807640445523
37.00697647598729 1.0048083624947441
37.02991942482547 1.0199250731777458
37.05286237366365 1.0072587990674404
37.075805322501836 1.0327446707049193
37.098748271340014 1.0229656623576089
37.1216912201782 1.0015590773185543
37.14463416901638 1.0203601523211612
37.16757711785456 1.0059005604575775
37.19052006669274 1.0153326511392
37.21346301553093 0.9974986841262653
37.236405964369105 1.0191410167971922
37.25934891320729 1.022900607300744
37.28229186204547 1.0327816756064565
37.305234810883654 1.0154017372312583
37.32817775972183 1.0251658759383384
37.35112070856002 1.0214665007635806
37.374063657398196 1.0167653089584512
37.39700660623638 1.0260944919246342
37.41994955507456 0.9960546230640497
37.442892503912745 1.0254393552083934
37.46583545275092 1.0139791982837119
37.48877840158911 1.0150503868681942
37.51172135042729 0.9935234650191662
37.53466429926547 1.0025548218622529
37.55760724810365 1.0262517231442596
