k*sigma_0 S(k)

0.0229429488381818 1.050507029899323
0.0458858976763637 1.013773371128791
0.0688288465145455 0.8373708814051788
0.0917717953527273 0.604381593330046
0.1147147441909091 0.37637432498721923
0.137657693029091 0.29505511562018616
0.1606006418672728 0.19242383649424974
0.1835435907054546 0.30396666089669766
0.2064865395436364 0.3001074759951766
0.2294294883818183 0.36709838835658976
0.2523724372200001 0.34168927101864666
0.275315386058182 0.2672958484517969
0.2982583348963638 0.2549043894458514
0.3212012837345456 0.32209078084563875
0.3441442325727274 0.274708270477189
0.3670871814109092 0.33479736048339803
0.3900301302490911 0.2553502208028321
0.4129730790872729 0.22616163276049803
0.4359160279254547 0.32092304757688683
0.4588589767636365 0.31165203712208117
0.4818019256018184 0.20895898638573454
0.5047448744400002 0.3474969601787374
0.527687823278182 0.3274188717667486
0.5506307721163639 0.2971423295165888
0.5735737209545457 0.3081846408332759
0.5965166697927275 0.283082242415252
0.6194596186309094 0.3907393323667941
0.6424025674690912 0.26499187580667
0.665345516307273 0.29168009991076566
0.6882884651454548 0.32680648644086946
0.7112314139836367 0.22975727211014169
0.7341743628218185 0.34517798485087986
0.7571173116600003 0.3159029013077432
0.7800602604981821 0.304921731673302
0.8030032093363639 0.2874782339669374
0.8259461581745458 0.29309298921100535
0.8488891070127276 0.28689537757939637
0.8718320558509094 0.2901538199610858
0.8947750046890912 0.302962041868612
0.917717953527273 0.2773389354729578
0.940660902365455 0.3069335543314636
0.9636038512036368 0.2655010782445827
0.9865468000418186 0.2905021715760494
1.0094897488800003 0.2972824779422162
1.0324326977181821 0.2769596911548947
1.055375646556364 0.27234335126425235
1.0783185953945458 0.3046351833399075
1.1012615442327278 0.2915785443937154
1.1242044930709096 0.3028263368306882
1.1471474419090915 0.29738299974409815
1.1700903907472733 0.30038500656274225
1.193033339585455 0.2775908173264174
1.215976288423637 0.27076439944202585
1.2389192372618187 0.3042443919299076
1.2618621861000006 0.272299058522189
1.2848051349381824 0.262864742618268
1.3077480837763642 0.28208825401454957
1.330691032614546 0.2840231565190575
1.3536339814527278 0.2927021187132091
1.3765769302909097 0.2864452964171319
1.3995198791290915 0.30110352350768255
1.4224628279672733 0.2710043891302762
1.4454057768054551 0.30552612718549715
1.468348725643637 0.3114970332302924
1.4912916744818188 0.2906438800866446
1.5142346233200006 0.2771945254739867
1.5371775721581824 0.3313019314142659
1.5601205209963642 0.3009650149212754
1.583063469834546 0.25674924636233326
1.6060064186727279 0.3002986107007661
1.6289493675109097 0.2992675294109075
1.6518923163490915 0.2597689398514654
1.6748352651872733 0.28477208052003367
1.6977782140254551 0.30557872673420056
1.720721162863637 0.2914841082531262
1.7436641117018188 0.28171106439796006
1.7666070605400006 0.3026763210529177
1.7895500093781824 0.3241287624347612
1.8124929582163642 0.31771740454143815
1.835435907054546 0.3093057516859571
1.858378855892728 0.3327604812132241
1.88132180473091 0.3203658261336472
1.9042647535690918 0.3227671837335219
1.9272077024072736 0.3095859721269424
1.9501506512454554 0.3112019063608937
1.9730936000836372 0.3048762423761447
1.996036548921819 0.31001794428532975
2.0189794977600006 0.3176461623278492
2.0419224465981825 0.32484453508246763
2.0648653954363643 0.34838410862482455
2.087808344274546 0.3454898164693258
2.110751293112728 0.3193140619447374
2.1336942419509097 0.36186919221818503
2.1566371907890916 0.3510308154581847
2.1795801396272734 0.34223655472264564
2.2025230884654556 0.3356694522924336
2.2254660373036375 0.3649932023928203
2.2484089861418193 0.4193318733010674
2.271351934980001 0.3687912915726825
2.294294883818183 0.3624551200951064
2.3172378326563647 0.3624106977896719
2.3401807814945466 0.3420441579909226
2.3631237303327284 0.38389161600827004
2.38606667917091 0.3920551113617201
2.409009628009092 0.3674088464218465
2.431952576847274 0.41001247447484945
2.4548955256854557 0.37437989931266064
2.4778384745236375 0.38509977916158017
2.5007814233618193 0.42959998888297013
2.523724372200001 0.40163030292250657
2.546667321038183 0.432836230733912
2.5696102698763648 0.42370206082298084
2.5925532187145466 0.46743367352822546
2.6154961675527284 0.39886443836228425
2.63843911639091 0.4080789929253354
2.661382065229092 0.4628027402829103
2.684325014067274 0.42074476918945597
2.7072679629054557 0.4493549841444766
2.7302109117436375 0.4541198501032622
2.7531538605818193 0.46477814674379425
2.776096809420001 0.44103674246960956
2.799039758258183 0.4828397435860725
2.821982707096365 0.43701075950940405
2.8449256559345466 0.44387796206896113
2.8678686047727284 0.45251350985484534
2.8908115536109102 0.5053813743405723
2.913754502449092 0.4670139829007982
2.936697451287274 0.46817319800308016
2.9596404001254557 0.48210601262311237
2.9825833489636375 0.4678965759630631
3.0055262978018193 0.5437315586574807
3.028469246640001 0.48546662683640207
3.051412195478183 0.5181126168887363
3.074355144316365 0.5359169430787819
3.0972980931545466 0.5220955872292834
3.1202410419927284 0.5776337818481238
3.1431839908309103 0.5584900098959034
3.166126939669092 0.5559225214706119
3.189069888507274 0.5320547793328215
3.2120128373454557 0.5454377058972627
3.2349557861836375 0.5695797283701504
3.2578987350218194 0.5414652871361079
3.280841683860001 0.5842795594897121
3.303784632698183 0.5500019820552198
3.326727581536365 0.5943465708854461
3.3496705303745467 0.6386704868245123
3.3726134792127285 0.5727439546717872
3.3955564280509103 0.6237871162518447
3.418499376889092 0.5639629359735573
3.441442325727274 0.612900502170552
3.4643852745654558 0.6254331399181722
3.4873282234036376 0.621965869539534
3.5102711722418194 0.696595770252822
3.533214121080001 0.6389630526464314
3.556157069918183 0.5870957181676991
3.579100018756365 0.6941276272744106
3.6020429675945467 0.7364916893136016
3.6249859164327285 0.7186844541310754
3.6479288652709103 0.7404694668975644
3.670871814109092 0.7367027171886769
3.6938147629472744 0.6995075611156292
3.716757711785456 0.718135165236391
3.739700660623638 0.6471477642485178
3.76264360946182 0.7422848713627767
3.7855865583000017 0.7554150357727969
3.8085295071381835 0.8273030474404679
3.8314724559763653 0.7317005254926277
3.854415404814547 0.7432254207099128
3.877358353652729 0.8028539609247637
3.900301302490911 0.8298140439753535
3.9232442513290926 0.803454801574872
3.9461872001672744 0.8416310671727957
3.9691301490054562 0.8322209859567435
3.992073097843638 0.8120992244898386
4.015016046681819 0.8867140181671471
4.037958995520001 0.8823248069025259
4.060901944358183 0.8705861396998064
4.083844893196365 0.875947430808738
4.106787842034547 0.9137216827530124
4.1297307908727285 0.9423876320795889
4.15267373971091 0.9576761256209366
4.175616688549092 0.9456699147366991
4.198559637387274 0.9500011875453452
4.221502586225456 0.9564503723771329
4.244445535063638 0.9865993928605
4.2673884839018195 0.9628892167942718
4.290331432740001 0.9890984168028395
4.313274381578183 0.9714634381917852
4.336217330416365 0.9891205304201727
4.359160279254547 1.0136767091319179
4.382103228092729 0.9577871099573031
4.405046176930911 1.0848950420489776
4.427989125769093 1.0546261180904133
4.450932074607275 1.0242786077931578
4.473875023445457 1.0188219694677754
4.4968179722836386 1.0825578460312415
4.51976092112182 1.0710911569777244
4.542703869960002 1.0969547838325098
4.565646818798184 1.0667938817096432
4.588589767636366 1.0581268681920077
4.611532716474548 1.088685750537101
4.6344756653127295 1.1380743606412291
4.657418614150911 1.144457443886348
4.680361562989093 1.1797599843343656
4.703304511827275 1.273408645701212
4.726247460665457 1.128964244752567
4.749190409503639 1.2369843133119838
4.77213335834182 1.1898737767126488
4.795076307180002 1.2180372696406465
4.818019256018184 1.1013303497844191
4.840962204856366 1.3216550193886962
4.863905153694548 1.2290901832584706
4.8868481025327295 1.236177229031923
4.909791051370911 1.18185808166069
4.932734000209093 1.2404963130378015
4.955676949047275 1.233382529014259
4.978619897885457 1.2423281704219133
5.001562846723639 1.2701495074786107
5.02450579556182 1.2157799604465631
5.047448744400002 1.3351159359422342
5.070391693238184 1.2470956705518106
5.093334642076366 1.3416119960504458
5.116277590914548 1.3265303949379594
5.1392205397527295 1.261673255686314
5.162163488590911 1.2824701267473033
5.185106437429093 1.2227984524312432
5.208049386267275 1.3641586547753537
5.230992335105457 1.2146158363917596
5.253935283943639 1.2997440499915176
5.27687823278182 1.3332384077629649
5.299821181620002 1.3467241084893093
5.322764130458184 1.3269093446946902
5.345707079296366 1.2997173023427195
5.368650028134548 1.314945978120827
5.3915929769727295 1.2971854039704136
5.414535925810911 1.361731303927063
5.437478874649093 1.3573813966130743
5.460421823487275 1.279985861291086
5.483364772325457 1.4115088933785784
5.506307721163639 1.3041140742667465
5.5292506700018205 1.3399734799571639
5.552193618840002 1.3449373069519197
5.575136567678184 1.3549644121162594
5.598079516516366 1.2892277822592084
5.621022465354548 1.3155455413255037
5.64396541419273 1.3790946533768862
5.666908363030911 1.3356679991419407
5.689851311869093 1.3047713208166518
5.712794260707275 1.3360667703784275
5.735737209545457 1.3181652987912047
5.758680158383639 1.2790922477904383
5.7816231072218205 1.3900497835952825
5.804566056060002 1.2973806645246821
5.827509004898184 1.3494673213839135
5.850451953736366 1.2972828869235171
5.873394902574548 1.3182551427954385
5.89633785141273 1.1848587955004224
5.919280800250911 1.2470357629101894
5.942223749089093 1.3528032255500855
5.965166697927275 1.2409936421047807
5.988109646765457 1.2361981018576482
6.011052595603639 1.2204493026583854
6.0339955444418205 1.2811459267830079
6.056938493280002 1.2582953180323846
6.079881442118184 1.311505096282268
6.102824390956366 1.2954335455340447
6.125767339794548 1.1472781910646632
6.14871028863273 1.2703114834660083
6.171653237470911 1.2062049558487784
6.194596186309093 1.1416094455966956
6.217539135147275 1.2663586468637453
6.240482083985457 1.21684572713678
6.263425032823639 1.1686835975583376
6.2863679816618205 1.198174202001401
6.309310930500002 1.1221092969961641
6.332253879338184 1.1287720640171874
6.355196828176366 1.1571731380474464
6.378139777014548 1.2093064369450846
6.40108272585273 1.2280361820802455
6.4240256746909115 1.1395625541859384
6.446968623529093 1.1601855895895492
6.469911572367275 1.2056341821214442
6.492854521205457 1.1620923544137158
6.515797470043639 1.0985929120786613
6.538740418881821 1.1524689037914637
6.561683367720002 1.0690660484470402
6.584626316558184 1.16398836276777
6.607569265396366 1.1258610855311055
6.630512214234548 1.1077307062747608
6.65345516307273 1.1205713145379332
6.6763981119109115 1.1279666489883453
6.699341060749093 1.0809523835676442
6.722284009587275 1.0266654504263033
6.745226958425457 1.1522250830217955
6.768169907263639 1.0892491452283177
6.791112856101821 1.0064810187470292
6.814055804940002 1.0920031481048798
6.836998753778184 1.0143171401227775
6.859941702616366 1.0228066830590687
6.882884651454548 1.003596006561346
6.90582760029273 0.9956138295607452
6.9287705491309115 1.0401082273888123
6.951713497969093 1.0262432766766434
6.974656446807275 1.0437744554092097
6.997599395645457 1.0253107097166654
7.020542344483639 1.0057894344430405
7.043485293321821 0.9700731801688609
7.066428242160002 1.019562884257855
7.089371190998184 1.004775423453199
7.112314139836366 0.9826672608888554
7.135257088674548 0.9880762172435517
7.15820003751273 0.9600931090978496
7.1811429863509115 1.018570185437468
7.204085935189093 0.9756084273091942
7.227028884027275 0.9737272501955693
7.249971832865457 1.0015974029969712
7.272914781703639 0.9149927362409174
7.295857730541821 0.9208315656765713
7.3188006793800024 0.9376074917061469
7.341743628218184 0.9708387278295911
7.364686577056367 0.9259618334651817
7.387629525894549 0.9488339937564494
7.410572474732731 0.9786297841301974
7.433515423570912 1.025806228997441
7.456458372409094 0.8880342508467379
7.479401321247276 0.9467706404588089
7.502344270085458 0.9618092405395032
7.52528721892364 0.9445023978526025
7.5482301677618215 0.9412161500596559
7.571173116600003 0.9041113658042084
7.594116065438185 0.9138137431764782
7.617059014276367 0.8751157319572063
7.640001963114549 0.932473274230849
7.662944911952731 0.939266125259564
7.6858878607909125 0.92883710976543
7.708830809629094 0.9110618642585586
7.731773758467276 0.924647313881602
7.754716707305458 0.8666396377465073
7.77765965614364 0.9727088438594788
7.800602604981822 0.9056664588091681
7.823545553820003 0.8921685008281064
7.846488502658185 0.8735135460650583
7.869431451496367 0.907691474037701
7.892374400334549 0.8800869944006127
7.915317349172731 0.8373405619054489
7.9382602980109125 0.9136350101653804
7.961203246849094 0.8862496214065068
7.984146195687276 0.8084419622829264
8.007089144525457 0.8580297563648199
8.030032093363639 0.877886379393273
8.05297504220182 0.8642073760616696
8.075917991040003 0.8718519258370657
8.098860939878184 0.8602684855264633
8.121803888716366 0.9036843597269358
8.144746837554548 0.8717258998708104
8.16768978639273 0.8492958310079292
8.190632735230912 0.8496505183524887
8.213575684069093 0.8887240187906569
8.236518632907275 0.8369829550709732
8.259461581745457 0.8758883601280096
8.282404530583639 0.873042058230845
8.30534747942182 0.8369238747206084
8.328290428260003 0.8392590139410725
8.351233377098184 0.8494365696488515
8.374176325936366 0.8922047056905259
8.397119274774548 0.8346966525495579
8.42006222361273 0.8643079777017787
8.443005172450912 0.8483936129952332
8.465948121289093 0.8564142246980455
8.488891070127275 0.8267371721766286
8.511834018965457 0.903658181578004
8.534776967803639 0.8760547349014295
8.55771991664182 0.8452835445142366
8.580662865480003 0.8711492721018969
8.603605814318184 0.8655852176938709
8.626548763156366 0.875577368794114
8.649491711994548 0.8594110964886857
8.67243466083273 0.8563525959200166
8.695377609670912 0.8486998631229395
8.718320558509093 0.8484810948246976
8.741263507347275 0.8606995164754047
8.764206456185457 0.858968741689611
8.787149405023639 0.8415442384545635
8.810092353861823 0.8816381468851023
8.833035302700004 0.8554036908200824
8.855978251538186 0.8447535978975206
8.878921200376368 0.8996771587097463
8.90186414921455 0.9258395253814712
8.924807098052732 0.8773692695875686
8.947750046890913 0.9024536434219989
8.970692995729095 0.837917970315047
8.993635944567277 0.8526351514852242
9.016578893405459 0.8637846569587264
9.03952184224364 0.8599989278653933
9.062464791081823 0.8902967854144698
9.085407739920004 0.8542278282640547
9.108350688758186 0.889958999120784
9.131293637596368 0.8885467792021924
9.15423658643455 0.9022826549988755
9.177179535272732 0.873776955681813
9.200122484110913 0.9130232350602301
9.223065432949095 0.9071355294599108
9.246008381787277 0.8834131175340681
9.268951330625459 0.8918241173286824
9.29189427946364 0.8340019076966158
9.314837228301823 0.9443479682908934
9.337780177140004 0.9166857183790761
9.360723125978186 0.8939268350567279
9.383666074816368 0.8950995353153275
9.40660902365455 0.8968935437275589
9.429551972492732 0.9155597005878201
9.452494921330914 0.9224525988776998
9.475437870169095 0.8932855849163467
9.498380819007277 0.9320000024511179
9.521323767845459 0.9007891006305253
9.54426671668364 0.9227380192716663
9.567209665521823 0.9429239642389626
9.590152614360004 0.8748802496748511
9.613095563198186 0.929319085451162
9.636038512036368 0.926000915336871
9.65898146087455 0.9205850553023411
9.681924409712732 0.9562540238293857
9.704867358550914 0.9479278742797499
9.727810307389095 0.9487314381457719
9.750753256227277 0.9422901892400039
9.773696205065459 0.9784595188914577
9.79663915390364 0.898463242236672
9.819582102741823 0.9317328416576025
9.842525051580004 0.9463151825584831
9.865468000418186 0.9599278488090104
9.888410949256368 0.9306821890912159
9.91135389809455 0.9536012593405014
9.934296846932732 0.9404013807768979
9.957239795770914 0.9558455086295601
9.980182744609095 0.9503916174381851
10.003125693447277 0.9587642235275857
10.026068642285459 0.9971180280750639
10.04901159112364 0.9933368148802781
10.071954539961823 0.9673197405283068
10.094897488800004 0.9722432727175893
10.117840437638186 0.9621126144930896
10.140783386476368 0.9890180545045569
10.16372633531455 0.9432868891512679
10.186669284152732 1.008371319454764
10.209612232990914 0.9778321836067776
10.232555181829095 1.0066027028829736
10.255498130667277 0.9368932759371229
10.278441079505459 1.0207774041163316
10.30138402834364 0.9724481479026353
10.324326977181823 1.0134509712514714
10.347269926020005 0.973385216408649
10.370212874858186 0.9393748631418901
10.393155823696368 1.0517672052795912
10.41609877253455 1.0198694402737634
10.439041721372732 0.9778012826181708
10.461984670210914 1.0030474238891334
10.484927619049095 1.0291315964943002
10.507870567887277 1.0510525573331504
10.530813516725459 1.020863189832311
10.55375646556364 1.0297832024410574
10.576699414401823 1.0694832588744654
10.599642363240005 0.9661547039156893
10.622585312078186 1.0631305562424738
10.645528260916368 1.0228555147497027
10.66847120975455 1.020735257795965
10.691414158592732 1.0265534396042493
10.714357107430914 1.0794829087428495
10.737300056269095 1.0131362578103305
10.760243005107277 1.0610762055243452
10.783185953945459 1.0763351180660978
10.806128902783641 1.0679646658651962
10.829071851621823 1.0291491308339435
10.852014800460005 1.0687953970263355
10.874957749298186 1.139355137211071
10.897900698136368 1.0565173902144198
10.92084364697455 1.0238054886296475
10.943786595812732 1.0557938852423925
10.966729544650914 1.0628717865144068
10.989672493489095 1.102168303141394
11.012615442327277 1.0577185970880905
11.03555839116546 1.132926127853294
11.058501340003641 1.1023484152484473
11.081444288841823 1.0536429515538883
11.104387237680005 1.1023946655152859
11.127330186518186 1.0474278909989585
11.150273135356368 1.0960811333458746
11.17321608419455 1.0950320460299279
11.196159033032732 1.0396214352648507
11.219101981870914 1.0764250947227123
11.242044930709095 1.0769579159879668
11.264987879547277 1.1045189762531504
11.28793082838546 1.064759281235111
11.310873777223641 1.0551987577545354
11.333816726061823 1.0908582191373852
11.356759674900005 1.0554231849545963
11.379702623738186 1.0823707742220932
11.402645572576368 1.046410762360733
11.42558852141455 1.1167485485763133
11.448531470252732 1.0832992473090417
11.471474419090914 1.0720121147451982
11.494417367929096 1.054631778045038
11.517360316767277 1.0817075015236184
11.54030326560546 1.0473499207138897
11.563246214443641 1.0814842678931262
11.586189163281823 1.1254933573374535
11.609132112120005 1.096047001527847
11.632075060958186 1.0621150835702762
11.655018009796368 1.1364801607581432
11.67796095863455 1.0631950462888573
11.700903907472732 1.0822796283087197
11.723846856310914 1.0811003077051453
11.746789805149096 1.1090570496789598
11.769732753987277 1.0717001711907306
11.79267570282546 1.0957441588424748
11.815618651663641 1.1053573414847124
11.838561600501823 1.0588582293193607
11.861504549340005 1.1158348693478235
11.884447498178186 1.1176190549187481
11.907390447016368 1.134123532319358
11.93033339585455 1.0463543446564885
11.953276344692732 1.0628779720684556
11.976219293530914 1.0755820483689307
11.999162242369096 1.1018752456546879
12.022105191207277 1.1061405940777151
12.04504814004546 1.0886680485931965
12.067991088883641 1.0681602098075136
12.090934037721823 1.0827822821252655
12.113876986560005 1.0661026483892284
12.136819935398186 1.1167484409770425
12.159762884236368 1.0909301462359555
12.18270583307455 1.0456281806528347
12.205648781912732 1.1181338369807157
12.228591730750914 1.0419571159161958
12.251534679589096 1.0660226293693815
12.274477628427277 1.1223306538390012
12.29742057726546 1.0993166243568373
12.320363526103641 1.066834834028601
12.343306474941823 1.067143905473824
12.366249423780005 1.1048900412912737
12.389192372618187 1.0610718780552013
12.412135321456368 1.0245545300740004
12.43507827029455 1.0733537198568543
12.458021219132732 1.0645542093887432
12.480964167970914 1.0580151742259316
12.503907116809096 1.074747642855424
12.526850065647277 1.1131112657860351
12.54979301448546 1.069417649304426
12.572735963323641 1.0419868334388542
12.595678912161823 1.0444373967572311
12.618621861000005 1.0481133963687839
12.641564809838187 1.055382121812722
12.664507758676368 1.0690745579917904
12.68745070751455 1.0647687128986052
12.710393656352732 1.0522155099367603
12.733336605190914 1.0815002987158284
12.756279554029096 1.098183345367417
12.779222502867277 1.029344979477945
12.80216545170546 1.0448555190839939
12.825108400543641 1.0444776495277748
12.848051349381823 1.0451366904795814
12.870994298220005 1.0433296578220843
12.893937247058187 1.0934369299125224
12.916880195896368 1.0521120302591778
12.93982314473455 1.0512217051779025
12.962766093572732 1.05419821651312
12.985709042410914 1.0232539475988947
13.008651991249096 0.9871476218273657
13.031594940087277 1.050619358947533
13.05453788892546 1.012773042081397
13.077480837763641 1.025981841631984
13.100423786601823 1.0345088216567644
13.123366735440005 1.0315175217075039
13.146309684278187 1.0333411355455402
13.169252633116368 1.025753289578028
13.19219558195455 0.9844611548580111
13.215138530792732 1.022265607556214
13.238081479630914 1.0345276937652794
13.261024428469096 0.9878009320183977
13.283967377307278 1.0353962147885285
13.30691032614546 1.0035475979624957
13.329853274983641 0.9755367134137185
13.352796223821823 1.0269589532770327
13.375739172660005 0.9590449377171915
13.398682121498187 0.9963641207430297
13.421625070336368 0.9974540510929117
13.44456801917455 0.990209019066709
13.467510968012732 0.9658505127875804
13.490453916850914 1.003130978523843
13.513396865689096 1.0023270867263352
13.536339814527278 0.9880313660098469
13.55928276336546 1.0274524125284576
13.582225712203641 0.9769633405981571
13.605168661041823 0.971796401252183
13.628111609880005 0.9573360088719417
13.651054558718187 1.0110003717442801
13.673997507556368 0.9763202443269778
13.69694045639455 0.9920265123458327
13.719883405232732 0.9650433886865722
13.742826354070914 0.9928698297838857
13.765769302909096 0.985196635573335
13.788712251747278 0.997955654227473
13.81165520058546 0.9796984702442831
13.834598149423641 1.0019170380901103
13.857541098261823 0.985346734363282
13.880484047100005 0.9689477089395327
13.903426995938187 0.9689991702184116
13.926369944776368 0.9165763540500338
13.94931289361455 0.9628229525449387
13.972255842452732 0.9775206842903763
13.995198791290914 0.9901267219362452
14.018141740129096 0.931013993462602
14.041084688967278 0.9779873252667114
14.06402763780546 0.9680685781451907
14.086970586643641 0.9492908289555003
14.109913535481823 0.9688935914662637
14.132856484320005 0.9540384336626648
14.155799433158187 0.9541886190441187
14.178742381996368 0.9190141195128877
14.20168533083455 0.9563707315097829
14.224628279672732 0.9737997939500804
14.247571228510914 0.9663508665629827
14.270514177349096 0.968142607557026
14.293457126187278 0.9536372049729269
14.31640007502546 0.9610441062409174
14.339343023863641 0.9551771918538455
14.362285972701823 0.9464526603408037
14.385228921540005 0.9561717975373829
14.408171870378187 0.9465986607280891
14.431114819216369 0.9657227442911022
14.45405776805455 0.9742359508374429
14.477000716892732 0.9234594566931932
14.499943665730914 0.9382292324624011
14.522886614569096 0.8912326587034968
14.545829563407278 0.8946533488679289
14.56877251224546 0.9516957063173045
14.591715461083641 0.9218157293062419
14.614658409921823 0.9638101152393992
14.637601358760005 0.9499810198351133
14.660544307598187 0.9441816412616875
14.683487256436369 0.8881359831239891
14.706430205274552 0.921875320976414
14.729373154112734 0.9413844485822427
14.752316102950916 0.9580388825582032
14.775259051789098 0.9428160198357085
14.79820200062728 0.9148187750632392
14.821144949465461 0.8987735220257346
14.844087898303643 0.9451640460001594
14.867030847141825 0.9384677522539419
14.889973795980007 0.9157908336798753
14.912916744818189 0.9502511499828491
14.93585969365637 0.915157443666344
14.958802642494552 0.9240195459028292
14.981745591332734 0.9193449441146899
15.004688540170916 0.9535325063567822
15.027631489009098 0.9435056514370043
15.05057443784728 0.9170046649862382
15.073517386685461 0.925100323265795
15.096460335523643 0.9029115385923406
15.119403284361825 0.9206256100570651
15.142346233200007 0.94051647141632
15.165289182038189 0.9403484764139504
15.18823213087637 0.9071491385960567
15.211175079714552 0.949173713593958
15.234118028552734 0.910328767912918
15.257060977390916 0.9340345807210292
15.280003926229098 0.9468782329022893
15.30294687506728 0.9451760100405274
15.325889823905461 0.9509355987333118
15.348832772743643 0.9607356523418322
15.371775721581825 0.9285497205048033
15.394718670420007 0.892910760302154
15.417661619258189 0.9365220226045038
15.44060456809637 0.9325594334593013
15.463547516934552 0.9389333684546781
15.486490465772734 0.9284526860748498
15.509433414610916 0.9792876764757977
15.532376363449098 0.975294441516378
15.55531931228728 0.9717016267225398
15.578262261125461 0.9452581087819576
15.601205209963643 0.9300740708506926
15.624148158801825 0.9494332233155921
15.647091107640007 0.95862168857196
15.670034056478189 0.9667885376295977
15.69297700531637 0.9415823089867896
15.715919954154552 0.9850460358660972
15.738862902992734 1.0042024515600922
15.761805851830916 0.9379017448220537
15.784748800669098 0.9398651105312801
15.80769174950728 0.9722827566394384
15.830634698345461 0.9272432537721561
15.853577647183643 0.9699157341729331
15.876520596021825 0.9065816183712934
15.899463544860007 0.9811987118852928
15.922406493698189 0.9877774173700864
15.94534944253637 0.9629253421330324
15.968292391374552 1.0004509775125312
15.991235340212734 1.0022986192425722
16.014178289050914 0.9298127790837301
16.037121237889096 0.9481671770807085
16.060064186727278 0.9924729549109885
16.08300713556546 0.9899571127079022
16.10595008440364 0.975116573736958
16.128893033241823 0.9759511094105522
16.151835982080005 0.9722454396655629
16.174778930918187 0.9738923410347353
16.19772187975637 0.9748656584763021
16.22066482859455 0.9711966417618284
16.243607777432732 0.9931858574150058
16.266550726270914 1.0329323284894794
16.289493675109096 0.9952978611837627
16.312436623947278 0.9893489533207347
16.33537957278546 0.9873370276763359
16.35832252162364 0.9731465423060893
16.381265470461823 0.9958710122870709
16.404208419300005 1.0250968705718073
16.427151368138187 0.9657853528329734
16.45009431697637 0.9820146994754492
16.47303726581455 1.0037879986015827
16.495980214652732 1.006539270719465
16.518923163490914 0.9892163785323167
16.541866112329096 0.9900368074654988
16.564809061167278 1.0321170107781263
16.58775201000546 0.9812249694959122
16.61069495884364 0.9877144055112806
16.633637907681823 1.0170694400443663
16.656580856520005 0.9855851526312417
16.679523805358187 1.0301265534247912
16.70246675419637 1.0126134282695975
16.72540970303455 0.9830497159068067
16.748352651872732 1.0243005315342995
16.771295600710914 1.0349723047626826
16.794238549549096 1.01276293466323
16.817181498387278 1.0355249809484615
16.84012444722546 1.01012416279616
16.86306739606364 1.009323920403343
16.886010344901823 1.005767659127558
16.908953293740005 0.9937266780723341
16.931896242578187 1.0007794981610332
16.95483919141637 0.9944660988077066
16.97778214025455 1.0261379446803156
17.000725089092732 0.9976920219867761
17.023668037930914 0.9963191520755769
17.046610986769096 1.0551017833035323
17.069553935607278 1.0007073728409026
17.09249688444546 1.0095822892515178
17.11543983328364 1.0109997840339735
17.138382782121823 1.0408540142980582
17.161325730960005 1.0063858390739644
17.184268679798187 1.0393522378514635
17.20721162863637 1.0126731974845784
17.23015457747455 1.041587904471158
17.253097526312732 1.039221286439331
17.276040475150914 1.0420954667236861
17.298983423989096 1.0531887390116466
17.321926372827278 1.0611027215450257
17.34486932166546 1.0616691263084568
17.36781227050364 1.0307106966088766
17.390755219341823 1.0306601494633971
17.413698168180005 1.0567222611779807
17.436641117018187 1.0362700911559524
17.45958406585637 1.0439764790238242
17.48252701469455 1.072619711370485
17.505469963532732 1.0511136048730754
17.528412912370914 1.0340559995741148
17.551355861209096 1.098872923355477
17.574298810047278 1.0366579913330027
17.59724175888546 1.0477746386944837
17.620184707723645 1.0438758116415108
17.643127656561827 0.9920525640680119
17.66607060540001 1.0331228803407277
17.68901355423819 1.0537553488834885
17.711956503076372 1.0457284247192817
17.734899451914554 1.0454955147754503
17.757842400752736 1.042638894407938
17.780785349590918 1.0134266086533812
17.8037282984291 1.0342007339020174
17.82667124726728 1.045030193730565
17.849614196105463 1.0617798585417944
17.872557144943645 1.0715554428846938
17.895500093781827 1.0660563434325665
17.91844304262001 1.0603128230575254
17.94138599145819 1.0399505232241537
17.964328940296372 1.0638376645937662
17.987271889134554 1.0328260139598053
18.010214837972736 1.0295618223609866
18.033157786810918 1.0568239401979485
18.0561007356491 1.0302063792604312
18.07904368448728 1.0546040092959064
18.101986633325463 1.0683686968670878
18.124929582163645 1.0439630861185258
18.147872531001827 1.0861058251851197
18.17081547984001 1.029375039920408
18.19375842867819 1.0471548849314731
18.216701377516372 1.0691482346229049
18.239644326354554 1.0309364068523257
18.262587275192736 1.0398685388197244
18.285530224030918 1.0302255561812081
18.3084731728691 0.9988013628250244
18.33141612170728 1.0475904885491183
18.354359070545463 1.0364428652986344
18.377302019383645 1.057059407191622
18.400244968221827 1.0339772719312468
18.42318791706001 1.046981147059899
18.44613086589819 1.0824329649294204
18.469073814736372 1.0722963736013686
18.492016763574554 1.0453959081866928
18.514959712412736 1.0236606695825574
18.537902661250918 1.0274834164727324
18.5608456100891 1.022316114150948
18.58378855892728 1.0583113892787785
18.606731507765463 1.0705295439884381
18.629674456603645 1.0428828540023596
18.652617405441827 1.0282688918937415
18.67556035428001 1.0325930346998902
18.69850330311819 1.027922852780951
18.721446251956372 1.0434667765064622
18.744389200794554 1.0312046523916727
18.767332149632736 1.0296957250970857
18.790275098470918 1.038422689777206
18.8132180473091 1.0574220578018563
18.83616099614728 1.0471518630889898
18.859103944985463 1.0423731777391543
18.882046893823645 1.0539584936981226
18.904989842661827 1.0232531436780865
18.92793279150001 1.0713453894170866
18.95087574033819 1.0374436141211778
18.973818689176372 1.0298980038658816
18.996761638014554 1.0345808835009236
19.019704586852736 1.0296846794442807
19.042647535690918 1.0193200925330965
19.0655904845291 1.06367026799532
19.08853343336728 1.0178817933734654
19.111476382205463 1.0184773104886946
19.134419331043645 1.053659861207289
19.157362279881827 1.0551767087471375
19.18030522872001 1.0024894947941954
19.20324817755819 1.0082935731374876
19.226191126396373 0.9855777253295027
19.249134075234554 1.0248621163302236
19.272077024072736 1.0056932259418756
19.295019972910918 1.0158257673336146
19.3179629217491 1.053951224416947
19.34090587058728 1.0291561035998429
19.363848819425463 1.0044412640069074
19.386791768263645 1.0418337319921527
19.409734717101827 1.039224427098758
19.43267766594001 0.9931483304367708
19.45562061477819 1.019599934656922
19.478563563616373 1.0376519934001784
19.501506512454554 0.9845727119651354
19.524449461292736 0.9786196263560172
19.547392410130918 1.0049137500431515
19.5703353589691 1.0084004084226523
19.59327830780728 1.011528636390838
19.616221256645463 1.005463482702348
19.639164205483645 0.9986809280980012
19.662107154321827 1.0133576803702529
19.68505010316001 0.9661463930979821
19.70799305199819 1.003311738528517
19.730936000836373 1.0004506130512751
19.753878949674554 1.026010111296347
19.776821898512736 1.014299322046274
19.799764847350918 0.984106882172899
19.8227077961891 1.0094999045361641
19.84565074502728 0.994827764382368
19.868593693865463 0.9752243497833305
19.891536642703645 0.9850974021367483
19.914479591541827 0.98380472131241
19.93742254038001 1.0062582962789652
19.96036548921819 0.9881620989638179
19.983308438056373 0.9728924375336836
20.006251386894554 0.9926565557598028
20.029194335732736 0.9774448883564689
20.052137284570918 1.0090446091810723
20.0750802334091 0.9931566022293967
20.09802318224728 1.009419138315825
20.120966131085464 1.0041462665031657
20.143909079923645 0.9725168606309519
20.166852028761827 0.9878099851474214
20.18979497760001 0.9778821063393536
20.21273792643819 0.9586877778924905
20.235680875276373 0.9803964123156945
20.258623824114554 0.9210090537644708
20.281566772952736 0.9917280227081784
20.304509721790918 0.9366326824135757
20.3274526706291 0.9797877412942659
20.35039561946728 0.9503191453125598
20.373338568305464 0.9523515073355061
20.396281517143645 0.9729604195300293
20.419224465981827 0.9843071402687835
20.44216741482001 0.9887729049155685
20.46511036365819 0.9528369058495592
20.488053312496373 0.9407448582494894
20.510996261334554 0.9949979382545105
20.533939210172736 0.9611986991884517
20.556882159010918 0.9636453148489607
20.5798251078491 0.9993121399527725
20.60276805668728 0.9530133859666209
20.625711005525464 0.9701509381449261
20.648653954363645 0.9607457353526765
20.671596903201827 0.9607667618621457
20.69453985204001 0.9260571193186583
20.71748280087819 0.9633339989795575
20.740425749716373 0.9599527765836057
20.763368698554554 0.9583119814780352
20.786311647392736 0.9695197409871271
20.809254596230918 0.9616132652380998
20.8321975450691 0.9745459373523117
20.85514049390728 0.9546501899604245
20.878083442745464 0.9288506314272564
20.901026391583645 0.9668872504511328
20.923969340421827 0.9569883626663851
20.94691228926001 0.984900074898722
20.96985523809819 0.9810463022586898
20.992798186936373 0.9431729285835903
21.015741135774554 0.956167469484062
21.038684084612736 0.9664582362331392
21.061627033450918 0.9737467965031937
21.0845699822891 0.9835018533270782
21.10751293112728 0.9699534242154183
21.130455879965464 0.9659401849108641
21.153398828803645 0.9581568798015788
21.176341777641827 0.937254534239956
21.19928472648001 0.9502859652860688
21.22222767531819 0.9773857909256072
21.245170624156373 0.9300678553039087
21.268113572994555 0.9543089128001815
21.291056521832736 0.9685817857168335
21.313999470670918 0.9671681386194463
21.3369424195091 0.9588857017213206
21.359885368347282 0.9771730377420191
21.382828317185464 0.978309099805135
21.405771266023645 0.9616521045708809
21.428714214861827 0.9745322765959792
21.45165716370001 0.9833082093012359
21.47460011253819 0.9673567555677026
21.497543061376373 0.950033956977728
21.520486010214555 0.9440433175458286
21.543428959052736 0.963060332890501
21.566371907890918 0.9581277514120399
21.5893148567291 0.915300909447304
21.612257805567282 0.9432529232816785
21.635200754405464 0.9304148230558481
21.658143703243645 0.9484627093141671
21.681086652081827 0.9748543839173427
21.70402960092001 0.96082857988699
21.72697254975819 0.9537650893458218
21.749915498596373 0.9758056250564416
21.772858447434555 0.9480406470821073
21.795801396272736 0.960344619197741
21.818744345110918 0.9816708641509124
21.8416872939491 0.9540475472774342
21.864630242787282 0.9951638071650208
21.887573191625464 0.9756792488223074
21.910516140463645 0.9677115366665539
21.933459089301827 0.9913297991965269
21.95640203814001 0.9602231797754048
21.97934498697819 1.0144677089071203
22.002287935816373 0.9912743502257801
22.025230884654555 0.9582460161374864
22.048173833492736 0.9826105153640668
22.07111678233092 0.9601865385390036
22.0940597311691 0.977964952258724
22.117002680007282 0.9867912049722113
22.139945628845464 0.9709111959335979
22.162888577683646 0.9536950021747456
22.185831526521827 0.9435988404912662
22.20877447536001 0.9791184574989394
22.23171742419819 1.003454735316603
22.254660373036373 0.996356000264527
22.277603321874555 0.9539495963854564
22.300546270712736 0.9890019777129504
22.32348921955092 0.971396003813137
22.3464321683891 0.9870221765249748
22.369375117227282 1.0069165342331996
22.392318066065464 0.9829699492250064
22.415261014903646 0.9637519048610226
22.438203963741827 0.9878305262001961
22.46114691258001 0.9709996966609763
22.48408986141819 1.007924816142659
22.507032810256373 0.9738294817746466
22.529975759094555 1.009161507511317
22.552918707932736 0.9449268499468535
22.57586165677092 1.0142935887374518
22.5988046056091 0.989709062520242
22.621747554447282 0.9984193062804219
22.644690503285464 0.9948509913671774
22.667633452123646 0.971903110490744
22.690576400961827 1.0060953654824587
22.71351934980001 1.014440022163753
22.73646229863819 1.0093991844489485
22.759405247476373 0.9809236540433338
22.782348196314555 1.0178363137492084
22.805291145152736 1.0094291326614317
22.82823409399092 1.0064970516628626
22.8511770428291 1.0227328390297599
22.874119991667282 1.0065916647143396
22.897062940505464 0.9936716319166815
22.920005889343646 1.0286756229897638
22.942948838181827 0.9820228550840494
22.96589178702001 0.9982161560014341
22.98883473585819 0.9987560418459034
23.011777684696373 1.0329965338004776
23.034720633534555 1.0013544086895845
23.057663582372736 1.0103472056371632
23.08060653121092 1.0313695944092371
23.1035494800491 1.0231460784950672
23.126492428887282 1.007206366773853
23.149435377725464 0.9853516068872651
23.172378326563646 1.0143983130669876
23.195321275401827 0.9925367125251198
23.21826422424001 1.0121894611188496
23.24120717307819 1.0043763530932919
23.264150121916373 0.9869461728487257
23.287093070754555 1.0073284946808592
23.310036019592737 1.0390123107928995
23.33297896843092 1.0254132936576172
23.3559219172691 1.038227080030695
23.378864866107282 1.0177078931592334
23.401807814945464 1.022069960088424
23.424750763783646 1.021032999797779
23.447693712621827 1.0339818887729393
23.47063666146001 1.011900214919568
23.49357961029819 1.030877930948841
23.516522559136373 1.0263254713908736
23.539465507974555 1.037763244550905
23.562408456812737 1.0201048031598028
23.58535140565092 1.0252105112954084
23.6082943544891 1.0235788529938237
23.631237303327282 1.0023518612425364
23.654180252165464 1.0269697272828429
23.677123201003646 1.0130057005050126
23.700066149841827 1.0069862502250169
23.72300909868001 1.0251976424221672
23.74595204751819 1.0344022537219413
23.768894996356373 1.0449254608998757
23.791837945194555 1.0415093039289542
23.814780894032737 1.0235995665582258
23.83772384287092 1.045266773910967
23.8606667917091 1.0488880102411546
23.883609740547282 1.0644632650073107
23.906552689385464 1.0491460642374253
23.929495638223646 1.0344349051277795
23.952438587061827 1.0272470708918031
23.97538153590001 1.0188266419703866
23.99832448473819 1.0160769621481984
24.021267433576373 1.0198813132204345
24.044210382414555 1.0261553296259025
24.067153331252737 1.0361147372923076
24.09009628009092 1.0494491930974104
24.1130392289291 1.0134407895876931
24.135982177767282 1.067987822632363
24.158925126605464 1.0127529660167705
24.181868075443646 1.0291770339970296
24.204811024281828 1.0506779399588613
24.22775397312001 1.0069378168615177
24.25069692195819 1.0501667149161562
24.273639870796373 1.043098489061951
24.296582819634555 1.0156149437465583
24.319525768472737 1.05711585878333
24.34246871731092 1.0192203250132346
24.3654116661491 1.0381691257500159
24.388354614987282 1.0182963403138947
24.411297563825464 1.0366731290341924
24.434240512663646 1.0213240538457706
24.457183461501828 1.025033557301074
24.48012641034001 1.055600217640719
24.50306935917819 1.049272227649619
24.526012308016373 1.019830578623212
24.548955256854555 1.0454616976403286
24.571898205692737 1.054759181014252
24.59484115453092 1.0444259186279001
24.6177841033691 1.052795034725639
24.640727052207282 1.0367765265932951
24.663670001045464 1.026301966948695
24.686612949883646 0.994283007690841
24.709555898721828 1.0239053920131855
24.73249884756001 1.0429747277860753
24.75544179639819 1.0476931622488979
24.778384745236373 1.033531634004155
24.801327694074555 1.0216177123491261
24.824270642912737 1.0190741867310844
24.84721359175092 1.0149476153999615
24.8701565405891 1.0339107804894234
24.893099489427282 1.0088285520782965
24.916042438265464 1.039360990826901
24.938985387103646 0.9990651970664419
24.961928335941828 1.0386195711934443
24.98487128478001 1.0216632720926027
25.00781423361819 0.995361081759232
25.030757182456373 1.0148444147861084
25.053700131294555 1.0356956798358303
25.076643080132737 1.0375533593766728
25.09958602897092 1.0386767584757064
25.1225289778091 1.0479830232038243
25.145471926647282 1.0081847096712186
25.168414875485464 1.0036712062457722
25.191357824323646 1.0191732655790509
25.214300773161828 1.0097102327408427
25.23724372200001 1.0022071488553763
25.26018667083819 1.0135178155468594
25.283129619676373 0.9769980138734458
25.306072568514555 0.9974549034973891
25.329015517352737 1.0202368209713084
25.35195846619092 1.006847990585598
25.3749014150291 0.9937642531534243
25.397844363867282 1.0411497239618046
25.420787312705464 0.9983009425030168
25.443730261543646 1.0166324663774002
25.466673210381828 1.02802438066374
25.48961615922001 0.9855798276051373
25.51255910805819 1.029663971553058
25.535502056896373 0.9914323342636372
25.558445005734555 0.9924912169981054
25.581387954572737 1.002776942118934
25.60433090341092 1.018455162881167
25.6272738522491 1.0101816987462349
25.650216801087282 0.9917964424648091
25.673159749925464 0.9988056600320051
25.696102698763646 1.0312662865809696
25.719045647601828 1.0479091279169641
25.74198859644001 1.0177006814289873
25.76493154527819 0.9995761003948527
25.787874494116373 0.9822264190530952
25.810817442954555 1.0074893975716375
25.833760391792737 0.997168004786559
25.85670334063092 0.9937628749815034
25.8796462894691 0.9822188681007912
25.902589238307282 0.9994930364507847
25.925532187145464 1.0213986618288462
25.948475135983646 1.0040009361248585
25.971418084821828 0.9817574914906965
25.99436103366001 0.9841343456366235
26.01730398249819 0.9856262502845207
26.040246931336373 1.0096742831839207
26.063189880174555 1.012674518193029
26.086132829012737 0.9866168184048812
26.10907577785092 1.0023722900044094
26.1320187266891 0.9982839280664286
26.154961675527282 0.9930764485524599
26.177904624365464 0.9944802425256449
26.200847573203646 1.0073796132134758
26.223790522041828 0.9921607009213134
26.24673347088001 1.0036683969418383
26.26967641971819 1.02052562603645
26.292619368556373 0.9810740562348642
26.315562317394555 0.9814324720308369
26.338505266232737 1.0091744682769175
26.36144821507092 0.9624362709066081
26.3843911639091 1.00539738000989
26.407334112747282 0.9867035893250098
26.430277061585464 0.9642854495579207
26.453220010423646 0.9951215178133251
26.476162959261828 1.004283712279306
26.49910590810001 0.9751062180528741
26.52204885693819 0.9813442955337193
26.544991805776373 0.9739806675918508
26.567934754614555 0.9974666654426932
26.590877703452737 0.9739328505069944
26.61382065229092 0.9680582093674959
26.6367636011291 0.987246130126412
26.659706549967282 1.0079890773444489
26.682649498805464 0.9978750619151135
26.705592447643646 0.9852954068152241
26.728535396481828 0.9678678568886935
26.75147834532001 0.9801931183450183
26.77442129415819 0.9656902766283718
26.797364242996373 0.9899816127783754
26.820307191834555 0.962570143871201
26.843250140672737 0.9783636550213908
26.86619308951092 0.9832019242940332
26.8891360383491 0.9799692149395378
26.912078987187282 0.9730057967859167
26.935021936025464 1.0141041368703954
26.957964884863646 0.9898609173689775
26.980907833701828 0.9794157355728084
27.00385078254001 0.990503801681372
27.02679373137819 0.9653467301786423
27.049736680216373 0.9727441774556463
27.072679629054555 0.9577006826955895
27.095622577892737 1.009653692438727
27.11856552673092 0.9650535418380679
27.1415084755691 0.9707546264719223
27.164451424407282 0.96524363522893
27.187394373245464 0.9769162017828672
27.210337322083646 0.9875337376570148
27.233280270921828 0.9652677791695934
27.25622321976001 0.9483969890545092
27.27916616859819 0.9536914103392667
27.302109117436373 0.952151163752248
27.325052066274555 0.9460224330152607
27.347995015112737 0.9698843634950679
27.37093796395092 0.9716525987628477
27.3938809127891 0.9836948070776016
27.416823861627282 0.974534162220958
27.439766810465464 0.968238572415626
27.462709759303646 0.9580733321396799
27.485652708141828 0.9935702047545434
27.50859565698001 0.9684892964278986
27.53153860581819 0.9810029760077096
27.554481554656373 0.9655497536855966
27.577424503494555 0.990307024829577
27.600367452332737 0.9732252530736589
27.62331040117092 0.9685417157300193
27.6462533500091 0.9774262936548722
27.669196298847282 0.9657950261186513
27.692139247685464 0.9721363827993189
27.715082196523646 0.9808028101542823
27.738025145361828 0.9929480752158233
27.76096809420001 0.9731828731414268
27.78391104303819 0.9810001220024677
27.806853991876373 0.9838190227383182
27.829796940714555 0.9673903559462962
27.852739889552737 0.9759337126087045
27.87568283839092 0.9744459686595175
27.8986257872291 0.9795719065908444
27.921568736067282 0.9579347928526625
27.944511684905464 0.9687188055527239
27.967454633743646 0.9790839840911724
27.990397582581828 0.9700246583031752
28.01334053142001 0.9821489102932186
28.03628348025819 0.961155002046815
28.059226429096373 0.9933001574794108
28.082169377934555 0.9923198347031268
28.105112326772737 0.9700748281829756
28.12805527561092 0.9811580924563201
28.1509982244491 0.9829018650026807
28.173941173287282 0.9800250459538191
28.196884122125464 0.9824713236268333
28.219827070963646 0.9877521220062317
28.242770019801828 1.0000687387732747
28.26571296864001 0.9917471340464876
28.28865591747819 0.9529173903381516
28.311598866316373 0.9836447994028035
28.334541815154555 0.9983533295824466
28.357484763992737 0.9480839444331471
28.38042771283092 0.9576712419680793
28.4033706616691 0.9975411146495631
28.426313610507282 0.9410996473026271
28.449256559345464 0.977791747161992
28.472199508183646 1.0016747494751892
28.495142457021828 1.0025173578918913
28.51808540586001 0.9859160628210984
28.54102835469819 0.9793675322304441
28.563971303536373 0.9817181829056385
28.586914252374555 0.9567153641314318
28.609857201212737 1.010113410646412
28.63280015005092 1.0076945229016794
28.6557430988891 0.9924605131995695
28.678686047727282 0.9954923994701397
28.701628996565464 0.9913505192075172
28.724571945403646 1.0043342177071393
28.747514894241828 0.9740306433063769
28.77045784308001 0.9867838311939089
28.79340079191819 1.0050125974081305
28.816343740756373 1.0076230800761514
28.839286689594555 0.9989567888749296
28.862229638432737 1.0216810659821551
28.88517258727092 0.9854141241426743
28.9081155361091 1.0000093058712938
28.931058484947282 1.012433149494378
28.954001433785464 0.9780047598330156
28.976944382623646 1.0049611235822395
28.999887331461828 1.0032599458868878
29.02283028030001 0.9983198833598316
29.04577322913819 0.962133919257117
29.068716177976373 0.9871828937092895
29.091659126814555 0.9979161283421357
29.114602075652737 1.0098385038263942
29.13754502449092 1.0042538877635179
29.1604879733291 1.0092199914082547
29.183430922167283 1.005691100448635
29.206373871005464 0.9965725253685781
29.229316819843646 0.979978791976104
29.252259768681828 0.9854205012409404
29.27520271752001 1.019403552164338
29.29814566635819 1.0066191905802417
29.321088615196373 0.9803912561433133
29.344031564034555 1.045842766500732
29.366974512872737 1.0132193809411087
29.389917461710922 0.9799565930397891
29.412860410549104 1.0123010794610598
29.435803359387286 0.9925351813154739
29.458746308225468 1.0155798194393886
29.48168925706365 0.9901922391859789
29.50463220590183 1.023325471069822
29.527575154740013 1.0145583350615621
29.550518103578195 1.0350082627240589
29.573461052416377 0.997724200516825
29.59640400125456 1.0182266839466958
29.61934695009274 1.0267974577645405
29.642289898930922 1.0190775999427097
29.665232847769104 1.00516273410774
29.688175796607286 1.0309394076952332
29.711118745445468 1.0471361687632805
29.73406169428365 1.000987657274477
29.75700464312183 1.0423585788979395
29.779947591960013 1.0326553118182673
29.802890540798195 1.0066816231812428
29.825833489636377 0.9975206904760131
29.84877643847456 0.9922694518030721
29.87171938731274 1.019214394395944
29.894662336150922 1.0133336747104407
29.917605284989104 1.041539067989116
29.940548233827286 1.0375601610713996
29.963491182665468 1.0162076260226205
29.98643413150365 1.0161825821781767
30.00937708034183 1.0505057593742944
30.032320029180013 1.0189044054998546
30.055262978018195 1.0713575627150462
30.078205926856377 1.01411579836035
30.10114887569456 1.0296917108378085
30.12409182453274 1.0098222934233745
30.147034773370923 1.0230348152879771
30.169977722209104 1.0006446014116337
30.192920671047286 1.0022381734793828
30.215863619885468 0.9946241116106217
30.23880656872365 1.003704855296002
30.26174951756183 1.0343994256365991
30.284692466400013 1.0217303701334168
30.307635415238195 1.030961094861159
30.330578364076377 0.9978174480170152
30.35352131291456 1.0137577704610217
30.37646426175274 1.008290569648033
30.399407210590923 1.015753706620786
30.422350159429104 1.0332220281734774
30.445293108267286 1.0131678670949384
30.468236057105468 1.0278518075698755
30.49117900594365 1.0586809395197312
30.51412195478183 1.0468213981769598
30.537064903620013 1.0040065352005518
30.560007852458195 1.0312237016953398
30.582950801296377 1.0037089857817674
30.60589375013456 1.0669352187188772
30.62883669897274 1.0425992037388299
30.651779647810923 1.0038319212961642
30.674722596649104 1.0315965079338287
30.697665545487286 1.0210890672235189
30.720608494325468 1.0482696956097033
30.74355144316365 1.0340540672421206
30.76649439200183 1.0566088482792828
30.789437340840013 1.021085516769299
30.812380289678195 1.005132457550468
30.835323238516377 1.0143156906969133
30.85826618735456 1.0119331019478461
30.88120913619274 1.0163932661915285
30.904152085030923 1.0072167416042506
30.927095033869104 0.9974128336476211
30.950037982707286 0.9786365535897864
30.972980931545468 1.0098805377099922
30.99592388038365 1.0370062416875079
31.01886682922183 1.0112133613655454
31.041809778060014 0.9907310874461928
31.064752726898195 1.0251582722960282
31.087695675736377 1.0116209201040811
31.11063862457456 1.0356702449787065
31.13358157341274 1.0163192081372239
31.156524522250923 1.037536660463891
31.179467471089104 1.0188099387785194
31.202410419927286 1.0175753186051262
31.225353368765468 1.021609153361738
31.24829631760365 1.02939926193661
31.27123926644183 1.011258695229625
31.294182215280014 0.9910293008851121
31.317125164118195 1.033622987576346
31.340068112956377 0.9960642595326938
31.36301106179456 0.9973127945498061
31.38595401063274 1.0226520770925915
31.408896959470923 1.0227739865996532
31.431839908309104 0.9994679586735529
31.454782857147286 1.016722187100976
31.477725805985468 1.004261779464174
31.50066875482365 1.0336406839072168
31.52361170366183 1.0259477319197523
31.546554652500014 1.0403752297685906
31.569497601338195 1.017398946894175
31.592440550176377 1.0266091995444053
31.61538349901456 1.038802160506972
31.63832644785274 1.0202673593557707
31.661269396690923 1.0185489693085996
31.684212345529104 0.9975067472631491
31.707155294367286 1.0230971946131635
31.730098243205468 0.9960128659253433
31.75304119204365 1.0100635110170113
31.77598414088183 1.0118496743537881
31.798927089720014 0.9881343772925307
31.821870038558195 1.0210395465636526
31.844812987396377 1.025607632419887
31.86775593623456 0.9992347251951281
31.89069888507274 0.9791414196130669
31.913641833910923 1.0083653494707634
31.936584782749105 0.993620933731759
31.959527731587286 1.000059313924926
31.982470680425468 0.9851816432249383
32.00541362926365 1.0222035530580298
32.02835657810183 1.0033670057629769
32.051299526940014 0.9911255724719195
32.07424247577819 0.9784046455632464
32.09718542461638 1.009018335650935
32.120128373454556 0.9944243432291954
32.14307132229274 1.0363451303049653
32.16601427113092 0.9847149816113533
32.188957219969105 0.9825595159008729
32.21190016880728 1.0221306175197045
32.23484311764547 1.0216757611127434
32.257786066483646 0.9906351031255463
32.28072901532183 1.0064726189596922
32.30367196416001 0.9943969792078144
32.326614912998195 0.9817602727984984
32.349557861836374 1.0065837736262084
32.37250081067456 1.0225460742414585
32.39544375951274 0.9962412744623085
32.41838670835092 0.9949730172902583
32.4413296571891 0.9785150076647705
32.464272606027286 0.9967607616490046
32.487215554865465 0.999318197794783
32.51015850370365 0.9999917083665918
32.53310145254183 0.9869719984915836
32.556044401380014 0.9815071123768883
32.57898735021819 0.974057585861758
32.60193029905638 0.9935712336636646
32.624873247894556 0.9804638368144022
32.64781619673274 0.9770033137780908
32.67075914557092 0.9964852757605207
32.693702094409105 0.9982387175383409
32.71664504324728 1.0091728057628928
32.73958799208547 0.9708065511091598
32.76253094092365 0.9867030141334876
32.78547388976183 0.9772537276197687
32.80841683860001 0.9692498686190868
32.831359787438195 1.0034870814866776
32.854302736276374 0.9622942204139957
32.87724568511456 1.0087135512031102
32.90018863395274 0.9599703585865591
32.92313158279092 0.996073287108479
32.9460745316291 0.9837061306278313
32.969017480467286 0.9803559595817692
32.991960429305465 0.9738871051901689
33.01490337814365 0.980672618610986
33.03784632698183 0.9827644574272758
33.060789275820014 0.9792447010464398
33.08373222465819 0.9791022795505752
33.10667517349638 1.0173407619457921
33.129618122334556 0.9825425422387041
33.15256107117274 0.9953277395768437
33.17550402001092 0.9763865196287914
33.198446968849105 0.9842686808018929
33.22138991768728 0.9850504741639652
33.24433286652547 0.9772561979350936
33.26727581536365 0.9699947934846608
33.29021876420183 0.9894478843128889
33.31316171304001 0.997704479868103
33.336104661878196 0.9622101641071283
33.359047610716374 1.0010481439545866
33.38199055955456 0.9796093203622284
33.40493350839274 0.9677612704775653
33.42787645723092 0.9708425378837731
33.4508194060691 0.9797931608665496
33.47376235490729 0.9975280165528517
33.496705303745465 0.9736050629722862
33.51964825258365 1.0017223902883827
33.54259120142183 0.9928283832548379
33.565534150260014 0.963870196465401
33.58847709909819 0.9907103155485648
33.61142004793638 0.9791844252422333
33.634362996774556 0.9914761928272645
33.65730594561274 0.9748912616581994
33.68024889445092 0.9553094466631306
33.703191843289105 0.9935908150216978
33.72613479212728 0.9647424099491052
33.74907774096547 1.0107515826472153
33.77202068980365 0.9680785488096486
33.79496363864183 0.948914267715914
33.81790658748001 0.9621454281412948
33.840849536318196 0.949316991008499
33.863792485156374 0.9868527786000714
33.88673543399456 0.983393069374305
33.90967838283274 0.9718222190568879
33.93262133167092 0.9752906649467288
33.9555642805091 0.9699392489587635
33.97850722934729 0.9966734367074327
34.001450178185465 0.9773330966509537
34.02439312702365 0.9886892343991004
34.04733607586183 0.9749270621797854
34.070279024700014 0.949949996648379
34.09322197353819 0.9884302047829653
34.11616492237638 0.9773153320511572
34.139107871214556 0.9873456977479851
34.16205082005274 0.9916344167764879
34.18499376889092 1.0061227508637576
34.207936717729105 1.0036972882227222
34.23087966656728 0.9713769203687777
34.25382261540547 0.9840988854683963
34.27676556424365 0.9887524710421018
34.29970851308183 0.9890190125621787
34.32265146192001 0.9726303883018184
34.345594410758196 1.0004557663331335
34.368537359596374 0.9611739583645065
34.39148030843456 1.0108656788075339
34.41442325727274 0.9727797696496614
34.43736620611092 1.017170605671199
34.4603091549491 1.0154817222283294
34.48325210378729 0.9572985847439123
34.506195052625465 0.9962028035676804
34.52913800146365 0.9852150799123697
34.55208095030183 0.9976713003854266
34.575023899140014 0.9941423373802933
34.59796684797819 1.0035564250302798
34.62090979681638 0.9994003966141445
34.643852745654556 1.0178125296661644
34.66679569449274 0.9960547195584528
34.68973864333092 0.9811092569702774
34.712681592169105 0.9921231947662268
34.73562454100728 0.9888332044854985
34.75856748984547 0.9798297316985158
34.78151043868365 0.9980510470033297
34.80445338752183 0.9995443077286855
34.82739633636001 0.9937843121950657
34.850339285198196 0.9865862994948592
34.873282234036374 0.9894227920250953
34.89622518287456 1.0217501559899678
34.91916813171274 0.9869013478538583
34.94211108055092 0.9850158742463442
34.9650540293891 0.9767899971413936
34.98799697822729 0.9801315682343407
35.010939927065465 0.987251475072384
35.03388287590365 1.009399234746593
35.05682582474183 0.9963995778227714
35.079768773580014 1.0106428463576085
35.10271172241819 1.0023077233091346
35.12565467125638 1.001590110585824
35.148597620094556 0.9595964692133737
35.17154056893274 0.9899441597519754
35.19448351777092 1.0047881234047003
35.217426466609105 0.9928173143600254
35.24036941544729 0.9812340907238203
35.26331236428547 1.017133169979753
35.286255313123654 1.009017166467898
35.30919826196183 1.0038868798767617
35.33214121080002 0.9795072637136718
35.355084159638196 0.997933070821881
35.37802710847638 0.9951082448996491
35.40097005731456 1.0419589264558646
35.423913006152745 0.9919689126075738
35.44685595499092 1.019433559499936
35.46979890382911 0.9905451432888506
35.49274185266729 1.0211228494485065
35.51568480150547 1.005707125761318
35.53862775034365 0.9756768020419239
35.561570699181836 1.0107436491959387
35.584513648020014 1.0133431957616619
35.6074565968582 1.0066314946317472
35.63039954569638 1.0200777224036206
35.65334249453456 0.9904546888893918
35.67628544337274 0.9999570390067682
35.69922839221093 1.0037198164688412
35.722171341049105 1.0001462136323709
35.74511428988729 1.003186815123865
35.76805723872547 0.9931803296511253
35.791000187563654 0.9885225565358573
35.81394313640183 0.995652427477681
35.83688608524002 1.0382736015366667
35.859829034078196 1.0212669088536916
35.88277198291638 1.0182529122273531
35.90571493175456 1.0161166900979162
35.928657880592745 1.016879239442827
35.95160082943092 1.0109163267196506
35.97454377826911 1.021803754753992
35.99748672710729 1.015114100746343
36.02042967594547 1.0247536490170701
36.04337262478365 0.9941701332493909
36.066315573621836 1.0055786624864766
36.089258522460014 1.0103838946268846
36.1122014712982 1.0233841661517178
36.13514442013638 1.0121502130305975
36.15808736897456 1.0080461453320386
36.18103031781274 0.9914001649657004
36.20397326665093 1.0081300603779006
36.226916215489105 1.0132885875772388
36.24985916432729 1.027578290122401
36.27280211316547 0.9815993392096923
36.295745062003654 0.9776268467478109
36.31868801084183 1.004741870462892
36.34163095968002 1.0283375145804345
36.364573908518196 0.9973981346709877
36.38751685735638 1.016486010851934
36.41045980619456 1.0324782891893909
36.433402755032745 1.0167116963794014
36.45634570387092 1.0020076640054336
36.47928865270911 1.0200371234253585
36.50223160154729 1.018127814171602
36.52517455038547 1.0231661253746127
36.54811749922365 1.0367778079904384
36.571060448061836 1.0246255462457299
36.594003396900014 1.0332451033872174
36.6169463457382 1.0044045196509264
36.63988929457638 1.0234257970579685
36.66283224341456 1.0184541145088328
36.68577519225274 1.0326866265381194
36.70871814109093 1.0234430423644292
36.731661089929105 0.9720426014934047
36.75460403876729 1.0153734251515592
36.77754698760547 1.0144905156208046
36.800489936443654 1.028734223510625
36.82343288528183 1.0202855610438362
36.84637583412002 0.995862595010316
36.869318782958196 0.9859143610712782
36.89226173179638 1.034203252234503
36.91520468063456 1.0089343047887052
36.938147629472745 1.0190836619234656
36.96109057831092 1.0474105901781272
36.98403352714911 1.0330748463345434
37.00697647598729 1.0180181189455229
37.02991942482547 1.0074237029875484
37.05286237366365 1.035723282248896
37.075805322501836 1.0120352277352196
37.098748271340014 1.0262904520390146
37.1216912201782 1.0022256063442703
37.14463416901638 1.0344862025033548
37.16757711785456 1.0213946505445968
37.19052006669274 0.9958439510217739
37.21346301553093 1.0215355397786912
37.236405964369105 1.0148352219826502
37.25934891320729 1.0136084558284588
37.28229186204547 1.0024312495528924
37.305234810883654 1.0209075373248975
37.32817775972183 1.0165935185216934
37.35112070856002 0.9929712679316945
37.374063657398196 1.0064823981294961
37.39700660623638 0.9961820485216908
37.41994955507456 1.0332277431150365
37.442892503912745 1.0075701456675754
37.46583545275092 1.0243921548747845
37.48877840158911 1.0135733540940552
37.51172135042729 1.020181742214391
37.53466429926547 0.9830383747099696
37.55760724810365 1.0209789413077324
