k*sigma_0 S(k)

0.0229429488381818 0.13512678475562118
0.0458858976763637 0.14360149643211997
0.0688288465145455 0.280480300379757
0.0917717953527273 0.20263324216169568
0.1147147441909091 0.1532205772907819
0.137657693029091 0.15599484104107594
0.1606006418672728 0.16426731673949488
0.1835435907054546 0.14549965364192818
0.2064865395436364 0.15047599401195177
0.2294294883818183 0.1849102921755294
0.2523724372200001 0.17833040092590552
0.275315386058182 0.17794407889667746
0.2982583348963638 0.18841738527364793
0.3212012837345456 0.22547172137917704
0.3441442325727274 0.19510047858914784
0.3670871814109092 0.18573993231163463
0.3900301302490911 0.2197656546827117
0.4129730790872729 0.2252061870091874
0.4359160279254547 0.19285630919484828
0.4588589767636365 0.22709777031565842
0.4818019256018184 0.21275234864656986
0.5047448744400002 0.20191621340675248
0.527687823278182 0.21011220448412857
0.5506307721163639 0.21788905480074236
0.5735737209545457 0.21873655939399678
0.5965166697927275 0.1980624235928233
0.6194596186309094 0.2139287807605282
0.6424025674690912 0.2347447273518086
0.665345516307273 0.19053102744959907
0.6882884651454548 0.19477474169387035
0.7112314139836367 0.251676129516533
0.7341743628218185 0.2535830621003379
0.7571173116600003 0.26430956131995886
0.7800602604981821 0.2261256283470291
0.8030032093363639 0.21756783650878392
0.8259461581745458 0.2464772786340697
0.8488891070127276 0.20931432650986656
0.8718320558509094 0.2409839240651153
0.8947750046890912 0.23206273784376447
0.917717953527273 0.25101203962780244
0.940660902365455 0.2528678760227954
0.9636038512036368 0.27321989525213086
0.9865468000418186 0.2568391426499035
1.0094897488800003 0.2863153035785413
1.0324326977181821 0.21913020079166504
1.055375646556364 0.227331493867693
1.0783185953945458 0.2771522073542069
1.1012615442327278 0.2587377619893997
1.1242044930709096 0.25838541220170114
1.1471474419090915 0.27326894066144
1.1700903907472733 0.23936303255706662
1.193033339585455 0.27566862421974025
1.215976288423637 0.24391523177840263
1.2389192372618187 0.29756852247633214
1.2618621861000006 0.2792243947122506
1.2848051349381824 0.2953495328764677
1.3077480837763642 0.2940705363779253
1.330691032614546 0.2469750802311625
1.3536339814527278 0.2842072259830167
1.3765769302909097 0.26019957429842977
1.3995198791290915 0.22416825677053742
1.4224628279672733 0.2790127933944144
1.4454057768054551 0.26514248821999287
1.468348725643637 0.2391923123639016
1.4912916744818188 0.3044812269739694
1.5142346233200006 0.26263222713333967
1.5371775721581824 0.30375585705867336
1.5601205209963642 0.3166795126419516
1.583063469834546 0.2905456732224206
1.6060064186727279 0.2954985793954907
1.6289493675109097 0.31334498583438486
1.6518923163490915 0.2927678809701448
1.6748352651872733 0.27729989954364065
1.6977782140254551 0.3138898931952093
1.720721162863637 0.2568714211337433
1.7436641117018188 0.271738183919081
1.7666070605400006 0.2916654225592441
1.7895500093781824 0.3090124799238523
1.8124929582163642 0.3132329802944924
1.835435907054546 0.3309413993662333
1.858378855892728 0.305264833217868
1.88132180473091 0.32278464653644706
1.9042647535690918 0.31291021097703453
1.9272077024072736 0.3229749139873056
1.9501506512454554 0.31828839611817944
1.9730936000836372 0.3274912803258784
1.996036548921819 0.35291582802848664
2.0189794977600006 0.36185728947329054
2.0419224465981825 0.35773661069838186
2.0648653954363643 0.3452636774652598
2.087808344274546 0.31348011298191714
2.110751293112728 0.3524133178264589
2.1336942419509097 0.35946689399874415
2.1566371907890916 0.35506437631651233
2.1795801396272734 0.36950202659523856
2.2025230884654556 0.34377145175014057
2.2254660373036375 0.36522103890730584
2.2484089861418193 0.36739017022521614
2.271351934980001 0.3621082534916366
2.294294883818183 0.31375284147251103
2.3172378326563647 0.37790347468678714
2.3401807814945466 0.37574117157727094
2.3631237303327284 0.3774487001292348
2.38606667917091 0.3981761698013984
2.409009628009092 0.3563580285366663
2.431952576847274 0.3825698418317592
2.4548955256854557 0.39186933535953405
2.4778384745236375 0.41490354632946
2.5007814233618193 0.42594398950535944
2.523724372200001 0.4042885265136244
2.546667321038183 0.41523806757845516
2.5696102698763648 0.42118203873565596
2.5925532187145466 0.3862820484864963
2.6154961675527284 0.43042591900958843
2.63843911639091 0.41021221025247157
2.661382065229092 0.4247171901775902
2.684325014067274 0.41007755929503886
2.7072679629054557 0.48356121884728975
2.7302109117436375 0.46916495126139685
2.7531538605818193 0.4560990128072935
2.776096809420001 0.44291717445105777
2.799039758258183 0.44419718957872456
2.821982707096365 0.4705212731232354
2.8449256559345466 0.44027541362965217
2.8678686047727284 0.45518448168552844
2.8908115536109102 0.49867501959023375
2.913754502449092 0.5110423157135991
2.936697451287274 0.49463584167527763
2.9596404001254557 0.53953933825427
2.9825833489636375 0.4958005248245409
3.0055262978018193 0.5101191522274582
3.028469246640001 0.4985767085446255
3.051412195478183 0.5308487795818628
3.074355144316365 0.5523998985424854
3.0972980931545466 0.4945031542833358
3.1202410419927284 0.5544511955703223
3.1431839908309103 0.5546420808278383
3.166126939669092 0.5857841615246199
3.189069888507274 0.5080519501775947
3.2120128373454557 0.5587680133485177
3.2349557861836375 0.5649689091909856
3.2578987350218194 0.5938293900330412
3.280841683860001 0.5856261787573429
3.303784632698183 0.6292060115151364
3.326727581536365 0.6291837993913414
3.3496705303745467 0.6053477935064618
3.3726134792127285 0.6259700806574718
3.3955564280509103 0.638075225148957
3.418499376889092 0.6828238906052534
3.441442325727274 0.6728345220209503
3.4643852745654558 0.671957935722237
3.4873282234036376 0.6213273296918477
3.5102711722418194 0.6888261639854046
3.533214121080001 0.647774214466321
3.556157069918183 0.6561823291632727
3.579100018756365 0.6952918700419926
3.6020429675945467 0.6873291381662053
3.6249859164327285 0.7495949328784376
3.6479288652709103 0.6953168130657125
3.670871814109092 0.7471142962090371
3.6938147629472744 0.7134269789348527
3.716757711785456 0.7444638701704441
3.739700660623638 0.835154484999802
3.76264360946182 0.774876641394509
3.7855865583000017 0.7859147934790118
3.8085295071381835 0.7810322740645868
3.8314724559763653 0.8343770260039022
3.854415404814547 0.8540222862250101
3.877358353652729 0.8654091541536215
3.900301302490911 0.775760468878609
3.9232442513290926 0.8911377501596984
3.9461872001672744 0.8531654878732309
3.9691301490054562 0.9028990364468559
3.992073097843638 0.9062936787055926
4.015016046681819 0.8169385202023143
4.037958995520001 0.9101525541771258
4.060901944358183 0.8547254998133221
4.083844893196365 0.8900863212171701
4.106787842034547 0.9298550342203016
4.1297307908727285 0.9286653485430191
4.15267373971091 0.947747003884701
4.175616688549092 0.9122217202945899
4.198559637387274 1.015256912160623
4.221502586225456 1.0012252404478221
4.244445535063638 1.0857778798290136
4.2673884839018195 1.0132422186602026
4.290331432740001 0.987493812062868
4.313274381578183 0.9705246348664243
4.336217330416365 0.9896068828005021
4.359160279254547 0.935969357959855
4.382103228092729 1.0384601359627057
4.405046176930911 1.0847177822354106
4.427989125769093 1.086358218445786
4.450932074607275 1.117632833345885
4.473875023445457 1.0837704596770754
4.4968179722836386 1.1061324642345403
4.51976092112182 1.0840342289311393
4.542703869960002 1.1490505575323933
4.565646818798184 1.131228926675277
4.588589767636366 1.1055526685777903
4.611532716474548 1.1276605213994406
4.6344756653127295 1.1765422436013024
4.657418614150911 1.2361434163734377
4.680361562989093 1.1467472332218094
4.703304511827275 1.168707211379907
4.726247460665457 1.1836526450705158
4.749190409503639 1.1927842055398843
4.77213335834182 1.162295241535405
4.795076307180002 1.0875871660618108
4.818019256018184 1.1435384778558235
4.840962204856366 1.2563779162803694
4.863905153694548 1.2033636039376028
4.8868481025327295 1.1574860521016979
4.909791051370911 1.3260846874978267
4.932734000209093 1.1626846950134802
4.955676949047275 1.4052190233275388
4.978619897885457 1.2895874537630745
5.001562846723639 1.301000288846329
5.02450579556182 1.2520823345384338
5.047448744400002 1.370814119491047
5.070391693238184 1.251296982996149
5.093334642076366 1.2465340631051893
5.116277590914548 1.2880176306437556
5.1392205397527295 1.3252484700551888
5.162163488590911 1.3389022578287217
5.185106437429093 1.3375378126856172
5.208049386267275 1.2141942790337226
5.230992335105457 1.3136417439814905
5.253935283943639 1.3739712457638944
5.27687823278182 1.2972119626924026
5.299821181620002 1.3190415244983003
5.322764130458184 1.4019218782912142
5.345707079296366 1.336831335735866
5.368650028134548 1.250397386357429
5.3915929769727295 1.271997307577798
5.414535925810911 1.284142029223822
5.437478874649093 1.2528409315637954
5.460421823487275 1.2078761738907466
5.483364772325457 1.3048892763406832
5.506307721163639 1.3246535100299834
5.5292506700018205 1.2888007393867573
5.552193618840002 1.2882198248271213
5.575136567678184 1.2993009352865434
5.598079516516366 1.2311818191105586
5.621022465354548 1.3037788750067618
5.64396541419273 1.266743226717556
5.666908363030911 1.283577416559024
5.689851311869093 1.1894707243694516
5.712794260707275 1.3715476082193818
5.735737209545457 1.3386785998201554
5.758680158383639 1.3412730628596865
5.7816231072218205 1.226906648925132
5.804566056060002 1.2762346381019318
5.827509004898184 1.3326215957789598
5.850451953736366 1.355240791086731
5.873394902574548 1.2161073465541006
5.89633785141273 1.300224446255967
5.919280800250911 1.312741390292059
5.942223749089093 1.324963873543469
5.965166697927275 1.250469775978387
5.988109646765457 1.3028211904216993
6.011052595603639 1.3031782033802048
6.0339955444418205 1.2372274074727272
6.056938493280002 1.266063637839846
6.079881442118184 1.2401462996743284
6.102824390956366 1.154063312699067
6.125767339794548 1.219647924306063
6.14871028863273 1.2650518973984142
6.171653237470911 1.2617448013601396
6.194596186309093 1.1725558189413452
6.217539135147275 1.1928409462070784
6.240482083985457 1.1501868812593246
6.263425032823639 1.2087130838261275
6.2863679816618205 1.1832760968876506
6.309310930500002 1.1462108217334506
6.332253879338184 1.2068608749501042
6.355196828176366 1.1141772501921114
6.378139777014548 1.0875797968949104
6.40108272585273 1.1483335366878695
6.4240256746909115 1.1791808141767213
6.446968623529093 1.112196341746337
6.469911572367275 1.1360648847774544
6.492854521205457 1.0754159696413454
6.515797470043639 1.065133022112594
6.538740418881821 1.1362297439052738
6.561683367720002 1.1104708089241169
6.584626316558184 1.082485133931402
6.607569265396366 1.0489315533599084
6.630512214234548 1.0350857506775646
6.65345516307273 1.0823901154873108
6.6763981119109115 1.089733211107972
6.699341060749093 1.1113205664543595
6.722284009587275 1.0649324806136529
6.745226958425457 1.0698454997673632
6.768169907263639 1.042630569802375
6.791112856101821 1.068702498425149
6.814055804940002 1.0445550118241556
6.836998753778184 1.0777519465240328
6.859941702616366 0.996473637830104
6.882884651454548 1.0369183251976843
6.90582760029273 1.0475075987764435
6.9287705491309115 0.9988960710200443
6.951713497969093 1.0474093822921957
6.974656446807275 1.0068898109332285
6.997599395645457 1.0045676093121763
7.020542344483639 0.9654518978390136
7.043485293321821 1.0200837023735185
7.066428242160002 0.9710606097548482
7.089371190998184 0.9580241932730723
7.112314139836366 0.973173374576075
7.135257088674548 1.0150111896359575
7.15820003751273 0.9604208318124393
7.1811429863509115 0.9869789612717468
7.204085935189093 0.9362536063611364
7.227028884027275 0.9198132943992803
7.249971832865457 0.9626055041482133
7.272914781703639 0.9429805742372065
7.295857730541821 0.9675386504759762
7.3188006793800024 1.000408085885772
7.341743628218184 0.908030552383739
7.364686577056367 0.9365385649797952
7.387629525894549 0.8855320881656803
7.410572474732731 0.9320380368132216
7.433515423570912 0.9481318567389894
7.456458372409094 0.9290000799705498
7.479401321247276 0.9276768844919931
7.502344270085458 0.9245454092264475
7.52528721892364 0.8942042218406399
7.5482301677618215 0.8965626254301153
7.571173116600003 0.9640694792897145
7.594116065438185 0.931943275506432
7.617059014276367 0.9161872587759113
7.640001963114549 0.850803159680551
7.662944911952731 0.9351238194759934
7.6858878607909125 0.8509432787450284
7.708830809629094 0.9362115171446017
7.731773758467276 0.9368936701598424
7.754716707305458 0.9480542141601047
7.77765965614364 0.8847733297662814
7.800602604981822 0.8778331925169374
7.823545553820003 0.8947161341274612
7.846488502658185 0.9690074782753598
7.869431451496367 0.8770268697618143
7.892374400334549 0.8959961489857011
7.915317349172731 0.9268344247567133
7.9382602980109125 0.9185485918741817
7.961203246849094 0.8716795412371064
7.984146195687276 0.8889699253630075
8.007089144525457 0.8713880725098088
8.030032093363639 0.8723611248751512
8.05297504220182 0.8937338874525358
8.075917991040003 0.8435567580358709
8.098860939878184 0.9374656571807746
8.121803888716366 0.8679226138532744
8.144746837554548 0.8886083411294223
8.16768978639273 0.8647200486088918
8.190632735230912 0.8822395916833162
8.213575684069093 0.8273594558312516
8.236518632907275 0.8672176067407222
8.259461581745457 0.8562101491552903
8.282404530583639 0.8650986738358719
8.30534747942182 0.917199586637143
8.328290428260003 0.8713958317504358
8.351233377098184 0.9014312177469088
8.374176325936366 0.824562286848018
8.397119274774548 0.8437798171945373
8.42006222361273 0.8621265818443713
8.443005172450912 0.878512446430292
8.465948121289093 0.8776834243501695
8.488891070127275 0.9048016858795254
8.511834018965457 0.9058663446849916
8.534776967803639 0.8658150112056873
8.55771991664182 0.8734273990267515
8.580662865480003 0.8402234334931432
8.603605814318184 0.8773336282093137
8.626548763156366 0.8764836502633642
8.649491711994548 0.8691578998141581
8.67243466083273 0.8973838416524377
8.695377609670912 0.8541704867452844
8.718320558509093 0.8903724016483585
8.741263507347275 0.8440588145481475
8.764206456185457 0.8795996283390268
8.787149405023639 0.8931278037133303
8.810092353861823 0.8882367712622404
8.833035302700004 0.8227510820933007
8.855978251538186 0.8611294411289908
8.878921200376368 0.8957348224944817
8.90186414921455 0.9095052938431357
8.924807098052732 0.882042113074723
8.947750046890913 0.8699916621356263
8.970692995729095 0.8921955022578028
8.993635944567277 0.8765912213315132
9.016578893405459 0.8812321466571691
9.03952184224364 0.8640165437211467
9.062464791081823 0.8937059837048794
9.085407739920004 0.8798723388219305
9.108350688758186 0.9000097890343063
9.131293637596368 0.875734402923963
9.15423658643455 0.912521494580241
9.177179535272732 0.9412875258254405
9.200122484110913 0.8886198086118092
9.223065432949095 0.8904829900261347
9.246008381787277 0.9477785486284135
9.268951330625459 0.9111526798367241
9.29189427946364 0.8952099174947885
9.314837228301823 0.9113741983829147
9.337780177140004 0.8672742362484217
9.360723125978186 0.93516048389776
9.383666074816368 0.914463399346445
9.40660902365455 0.8973165369422225
9.429551972492732 0.8993304685872074
9.452494921330914 0.9186925482002705
9.475437870169095 0.897899727186208
9.498380819007277 0.931640840349495
9.521323767845459 0.9048856577004838
9.54426671668364 0.9128558953920143
9.567209665521823 0.9157808674384805
9.590152614360004 0.9256566669854305
9.613095563198186 0.9468318824283377
9.636038512036368 0.9589122698608321
9.65898146087455 0.9488806593544359
9.681924409712732 0.9583674276656633
9.704867358550914 0.9564526276929289
9.727810307389095 0.9069424382438782
9.750753256227277 0.9854822801840231
9.773696205065459 0.9538375984155737
9.79663915390364 0.9461994947049065
9.819582102741823 0.9658191470831328
9.842525051580004 0.9150635711234595
9.865468000418186 0.9723293956638608
9.888410949256368 0.9554243683311865
9.91135389809455 0.9847453854986534
9.934296846932732 0.9741147476625697
9.957239795770914 1.011269319441925
9.980182744609095 1.0047744291751164
10.003125693447277 0.9676544872511118
10.026068642285459 0.9173943410386787
10.04901159112364 1.0110235755114498
10.071954539961823 0.9317245919275456
10.094897488800004 0.9693595396766262
10.117840437638186 0.9769490424780617
10.140783386476368 0.943441849853926
10.16372633531455 0.981037573268988
10.186669284152732 1.029076315952861
10.209612232990914 1.0189873135131287
10.232555181829095 0.9916707816118311
10.255498130667277 0.9578858532387984
10.278441079505459 1.0349703119580658
10.30138402834364 0.9519867647011339
10.324326977181823 0.9643148366671931
10.347269926020005 1.0123141290907374
10.370212874858186 1.0223708078032065
10.393155823696368 0.9900345578302765
10.41609877253455 1.0496038871378612
10.439041721372732 0.9886683653398922
10.461984670210914 1.0206864127171844
10.484927619049095 1.0023448260860688
10.507870567887277 1.0083850467159146
10.530813516725459 1.0176872312777507
10.55375646556364 1.0220594004961607
10.576699414401823 1.0214854001305593
10.599642363240005 1.0401237096662135
10.622585312078186 1.0604565386030023
10.645528260916368 0.9951734945355649
10.66847120975455 1.0078883657772082
10.691414158592732 1.002318230443657
10.714357107430914 1.051204115249847
10.737300056269095 1.0231682002230753
10.760243005107277 1.0594101912328728
10.783185953945459 0.9863320872235214
10.806128902783641 1.0028707694049908
10.829071851621823 1.0590442452118027
10.852014800460005 1.0823290418132148
10.874957749298186 1.0943809914549334
10.897900698136368 1.0626522268885152
10.92084364697455 1.0941489184204563
10.943786595812732 1.0948661112015177
10.966729544650914 1.0634116344064135
10.989672493489095 1.0876813373126462
11.012615442327277 1.0638264160890123
11.03555839116546 1.0758439007238831
11.058501340003641 1.0837710904418778
11.081444288841823 1.052279632173483
11.104387237680005 1.0970631243559634
11.127330186518186 1.0682117669719207
11.150273135356368 1.0490303636232425
11.17321608419455 1.0737726721145568
11.196159033032732 1.0673189293053942
11.219101981870914 1.0910189849819036
11.242044930709095 1.080558418529272
11.264987879547277 1.095179356780476
11.28793082838546 1.0838350764511973
11.310873777223641 1.0681812739702716
11.333816726061823 1.081722792667972
11.356759674900005 1.1721258850078617
11.379702623738186 1.1143665606553523
11.402645572576368 1.0706274410114123
11.42558852141455 1.0541441552758761
11.448531470252732 1.0919354315133896
11.471474419090914 1.0386471497760548
11.494417367929096 1.0735024930862984
11.517360316767277 1.0764965798468364
11.54030326560546 1.055635152449025
11.563246214443641 1.051217381354108
11.586189163281823 1.131940563358927
11.609132112120005 1.0842001209717405
11.632075060958186 1.0693743091753192
11.655018009796368 1.0191284563874177
11.67796095863455 1.094751506199975
11.700903907472732 1.1303459984377382
11.723846856310914 1.0729048329517368
11.746789805149096 1.0996560176628287
11.769732753987277 1.0771115039007524
11.79267570282546 1.0845032958381422
11.815618651663641 1.1041773935267447
11.838561600501823 1.0642990231862999
11.861504549340005 1.07575153896268
11.884447498178186 1.0179272162513457
11.907390447016368 1.096018463817734
11.93033339585455 1.1083848405807102
11.953276344692732 1.0875767881355631
11.976219293530914 1.0306934087646158
11.999162242369096 1.1045132190754976
12.022105191207277 1.1027196775273589
12.04504814004546 1.089343346872767
12.067991088883641 1.0717237762893406
12.090934037721823 1.0839492655409368
12.113876986560005 1.0607596308033598
12.136819935398186 1.0736549632443495
12.159762884236368 1.0646393111670043
12.18270583307455 1.0875914865346945
12.205648781912732 1.0958985138888977
12.228591730750914 1.1171755407608441
12.251534679589096 1.1199332729312164
12.274477628427277 1.1039361882141476
12.29742057726546 1.0965511147061677
12.320363526103641 1.1156964364601263
12.343306474941823 1.0362120807091775
12.366249423780005 1.0999578101459488
12.389192372618187 1.0505536416271304
12.412135321456368 1.0735617052067639
12.43507827029455 1.0651231775252354
12.458021219132732 1.0623147515498466
12.480964167970914 1.1043093338006151
12.503907116809096 1.0577031932221639
12.526850065647277 1.079406095600144
12.54979301448546 1.0627195750452454
12.572735963323641 1.0736316795424303
12.595678912161823 1.0678495399544456
12.618621861000005 1.062438494869028
12.641564809838187 1.0731620067253924
12.664507758676368 1.080968863292765
12.68745070751455 1.0096785766066632
12.710393656352732 1.0437476031084187
12.733336605190914 1.0120767612499015
12.756279554029096 1.0382485194382687
12.779222502867277 1.0156834112391395
12.80216545170546 1.013283188355393
12.825108400543641 0.9913948822300115
12.848051349381823 0.985133128013562
12.870994298220005 1.0363377277070618
12.893937247058187 1.0123096982711601
12.916880195896368 1.0007798684338727
12.93982314473455 1.0899430000581567
12.962766093572732 1.0318262249933425
12.985709042410914 1.0014121704542316
13.008651991249096 1.0156021272999303
13.031594940087277 1.0345083838888627
13.05453788892546 1.0179454904418612
13.077480837763641 1.054517348272516
13.100423786601823 1.0313180351659286
13.123366735440005 0.9965978541076981
13.146309684278187 1.0127701304179348
13.169252633116368 0.9823878354093504
13.19219558195455 0.9876678735483083
13.215138530792732 0.9863705205085432
13.238081479630914 1.0040984965082302
13.261024428469096 0.9953210112856359
13.283967377307278 1.0318403924153003
13.30691032614546 1.0014840929544735
13.329853274983641 1.0044685179812312
13.352796223821823 1.008701959820549
13.375739172660005 1.0119711726059692
13.398682121498187 0.9911522471999814
13.421625070336368 1.0116457775685552
13.44456801917455 0.967336411282829
13.467510968012732 1.0156557757286802
13.490453916850914 0.9688485151604534
13.513396865689096 1.0088773508664108
13.536339814527278 0.9952860383085368
13.55928276336546 0.9669160790819088
13.582225712203641 0.9884592051334761
13.605168661041823 0.9700364634155801
13.628111609880005 1.0212436573434704
13.651054558718187 0.9804447732044904
13.673997507556368 0.971927369640409
13.69694045639455 1.0240518263725822
13.719883405232732 0.9612412660495303
13.742826354070914 0.9640351519381337
13.765769302909096 0.9835718205937027
13.788712251747278 1.0042039500744884
13.81165520058546 0.9797838797839498
13.834598149423641 0.9714968259966293
13.857541098261823 0.9799711987872965
13.880484047100005 0.9562673033504175
13.903426995938187 0.9611878339963671
13.926369944776368 0.9408655633911185
13.94931289361455 0.9528945688914384
13.972255842452732 0.939988655834178
13.995198791290914 0.985683709473367
14.018141740129096 0.9618031101453327
14.041084688967278 0.9845001448634872
14.06402763780546 0.9811498331945474
14.086970586643641 0.986995962519821
14.109913535481823 0.9495300223422091
14.132856484320005 0.9344735848074341
14.155799433158187 0.9566761396431652
14.178742381996368 0.9596240090535305
14.20168533083455 0.9757386411468877
14.224628279672732 0.9457763116593828
14.247571228510914 0.9053023336033886
14.270514177349096 0.9579283600658858
14.293457126187278 0.9629262856172662
14.31640007502546 0.953837695641254
14.339343023863641 0.9724230614368354
14.362285972701823 0.9154873659498363
14.385228921540005 0.9632595242064553
14.408171870378187 0.9952673258958838
14.431114819216369 0.9361522465831035
14.45405776805455 0.9235164408678864
14.477000716892732 0.9326025829146116
14.499943665730914 0.9234239940406829
14.522886614569096 0.936161206138213
14.545829563407278 0.9551477317031007
14.56877251224546 0.9432486533980123
14.591715461083641 0.9277097145415603
14.614658409921823 0.9195887370111376
14.637601358760005 0.9649084222856378
14.660544307598187 0.9264587565133949
14.683487256436369 0.9197072896680343
14.706430205274552 0.9059535179567648
14.729373154112734 0.9619251364577903
14.752316102950916 0.8977591476091111
14.775259051789098 0.9277033826485852
14.79820200062728 0.9229077432072776
14.821144949465461 0.9435483991970252
14.844087898303643 0.9431850371900797
14.867030847141825 0.9329775907763604
14.889973795980007 0.9625715782409779
14.912916744818189 0.9083308075535431
14.93585969365637 0.9865775633107446
14.958802642494552 0.9505739389611692
14.981745591332734 0.9263449685944746
15.004688540170916 0.9586154610210081
15.027631489009098 0.9470421192770055
15.05057443784728 0.9725912998028077
15.073517386685461 0.9266166066801573
15.096460335523643 0.9259440940249054
15.119403284361825 0.9763192307807141
15.142346233200007 0.9647103085753677
15.165289182038189 0.9551198996086928
15.18823213087637 0.9531739189695768
15.211175079714552 0.9577376733226607
15.234118028552734 0.9084077329222155
15.257060977390916 0.9481746850580779
15.280003926229098 0.9450608536309808
15.30294687506728 0.9779630404380142
15.325889823905461 0.9426454384506473
15.348832772743643 0.9746338160001617
15.371775721581825 0.9791682603419551
15.394718670420007 0.9656329159982576
15.417661619258189 0.9663737448326255
15.44060456809637 0.9427491636843609
15.463547516934552 0.9528899569901508
15.486490465772734 0.9291031876292891
15.509433414610916 1.000958990422325
15.532376363449098 0.9454784924485207
15.55531931228728 0.9650217457251403
15.578262261125461 0.9117717214655181
15.601205209963643 0.9617429367575332
15.624148158801825 0.949168309253093
15.647091107640007 0.9902505182962175
15.670034056478189 0.9393352921228542
15.69297700531637 0.9714596522959089
15.715919954154552 0.9455212094350548
15.738862902992734 0.9750460031100198
15.761805851830916 0.9603601571820652
15.784748800669098 0.9709531480693024
15.80769174950728 0.9583719248699408
15.830634698345461 0.9809393227828661
15.853577647183643 0.9505061882591858
15.876520596021825 0.9362659358034298
15.899463544860007 1.0028371334983825
15.922406493698189 0.9802185234625675
15.94534944253637 1.0036391104929894
15.968292391374552 0.9619930670541165
15.991235340212734 0.9459464481470987
16.014178289050914 0.9636163234135631
16.037121237889096 0.9380847074505281
16.060064186727278 0.959261238786814
16.08300713556546 0.9768898514341222
16.10595008440364 0.992881268781367
16.128893033241823 0.962462375221636
16.151835982080005 0.926715258069856
16.174778930918187 1.0048474228965707
16.19772187975637 0.941485064594358
16.22066482859455 0.9620527023034298
16.243607777432732 0.9717063352061532
16.266550726270914 0.9882105801458764
16.289493675109096 0.9932363587717711
16.312436623947278 0.9904671523467435
16.33537957278546 0.995803304650422
16.35832252162364 0.9903263709599739
16.381265470461823 0.9900813816448655
16.404208419300005 1.0058851755702087
16.427151368138187 0.9900069813067413
16.45009431697637 0.9977935331285493
16.47303726581455 0.9932452977985032
16.495980214652732 0.9988166656916935
16.518923163490914 1.0062185440568268
16.541866112329096 1.0245872079635225
16.564809061167278 0.9727270172674767
16.58775201000546 0.9991094847916652
16.61069495884364 0.9742257405117137
16.633637907681823 1.0103888710013478
16.656580856520005 0.967193494476953
16.679523805358187 0.9928980444236859
16.70246675419637 0.9825085638578208
16.72540970303455 1.003947164650691
16.748352651872732 1.030913180342974
16.771295600710914 1.0139854678473503
16.794238549549096 1.0139502174443833
16.817181498387278 1.013803078472011
16.84012444722546 1.0250094738856919
16.86306739606364 1.0139680535447964
16.886010344901823 0.9949884827547534
16.908953293740005 1.0528654593504905
16.931896242578187 1.025516936301525
16.95483919141637 0.9871468215575482
16.97778214025455 1.0252703478838545
17.000725089092732 1.0299023237216463
17.023668037930914 1.0031678990890391
17.046610986769096 1.065673414887913
17.069553935607278 1.0748096958235898
17.09249688444546 1.0166574229466903
17.11543983328364 1.029504050576707
17.138382782121823 1.0313639494867932
17.161325730960005 1.0071727537553106
17.184268679798187 0.9888589760402624
17.20721162863637 1.0548936860966183
17.23015457747455 1.0555168468641996
17.253097526312732 1.0231757179094758
17.276040475150914 1.0184548030264677
17.298983423989096 1.052833817769049
17.321926372827278 1.0156028404131408
17.34486932166546 1.039148205183555
17.36781227050364 1.0364374732040778
17.390755219341823 1.048332568594322
17.413698168180005 1.0303512515689035
17.436641117018187 1.0448710847534266
17.45958406585637 1.0443298361601154
17.48252701469455 1.0365281543033542
17.505469963532732 1.05065208276641
17.528412912370914 1.0536504539071714
17.551355861209096 1.0364498680384318
17.574298810047278 1.0655636573529998
17.59724175888546 1.0084957191652721
17.620184707723645 1.0577579119657214
17.643127656561827 1.0710386090916937
17.66607060540001 1.0413843532134792
17.68901355423819 1.0390848455137969
17.711956503076372 1.050349091285059
17.734899451914554 1.0667652644213768
17.757842400752736 0.9990898433509307
17.780785349590918 1.000899542459295
17.8037282984291 1.0734902424169634
17.82667124726728 1.061832341167791
17.849614196105463 1.0275877091023662
17.872557144943645 1.022856357643298
17.895500093781827 1.0265602465955734
17.91844304262001 1.0901380282979543
17.94138599145819 1.0459754320333134
17.964328940296372 1.0757418025416527
17.987271889134554 1.0890714227861429
18.010214837972736 1.0638879640085621
18.033157786810918 1.0518214450939447
18.0561007356491 1.0304378144388282
18.07904368448728 1.0613351706474357
18.101986633325463 1.0671604499097793
18.124929582163645 1.021554894146931
18.147872531001827 1.0242134040458248
18.17081547984001 1.0312230603328705
18.19375842867819 1.0378502091036674
18.216701377516372 1.050641041747955
18.239644326354554 1.0401548760177073
18.262587275192736 1.0505164422531343
18.285530224030918 1.0228751667488165
18.3084731728691 1.0973667588752516
18.33141612170728 1.0401347053345544
18.354359070545463 0.9990708616370985
18.377302019383645 1.0253425850472662
18.400244968221827 1.0253060069157118
18.42318791706001 1.0610529010722856
18.44613086589819 1.0405958810364064
18.469073814736372 1.0668404110075365
18.492016763574554 1.056467309035671
18.514959712412736 1.0694247216256108
18.537902661250918 1.0556707767365974
18.5608456100891 1.0961315850962778
18.58378855892728 1.002831641129999
18.606731507765463 1.0376387587248963
18.629674456603645 1.0469960316434506
18.652617405441827 1.0479599763787733
18.67556035428001 1.085429087790887
18.69850330311819 1.034300892093277
18.721446251956372 1.0261129446387698
18.744389200794554 1.007369938584007
18.767332149632736 1.0452861405065548
18.790275098470918 1.0434792845451415
18.8132180473091 1.0245850693745993
18.83616099614728 1.0012264369842059
18.859103944985463 1.0410305820302077
18.882046893823645 1.0508206007697314
18.904989842661827 0.9926386936759745
18.92793279150001 1.050753771891886
18.95087574033819 1.0398227883835023
18.973818689176372 0.9985916670429262
18.996761638014554 1.0112996341220015
19.019704586852736 1.0212714322489318
19.042647535690918 1.0059793215488788
19.0655904845291 1.0269186395376628
19.08853343336728 1.053770350525045
19.111476382205463 0.9865336366351205
19.134419331043645 1.026995670722848
19.157362279881827 1.0355171528996021
19.18030522872001 1.0400064517840726
19.20324817755819 1.0238281811880694
19.226191126396373 1.005313897830783
19.249134075234554 1.0084495576346433
19.272077024072736 0.9967588069785981
19.295019972910918 1.0235596600329702
19.3179629217491 1.032233829413705
19.34090587058728 1.0120113471916325
19.363848819425463 1.0115229385509183
19.386791768263645 0.9943761285220908
19.409734717101827 1.0097402022875444
19.43267766594001 1.0232636376216748
19.45562061477819 0.9595938136917361
19.478563563616373 1.0206407927776988
19.501506512454554 0.9863596651469615
19.524449461292736 1.0055835805673365
19.547392410130918 1.0017366941096404
19.5703353589691 1.0227318488465047
19.59327830780728 0.9860842092099585
19.616221256645463 0.9662665290235554
19.639164205483645 1.004045079044516
19.662107154321827 1.0098396591246492
19.68505010316001 0.9622167234744906
19.70799305199819 1.0134884401321607
19.730936000836373 0.9769754734139499
19.753878949674554 0.9921320008856233
19.776821898512736 0.9840145723300306
19.799764847350918 0.9874078267099461
19.8227077961891 0.9759659594109452
19.84565074502728 0.9974897711575241
19.868593693865463 0.9672358321709752
19.891536642703645 1.0077897686599542
19.914479591541827 0.9765454202429744
19.93742254038001 0.9931012722466858
19.96036548921819 0.9929350946380343
19.983308438056373 0.9552493943142332
20.006251386894554 0.9784668261145709
20.029194335732736 0.9729908583381207
20.052137284570918 0.9728131233859313
20.0750802334091 1.0001163611787176
20.09802318224728 0.9613213071845221
20.120966131085464 0.994482200649153
20.143909079923645 1.002855780970949
20.166852028761827 0.9630015536347478
20.18979497760001 0.9902255169417289
20.21273792643819 0.959469274631181
20.235680875276373 0.9891913433504517
20.258623824114554 0.9886748041401894
20.281566772952736 0.988490993516154
20.304509721790918 1.0070394710440098
20.3274526706291 0.9765496698715378
20.35039561946728 0.9675803378908497
20.373338568305464 0.9833147106209791
20.396281517143645 0.9260310054177575
20.419224465981827 0.9806743341695066
20.44216741482001 0.9465081808846918
20.46511036365819 0.9836557206057215
20.488053312496373 0.9473919780483799
20.510996261334554 0.9678347046150332
20.533939210172736 0.9629631010866107
20.556882159010918 0.9649704648063124
20.5798251078491 0.9602205921991339
20.60276805668728 0.9366599421264441
20.625711005525464 0.9573532095282289
20.648653954363645 0.9843562529108167
20.671596903201827 0.9531736284733259
20.69453985204001 0.9809050456965485
20.71748280087819 0.9766487082448714
20.740425749716373 0.9542921650081156
20.763368698554554 0.9448143850814974
20.786311647392736 0.9688731257258268
20.809254596230918 0.9947804790688982
20.8321975450691 1.001009197941475
20.85514049390728 0.9934790356575366
20.878083442745464 0.9885912532961383
20.901026391583645 0.9571701662628385
20.923969340421827 0.9631203994743551
20.94691228926001 0.9619632162529455
20.96985523809819 0.9551351847679089
20.992798186936373 0.9788723496746938
21.015741135774554 0.9858330182538422
21.038684084612736 0.9585769393966957
21.061627033450918 0.9742461444169486
21.0845699822891 0.9783807631198226
21.10751293112728 0.9475707659228217
21.130455879965464 0.9920908168461587
21.153398828803645 0.9422234708963031
21.176341777641827 0.9656160069479969
21.19928472648001 0.9713973899830057
21.22222767531819 0.9818400420250297
21.245170624156373 0.9783541939032364
21.268113572994555 0.9703797556623631
21.291056521832736 0.9840166904930052
21.313999470670918 0.9922372313635095
21.3369424195091 0.9589170791173426
21.359885368347282 0.950044293497943
21.382828317185464 0.9462419203522894
21.405771266023645 0.9543902671076755
21.428714214861827 0.9902815663202931
21.45165716370001 0.948828645127905
21.47460011253819 0.9922386400571996
21.497543061376373 0.9735158931792359
21.520486010214555 0.9800831424129233
21.543428959052736 0.9718780751772587
21.566371907890918 0.9705338765730864
21.5893148567291 0.9611674065071197
21.612257805567282 0.9855134761193884
21.635200754405464 0.9791290459629486
21.658143703243645 0.9768878197741754
21.681086652081827 0.9718475893762666
21.70402960092001 0.9668361635263545
21.72697254975819 0.955588569519681
21.749915498596373 0.9680185845253878
21.772858447434555 0.9487825109241231
21.795801396272736 0.9867319658744134
21.818744345110918 0.9574883983370005
21.8416872939491 0.984689184717711
21.864630242787282 0.9613713508523201
21.887573191625464 0.9396191079958088
21.910516140463645 0.9648607456037243
21.933459089301827 0.9599087613275825
21.95640203814001 0.9681915805595921
21.97934498697819 0.9876832685695135
22.002287935816373 0.9935879247043592
22.025230884654555 0.9688450293073715
22.048173833492736 0.985520024640823
22.07111678233092 0.9737539305832166
22.0940597311691 0.9840872568246938
22.117002680007282 0.9940095143197103
22.139945628845464 1.0063250162214992
22.162888577683646 0.9590702587164752
22.185831526521827 0.9744660968742742
22.20877447536001 0.9724511172371283
22.23171742419819 1.0087914978144414
22.254660373036373 0.9950492860007666
22.277603321874555 1.0074666000405186
22.300546270712736 0.9725244204499978
22.32348921955092 0.9832292110582526
22.3464321683891 1.0100996440749115
22.369375117227282 0.9942897817713
22.392318066065464 0.9567614615644054
22.415261014903646 1.0053857461679796
22.438203963741827 0.9877093033448286
22.46114691258001 1.0044202148761772
22.48408986141819 0.9747402983641318
22.507032810256373 0.975327735361994
22.529975759094555 0.9843135037964467
22.552918707932736 0.9717946124883045
22.57586165677092 1.0122695534678685
22.5988046056091 0.9788225920314603
22.621747554447282 1.0032685298144532
22.644690503285464 0.9857823001712976
22.667633452123646 0.9947600014768707
22.690576400961827 0.9970247559365129
22.71351934980001 1.0019471308939565
22.73646229863819 0.9964102360374443
22.759405247476373 1.018761566766704
22.782348196314555 0.9667257606916173
22.805291145152736 0.9708370225249752
22.82823409399092 1.0093381090685343
22.8511770428291 1.0104319987692827
22.874119991667282 0.9894755967821829
22.897062940505464 0.9953049772127526
22.920005889343646 1.0346387941733364
22.942948838181827 1.031429699682405
22.96589178702001 1.0041791832691014
22.98883473585819 1.0376735035132116
23.011777684696373 0.9981533812431433
23.034720633534555 1.0331986040751133
23.057663582372736 0.9862900800375616
23.08060653121092 1.0564506159156624
23.1035494800491 1.0232257095151405
23.126492428887282 0.9814131019675844
23.149435377725464 0.9792270770476851
23.172378326563646 1.0165755425733791
23.195321275401827 1.0238450335231586
23.21826422424001 0.9975098788506861
23.24120717307819 1.026893876493374
23.264150121916373 1.0041891188067038
23.287093070754555 1.0511764503895067
23.310036019592737 1.022634134679881
23.33297896843092 0.9989604161639619
23.3559219172691 1.021140394026491
23.378864866107282 1.0001260753102559
23.401807814945464 0.9866272300699631
23.424750763783646 1.004036141669775
23.447693712621827 1.0333512191637304
23.47063666146001 1.0059316195152739
23.49357961029819 1.0247373466707193
23.516522559136373 1.0177132503100557
23.539465507974555 1.0225109490054147
23.562408456812737 1.02933438151339
23.58535140565092 0.9911599322489986
23.6082943544891 1.0434372896214645
23.631237303327282 1.022498258055793
23.654180252165464 1.0357430521366107
23.677123201003646 0.9864836127660317
23.700066149841827 1.0375343344668408
23.72300909868001 1.0326673906551864
23.74595204751819 1.0306439653632335
23.768894996356373 1.0141431846026383
23.791837945194555 0.9833523812061604
23.814780894032737 1.0121366903510824
23.83772384287092 1.0238138639315033
23.8606667917091 1.01527393736805
23.883609740547282 1.0512541913287954
23.906552689385464 1.0310211907135665
23.929495638223646 1.005018112997528
23.952438587061827 1.0233801466731587
23.97538153590001 1.066721761710329
23.99832448473819 0.9975534981832226
24.021267433576373 1.0387262313402679
24.044210382414555 1.06028355585675
24.067153331252737 1.0106699663048575
24.09009628009092 1.0169653550332396
24.1130392289291 1.0358959200487414
24.135982177767282 1.0607973222600917
24.158925126605464 1.0277586288854885
24.181868075443646 1.0340519035815308
24.204811024281828 1.0003474059756783
24.22775397312001 1.0274180468456886
24.25069692195819 1.0151435074904294
24.273639870796373 1.0344032553582139
24.296582819634555 1.027356574772392
24.319525768472737 1.0332542407009757
24.34246871731092 1.0406268030269867
24.3654116661491 1.042443497719702
24.388354614987282 1.0265618166260029
24.411297563825464 0.9959487709868552
24.434240512663646 1.0251707905114273
24.457183461501828 1.0289658380602622
24.48012641034001 1.018312480699488
24.50306935917819 1.0477458137056999
24.526012308016373 1.0495730218432993
24.548955256854555 1.0339423906070173
24.571898205692737 1.0408849582643258
24.59484115453092 1.0229001825743171
24.6177841033691 0.9960557614141095
24.640727052207282 1.0179935620332246
24.663670001045464 1.0286787886671604
24.686612949883646 1.0247466140079913
24.709555898721828 1.044376579571962
24.73249884756001 1.0223516844279505
24.75544179639819 1.0183405251587108
24.778384745236373 1.0578985273473676
24.801327694074555 0.9805744733858565
24.824270642912737 1.020357891865029
24.84721359175092 1.0432749184831154
24.8701565405891 1.0054847068882968
24.893099489427282 1.0205106320540043
24.916042438265464 1.0088053187166093
24.938985387103646 1.000029701728348
24.961928335941828 1.0229256222335184
24.98487128478001 1.0051545592138376
25.00781423361819 1.025057135610198
25.030757182456373 1.0071622105334839
25.053700131294555 1.03245546802806
25.076643080132737 1.018882291130705
25.09958602897092 1.0468394189891403
25.1225289778091 1.0115860700299688
25.145471926647282 1.0772696377392212
25.168414875485464 1.0227212227726314
25.191357824323646 1.0374172432917093
25.214300773161828 1.046897233232141
25.23724372200001 1.0466876491834787
25.26018667083819 1.034681543534923
25.283129619676373 0.9996268524343043
25.306072568514555 0.9926471514751226
25.329015517352737 1.0229823957100557
25.35195846619092 1.0108115122912633
25.3749014150291 0.983650898048697
25.397844363867282 1.015020878370197
25.420787312705464 1.0279787701433232
25.443730261543646 0.9833095174499465
25.466673210381828 1.0078298361063085
25.48961615922001 1.0072831517468117
25.51255910805819 1.0297399547978088
25.535502056896373 0.9991930322329925
25.558445005734555 1.0269505500544853
25.581387954572737 1.0029872435156826
25.60433090341092 1.0275760352024839
25.6272738522491 0.993957404632519
25.650216801087282 0.9914857886064007
25.673159749925464 1.0095127705232338
25.696102698763646 1.0315632289678618
25.719045647601828 1.0206224792273841
25.74198859644001 0.9874788104354218
25.76493154527819 0.9848876980052682
25.787874494116373 1.0140293903444628
25.810817442954555 1.016497303611836
25.833760391792737 0.9984279252033412
25.85670334063092 1.021573134455304
25.8796462894691 0.9843967329851043
25.902589238307282 1.0057267318401037
25.925532187145464 0.9936597695942245
25.948475135983646 0.9847678665953578
25.971418084821828 0.9708934444914121
25.99436103366001 0.9985577389203167
26.01730398249819 0.9753788953754929
26.040246931336373 1.0311853546777594
26.063189880174555 1.0010855004062658
26.086132829012737 1.004372594724161
26.10907577785092 0.9912490469756907
26.1320187266891 0.9968090320892592
26.154961675527282 0.9808580521337371
26.177904624365464 0.9939470676141874
26.200847573203646 0.955168582997832
26.223790522041828 0.9986384774686855
26.24673347088001 0.9988864834937718
26.26967641971819 0.9713862631150544
26.292619368556373 1.0066531294050396
26.315562317394555 0.9963923541249351
26.338505266232737 0.9707161142264094
26.36144821507092 1.0048144817887397
26.3843911639091 0.9761665728176224
26.407334112747282 0.9968627805787632
26.430277061585464 0.9877383343472208
26.453220010423646 0.9987649136272707
26.476162959261828 0.9704597631742607
26.49910590810001 0.9960951559695739
26.52204885693819 0.9770445307233748
26.544991805776373 0.9964337994993876
26.567934754614555 0.9813886631974861
26.590877703452737 1.0225162999837618
26.61382065229092 0.9681229695390263
26.6367636011291 0.9732496348698298
26.659706549967282 0.9979885672436403
26.682649498805464 0.9880262740447394
26.705592447643646 0.9829219101483768
26.728535396481828 1.0014265151862831
26.75147834532001 0.9836617640573808
26.77442129415819 0.9742138839922557
26.797364242996373 0.9755564129024334
26.820307191834555 0.9816883062241079
26.843250140672737 0.9838243948312505
26.86619308951092 0.9702911949140588
26.8891360383491 0.9634799446776853
26.912078987187282 0.9882774294838632
26.935021936025464 0.9712244209022204
26.957964884863646 0.9498877287672515
26.980907833701828 0.9775450525539141
27.00385078254001 0.9779101021231683
27.02679373137819 0.9946521513298289
27.049736680216373 0.9707745196774018
27.072679629054555 0.9820983444921203
27.095622577892737 0.9619921695470857
27.11856552673092 0.9730626687170961
27.1415084755691 0.9806607797785868
27.164451424407282 0.9751347647606354
27.187394373245464 0.9899981210667957
27.210337322083646 0.9860670179516469
27.233280270921828 0.981308321314861
27.25622321976001 1.0055852038306259
27.27916616859819 0.9501743253001095
27.302109117436373 0.970313838402599
27.325052066274555 0.9675250862624131
27.347995015112737 0.9699759211502003
27.37093796395092 0.9720796825127843
27.3938809127891 0.9641252169118475
27.416823861627282 0.981064708803383
27.439766810465464 0.9559244047535158
27.462709759303646 1.0007483816995213
27.485652708141828 0.9600875004026153
27.50859565698001 0.9826654882554429
27.53153860581819 0.9801427382288898
27.554481554656373 0.9426140576706062
27.577424503494555 0.9712748178708493
27.600367452332737 0.9769541576036604
27.62331040117092 0.9729235376630195
27.6462533500091 0.9889268767913196
27.669196298847282 0.9786931070842104
27.692139247685464 0.9687948614401561
27.715082196523646 0.9520806833908515
27.738025145361828 0.9642080327263927
27.76096809420001 0.9858820819864669
27.78391104303819 0.9692452358672569
27.806853991876373 0.9860391476007518
27.829796940714555 0.9641591404908887
27.852739889552737 0.9756584423599111
27.87568283839092 1.015204914382102
27.8986257872291 1.0022730777416526
27.921568736067282 0.9782195330674333
27.944511684905464 0.979044344621011
27.967454633743646 0.9719805861053109
27.990397582581828 0.9836719337318939
28.01334053142001 0.9677231064548131
28.03628348025819 0.9830063210824994
28.059226429096373 0.9825514394066162
28.082169377934555 0.9832570016221627
28.105112326772737 0.984231456053598
28.12805527561092 1.0041711226104444
28.1509982244491 1.0242931703124076
28.173941173287282 1.0058718703861016
28.196884122125464 0.9930016688425496
28.219827070963646 1.0027258937684593
28.242770019801828 0.9908516891317884
28.26571296864001 0.9835100072070432
28.28865591747819 0.973018039432645
28.311598866316373 0.9860646917106672
28.334541815154555 0.9748036674760954
28.357484763992737 0.9727467961540766
28.38042771283092 0.9792043281245314
28.4033706616691 0.9520182405769453
28.426313610507282 0.9936554938264943
28.449256559345464 0.9626151397276616
28.472199508183646 0.965616100394777
28.495142457021828 1.0018535248381337
28.51808540586001 1.0209766346952616
28.54102835469819 0.9779149779460969
28.563971303536373 0.9541702661872036
28.586914252374555 0.9921950799688757
28.609857201212737 0.9822993821198928
28.63280015005092 0.959859858894499
28.6557430988891 1.010120838980234
28.678686047727282 0.9900828120989748
28.701628996565464 1.0033901909639173
28.724571945403646 1.0039589363140953
28.747514894241828 1.0026842817211767
28.77045784308001 0.9901497262928247
28.79340079191819 0.9870279019317182
28.816343740756373 0.99663113832608
28.839286689594555 0.9842520908120406
28.862229638432737 0.991230046132463
28.88517258727092 1.006598174917249
28.9081155361091 0.9945463593033813
28.931058484947282 0.993353153277133
28.954001433785464 1.0123891554200832
28.976944382623646 1.011788836279447
28.999887331461828 1.0126401728820928
29.02283028030001 0.9957576741931894
29.04577322913819 1.003377442124678
29.068716177976373 1.0039685252473
29.091659126814555 0.9750501542196779
29.114602075652737 1.0059568722328427
29.13754502449092 0.9974162574977452
29.1604879733291 0.993173034447936
29.183430922167283 1.0301496510251924
29.206373871005464 1.0103771936750459
29.229316819843646 1.0232556919114448
29.252259768681828 0.9896372623989266
29.27520271752001 1.0211480782319884
29.29814566635819 1.0275796039766463
29.321088615196373 1.0115401599786857
29.344031564034555 1.0094450754630624
29.366974512872737 1.0094392535671788
29.389917461710922 1.0233497347633638
29.412860410549104 1.0042912037079537
29.435803359387286 1.0125258481220158
29.458746308225468 1.0092418545546795
29.48168925706365 1.0208691600201574
29.50463220590183 1.0134048455058533
29.527575154740013 0.9960918322016616
29.550518103578195 1.0088061536612196
29.573461052416377 1.0090355837174545
29.59640400125456 1.024228328335453
29.61934695009274 1.0151196490495116
29.642289898930922 0.9940258370614397
29.665232847769104 1.0164714739153715
29.688175796607286 1.013410238252741
29.711118745445468 1.0183497868091098
29.73406169428365 1.0433391478068155
29.75700464312183 1.003655994579392
29.779947591960013 1.0229279566102873
29.802890540798195 0.9874594010007863
29.825833489636377 1.0324270252313423
29.84877643847456 0.9930288073882525
29.87171938731274 1.0560965391785395
29.894662336150922 1.0334572919261973
29.917605284989104 1.0028406766770948
29.940548233827286 1.033227425006091
29.963491182665468 1.0154870351116771
29.98643413150365 1.0075337540481029
30.00937708034183 1.0002781853083904
30.032320029180013 1.0205226594706154
30.055262978018195 1.0361005478320284
30.078205926856377 1.0150480072017627
30.10114887569456 1.0149607929727291
30.12409182453274 1.0209850240509066
30.147034773370923 1.0364697172778627
30.169977722209104 0.9973083463319078
30.192920671047286 1.012666697672994
30.215863619885468 1.0108241638047148
30.23880656872365 1.0219053467096224
30.26174951756183 0.9930107561361142
30.284692466400013 1.024910081005021
30.307635415238195 0.9945694723799474
30.330578364076377 1.0115532287265956
30.35352131291456 1.0195985110589507
30.37646426175274 1.0124829937802438
30.399407210590923 0.9847940123248642
30.422350159429104 1.0160993617553802
30.445293108267286 1.0160820114118032
30.468236057105468 1.0225349038999296
30.49117900594365 1.0252277272376602
30.51412195478183 1.040947497933081
30.537064903620013 1.0318689322870331
30.560007852458195 1.018381987852747
30.582950801296377 1.0152613248891382
30.60589375013456 1.0065652243503689
30.62883669897274 1.0082307706812286
30.651779647810923 1.013233447428
30.674722596649104 1.0063666277928685
30.697665545487286 1.0345577725249613
30.720608494325468 1.0160828447653445
30.74355144316365 1.0005943722921877
30.76649439200183 1.0309017417289892
30.789437340840013 1.0174005907902046
30.812380289678195 1.0132903795119832
30.835323238516377 1.0149781906468172
30.85826618735456 0.9747791284796337
30.88120913619274 1.014838983743039
30.904152085030923 1.0336783606253523
30.927095033869104 1.0018671103530026
30.950037982707286 0.9942456921371127
30.972980931545468 1.0202663330115476
30.99592388038365 1.0084965686696066
31.01886682922183 1.015118257157043
31.041809778060014 1.0128250299763006
31.064752726898195 1.0248024325700826
31.087695675736377 1.0090791645460826
31.11063862457456 1.0221719168357795
31.13358157341274 1.0143096006636023
31.156524522250923 0.9967140995072227
31.179467471089104 1.036811337525577
31.202410419927286 0.9925824038622684
31.225353368765468 1.0294949949174448
31.24829631760365 1.0274665631914421
31.27123926644183 1.029576709051066
31.294182215280014 1.014031190481826
31.317125164118195 1.0031541955514187
31.340068112956377 0.9963814551427116
31.36301106179456 0.9829374812524971
31.38595401063274 1.0295860329819293
31.408896959470923 1.0152605982609997
31.431839908309104 0.9888303247636944
31.454782857147286 1.0118939104633917
31.477725805985468 1.0031803932259227
31.50066875482365 1.0479365544971762
31.52361170366183 1.0210736740120419
31.546554652500014 0.9990683619081149
31.569497601338195 1.0263885064761658
31.592440550176377 1.0357878901354405
31.61538349901456 1.0065155848102751
31.63832644785274 1.0046942621545363
31.661269396690923 1.0127090143680029
31.684212345529104 1.0208930289647207
31.707155294367286 1.0154144326711279
31.730098243205468 1.0198882092266972
31.75304119204365 0.9981337345105414
31.77598414088183 1.038157913508411
31.798927089720014 1.009007712619829
31.821870038558195 0.9971659225809008
31.844812987396377 1.0187541305402157
31.86775593623456 1.003871873026177
31.89069888507274 1.015500756015809
31.913641833910923 0.9996471781177588
31.936584782749105 1.0032601969456882
31.959527731587286 1.0082662441322394
31.982470680425468 0.9917861179852859
32.00541362926365 0.9934571378418308
32.02835657810183 1.0209401592642036
32.051299526940014 1.0139479633365303
32.07424247577819 0.9800454335695138
32.09718542461638 1.0133741038557225
32.120128373454556 1.013188967350774
32.14307132229274 0.9901506478934807
32.16601427113092 0.9855075997353094
32.188957219969105 1.0086421296537904
32.21190016880728 1.0321153483672187
32.23484311764547 1.0002535846849525
32.257786066483646 1.023630159868378
32.28072901532183 0.9931084340972247
32.30367196416001 1.0140531280197647
32.326614912998195 1.0122164220935774
32.349557861836374 0.9974929357535606
32.37250081067456 0.9960320077394137
32.39544375951274 0.9915693998627615
32.41838670835092 1.0066664015195017
32.4413296571891 0.9614955925473909
32.464272606027286 0.9694323469867956
32.487215554865465 0.9966843370122933
32.51015850370365 0.9926816933147325
32.53310145254183 1.0009200810874537
32.556044401380014 0.9929971628884297
32.57898735021819 1.0178475512248748
32.60193029905638 0.9857293623979423
32.624873247894556 0.995904293145728
32.64781619673274 0.9842766783979267
32.67075914557092 1.0112001500240189
32.693702094409105 0.9749182840251848
32.71664504324728 0.9897819735233782
32.73958799208547 1.0023663217395442
32.76253094092365 0.9839031970937464
32.78547388976183 0.9767389758197065
32.80841683860001 0.996580995209634
32.831359787438195 1.0065768946482423
32.854302736276374 1.004203230998684
32.87724568511456 1.0023131859530303
32.90018863395274 0.9925720828098604
32.92313158279092 0.9454611108547436
32.9460745316291 1.0060326776859234
32.969017480467286 0.9868332093722676
32.991960429305465 0.9733673486777411
33.01490337814365 1.0031108700361888
33.03784632698183 1.0039086493785088
33.060789275820014 0.9951939694220031
33.08373222465819 0.9821439618488841
33.10667517349638 0.9659490145730082
33.129618122334556 1.0018631406075784
33.15256107117274 0.9753304788438995
33.17550402001092 0.9852404136446318
33.198446968849105 0.9777562554669008
33.22138991768728 0.9698477356135358
33.24433286652547 0.9554581771465291
33.26727581536365 1.0060187683644755
33.29021876420183 0.9919138249275621
33.31316171304001 0.9863454926369257
33.336104661878196 0.9784531981546734
33.359047610716374 0.9790722517372848
33.38199055955456 0.9692707300664536
33.40493350839274 0.9835311343799721
33.42787645723092 0.9565367525451753
33.4508194060691 0.9816354553734179
33.47376235490729 0.9797348238442494
33.496705303745465 0.9793943590168921
33.51964825258365 0.9844402428378987
33.54259120142183 0.9613246995920056
33.565534150260014 1.0199758342080016
33.58847709909819 0.9922587041546627
33.61142004793638 0.9778162129490158
33.634362996774556 1.0027309798910724
33.65730594561274 0.9969765774636632
33.68024889445092 1.0033088013137619
33.703191843289105 0.9881474188689473
33.72613479212728 0.9818008969165221
33.74907774096547 0.9679821163411855
33.77202068980365 0.9997996965645739
33.79496363864183 1.007073204309319
33.81790658748001 0.9888872080603571
33.840849536318196 1.0098075654638135
33.863792485156374 0.9940243983679565
33.88673543399456 0.9788812168802503
33.90967838283274 0.9562788542565053
33.93262133167092 0.9903069208737473
33.9555642805091 0.9863830469690458
33.97850722934729 0.9569642222422923
34.001450178185465 0.9844563695713738
34.02439312702365 0.9754548399935904
34.04733607586183 0.9796413132666802
34.070279024700014 0.9781755483873477
34.09322197353819 0.9956174419703888
34.11616492237638 0.9772473450105752
34.139107871214556 0.9852038301290047
34.16205082005274 0.9972461476324226
34.18499376889092 0.9940536149770529
34.207936717729105 0.9777178195496345
34.23087966656728 0.9800888045767452
34.25382261540547 0.9837364069749691
34.27676556424365 1.0201932343016056
34.29970851308183 0.9892052550286715
34.32265146192001 0.9768180111944705
34.345594410758196 1.0044375432346762
34.368537359596374 0.990084512885196
34.39148030843456 0.9715505542363976
34.41442325727274 0.9754763704469417
34.43736620611092 0.9809357082551948
34.4603091549491 0.9780716731144256
34.48325210378729 0.985226443819173
34.506195052625465 0.9913583283228838
34.52913800146365 0.9861352772414912
34.55208095030183 0.9703696601427606
34.575023899140014 0.9893939804277336
34.59796684797819 0.9878357198555534
34.62090979681638 0.9846019013407806
34.643852745654556 0.9660235487973495
34.66679569449274 0.9966829240303481
34.68973864333092 0.989282738682822
34.712681592169105 1.0173215478058257
34.73562454100728 1.0018787603151635
34.75856748984547 1.0015767679904901
34.78151043868365 0.9965584056472245
34.80445338752183 0.9797382420509343
34.82739633636001 1.0018024491858861
34.850339285198196 0.9670445211131048
34.873282234036374 1.0078766614120274
34.89622518287456 0.9941734768756327
34.91916813171274 0.9716798182817281
34.94211108055092 0.9907385311277791
34.9650540293891 0.991113647708401
34.98799697822729 0.9923359964288654
35.010939927065465 0.9999825921412572
35.03388287590365 0.990132032328368
35.05682582474183 0.9752361597163527
35.079768773580014 0.9905207392075642
35.10271172241819 0.9668239229916664
35.12565467125638 0.9625447016173354
35.148597620094556 0.9933185087471575
35.17154056893274 0.9783709880108105
35.19448351777092 0.999305193796865
35.217426466609105 1.0089991868045496
35.24036941544729 0.9829756862740953
35.26331236428547 0.9877158915284493
35.286255313123654 1.0128550371927032
35.30919826196183 0.9845646455321448
35.33214121080002 1.0299510304700414
35.355084159638196 0.9977855318582012
35.37802710847638 0.9961427030072322
35.40097005731456 1.0068053045690044
35.423913006152745 0.9968226974889276
35.44685595499092 1.014407820098332
35.46979890382911 1.0283773747446923
35.49274185266729 1.0090592595553372
35.51568480150547 0.9873238639778011
35.53862775034365 0.9866503312297027
35.561570699181836 0.9912183360339791
35.584513648020014 1.0139598267515453
35.6074565968582 1.0138897326215126
35.63039954569638 1.0122891010455364
35.65334249453456 1.0238129865574253
35.67628544337274 1.0234875090415743
35.69922839221093 1.0249396157849469
35.722171341049105 0.984632905004718
35.74511428988729 0.9756309790632116
35.76805723872547 0.9886646014264949
35.791000187563654 1.0211466742617996
35.81394313640183 1.0084020354683794
35.83688608524002 0.999979613395349
35.859829034078196 1.0093347877695624
35.88277198291638 1.0108333178497702
35.90571493175456 1.0042843889051383
35.928657880592745 0.9974694442608637
35.95160082943092 0.9966002978442824
35.97454377826911 1.0237368491959729
35.99748672710729 1.0025094149644718
36.02042967594547 0.9969306758712355
36.04337262478365 1.0380110159025766
36.066315573621836 1.0281591226187496
36.089258522460014 1.0240916472869483
36.1122014712982 1.0306576754107788
36.13514442013638 0.992976073793427
36.15808736897456 1.0131798226041133
36.18103031781274 1.0229706691607872
36.20397326665093 1.0025434747498312
36.226916215489105 1.0256886381119419
36.24985916432729 0.9944887376129251
36.27280211316547 1.0151513215692929
36.295745062003654 1.0132804797307606
36.31868801084183 1.0044778087098816
36.34163095968002 1.0231210064022302
36.364573908518196 1.0154516166281526
36.38751685735638 0.9816223513932432
36.41045980619456 0.9961843908151468
36.433402755032745 0.9984478748743679
36.45634570387092 1.0102064890757079
36.47928865270911 1.0213717825485913
36.50223160154729 1.0086314902058608
36.52517455038547 0.9860449861747232
36.54811749922365 1.0262697995252699
36.571060448061836 0.9914842050770465
36.594003396900014 1.0040579658739266
36.6169463457382 1.026489194666397
36.63988929457638 1.0077569589511697
36.66283224341456 1.0187000888315039
36.68577519225274 1.01739075948434
36.70871814109093 1.0011108009044056
36.731661089929105 1.0405713908895
36.75460403876729 1.005750711866658
36.77754698760547 1.034431219664639
36.800489936443654 1.0210934401164329
36.82343288528183 1.0030742363352558
36.84637583412002 1.0222677159399367
36.869318782958196 1.0056984761086536
36.89226173179638 1.0146383013405655
36.91520468063456 1.0217391671983396
36.938147629472745 1.002440732647125
36.96109057831092 1.0461690852063685
36.98403352714911 1.0305271153703828
37.00697647598729 0.9850013842915217
37.02991942482547 1.0322638292976072
37.05286237366365 1.0064748206842988
37.075805322501836 1.014340968706767
37.098748271340014 1.016345969050837
37.1216912201782 1.0147218700497307
37.14463416901638 1.0119557623540905
37.16757711785456 1.008269810119232
37.19052006669274 1.009039993116358
37.21346301553093 1.023698539203541
37.236405964369105 1.0233785924156458
37.25934891320729 1.0298181043448995
37.28229186204547 1.0384034725313662
37.305234810883654 0.9798293618594628
37.32817775972183 1.0161649327105842
37.35112070856002 0.9946006162502846
37.374063657398196 1.013115983951715
37.39700660623638 1.001561887641521
37.41994955507456 1.0230310526690556
37.442892503912745 1.0092138543124805
37.46583545275092 1.018255892890562
37.48877840158911 1.0172752828739482
37.51172135042729 1.022617026731133
37.53466429926547 1.0165903155537963
37.55760724810365 1.0081679413484246
