k*sigma_0 S(k)

0.0229429488381818 1.6065130185389764
0.0458858976763637 1.1201576023346465
0.0688288465145455 0.9965407053285451
0.0917717953527273 0.688007191378
0.1147147441909091 0.6956749918155606
0.137657693029091 0.26524888345189906
0.1606006418672728 0.39019238845330967
0.1835435907054546 0.29399837315320015
0.2064865395436364 0.4371923422282071
0.2294294883818183 0.36243236695350445
0.2523724372200001 0.28200546046948904
0.275315386058182 0.32455254638952724
0.2982583348963638 0.43835354534467286
0.3212012837345456 0.37968261743600795
0.3441442325727274 0.4087126828455085
0.3670871814109092 0.4182914251786612
0.3900301302490911 0.41677593854877226
0.4129730790872729 0.35603722222671574
0.4359160279254547 0.3319639521333013
0.4588589767636365 0.43695201330893696
0.4818019256018184 0.3331109197468416
0.5047448744400002 0.3673275150761701
0.527687823278182 0.436937053695552
0.5506307721163639 0.3194956962680119
0.5735737209545457 0.44969517196690767
0.5965166697927275 0.4351733122348229
0.6194596186309094 0.38819979254723497
0.6424025674690912 0.38720306036294055
0.665345516307273 0.36846394427100065
0.6882884651454548 0.40712554141248175
0.7112314139836367 0.34161229768395895
0.7341743628218185 0.3379637815930729
0.7571173116600003 0.3240751070164464
0.7800602604981821 0.28833562943937896
0.8030032093363639 0.3693522015384953
0.8259461581745458 0.3881757417982747
0.8488891070127276 0.3348421870806131
0.8718320558509094 0.3441923414121967
0.8947750046890912 0.29850192737514614
0.917717953527273 0.3124829457487402
0.940660902365455 0.3240438706419592
0.9636038512036368 0.2949062768988965
0.9865468000418186 0.31870208619916296
1.0094897488800003 0.2913971299717864
1.0324326977181821 0.26143772344279126
1.055375646556364 0.29313061320719724
1.0783185953945458 0.28157128728254166
1.1012615442327278 0.28541765641528666
1.1242044930709096 0.3550386028696407
1.1471474419090915 0.31137459667857237
1.1700903907472733 0.29695466988013003
1.193033339585455 0.2622947601714309
1.215976288423637 0.263889525801438
1.2389192372618187 0.27731176172206645
1.2618621861000006 0.2630446213380769
1.2848051349381824 0.2851577283257433
1.3077480837763642 0.2746849420877476
1.330691032614546 0.3031756142399638
1.3536339814527278 0.2719231068807916
1.3765769302909097 0.30318975799868475
1.3995198791290915 0.26672690646688013
1.4224628279672733 0.32595057996532073
1.4454057768054551 0.3097258500436931
1.468348725643637 0.2801930479769701
1.4912916744818188 0.30108914109727003
1.5142346233200006 0.2935026917135022
1.5371775721581824 0.3266536109434462
1.5601205209963642 0.29749034890089365
1.583063469834546 0.2971616419146678
1.6060064186727279 0.2935761845329054
1.6289493675109097 0.25601690873583466
1.6518923163490915 0.3275359936582431
1.6748352651872733 0.33754849917624064
1.6977782140254551 0.307212549942782
1.720721162863637 0.30176920865751233
1.7436641117018188 0.3268832460021726
1.7666070605400006 0.3236252443397588
1.7895500093781824 0.299407803194155
1.8124929582163642 0.3084478297248277
1.835435907054546 0.34004743697362916
1.858378855892728 0.2963597637580173
1.88132180473091 0.33614031361907315
1.9042647535690918 0.3308405515277893
1.9272077024072736 0.30069130819214657
1.9501506512454554 0.31951773526173605
1.9730936000836372 0.3240356768956684
1.996036548921819 0.34346307063831905
2.0189794977600006 0.3046612160186203
2.0419224465981825 0.34386444259199894
2.0648653954363643 0.3145025985569133
2.087808344274546 0.356290642217969
2.110751293112728 0.3022397449927233
2.1336942419509097 0.31337011580803026
2.1566371907890916 0.3530073883419264
2.1795801396272734 0.3335639869512224
2.2025230884654556 0.35281264614264296
2.2254660373036375 0.35491156124441986
2.2484089861418193 0.36196622233524806
2.271351934980001 0.39344961292448466
2.294294883818183 0.3725425740240615
2.3172378326563647 0.3795508008943548
2.3401807814945466 0.37943881561480836
2.3631237303327284 0.4164228219669334
2.38606667917091 0.36892930270735896
2.409009628009092 0.3851807233045149
2.431952576847274 0.37770481003752815
2.4548955256854557 0.3910770003449642
2.4778384745236375 0.4167028289342633
2.5007814233618193 0.3901684601538992
2.523724372200001 0.37420681985600956
2.546667321038183 0.38430443984867957
2.5696102698763648 0.40354038686360094
2.5925532187145466 0.4186060734176173
2.6154961675527284 0.40107945006496726
2.63843911639091 0.4675760956418125
2.661382065229092 0.3905479213391294
2.684325014067274 0.4207288600408915
2.7072679629054557 0.42027328881390125
2.7302109117436375 0.42250424726672225
2.7531538605818193 0.4064118185383863
2.776096809420001 0.42865701864920447
2.799039758258183 0.4485039655750215
2.821982707096365 0.4482428147908206
2.8449256559345466 0.43934600422318226
2.8678686047727284 0.47091023880051247
2.8908115536109102 0.5139362980094284
2.913754502449092 0.4663700447228005
2.936697451287274 0.47899778388609954
2.9596404001254557 0.502632291363881
2.9825833489636375 0.48046392144534433
3.0055262978018193 0.4837526846477223
3.028469246640001 0.5232647254868846
3.051412195478183 0.49378599742491447
3.074355144316365 0.5043586548553959
3.0972980931545466 0.5351206568500685
3.1202410419927284 0.4709440636237729
3.1431839908309103 0.4953612268332456
3.166126939669092 0.5243333732428025
3.189069888507274 0.5505545837249745
3.2120128373454557 0.5217009566551382
3.2349557861836375 0.5527782348152178
3.2578987350218194 0.5896301658687116
3.280841683860001 0.5356692201546279
3.303784632698183 0.5608946030514103
3.326727581536365 0.5961621311235671
3.3496705303745467 0.6063477188717666
3.3726134792127285 0.5634503082981372
3.3955564280509103 0.5807387610926219
3.418499376889092 0.5768797089874411
3.441442325727274 0.608682654812052
3.4643852745654558 0.6124626302433025
3.4873282234036376 0.6610626603446734
3.5102711722418194 0.6617186823328144
3.533214121080001 0.6411353321757641
3.556157069918183 0.6349594059173991
3.579100018756365 0.7154539191529483
3.6020429675945467 0.6320901578033181
3.6249859164327285 0.7051842466150805
3.6479288652709103 0.7314315647349575
3.670871814109092 0.6665338276201851
3.6938147629472744 0.7068972957177379
3.716757711785456 0.6774913707657321
3.739700660623638 0.7379640805612356
3.76264360946182 0.7331155451536306
3.7855865583000017 0.7436365821657432
3.8085295071381835 0.7520726500224018
3.8314724559763653 0.7449161547433953
3.854415404814547 0.7420839391417053
3.877358353652729 0.7604372172284198
3.900301302490911 0.8161288798108527
3.9232442513290926 0.8198350477987931
3.9461872001672744 0.855109763093988
3.9691301490054562 0.8441807691817431
3.992073097843638 0.8729276695927641
4.015016046681819 0.8701770345820877
4.037958995520001 0.8493711108218458
4.060901944358183 0.8296923755953388
4.083844893196365 0.8540720850552176
4.106787842034547 0.8427918121827445
4.1297307908727285 0.9168987817746335
4.15267373971091 0.857144142046783
4.175616688549092 0.9267348692929643
4.198559637387274 0.9273724153653172
4.221502586225456 0.9328603808567447
4.244445535063638 1.0164129836736182
4.2673884839018195 0.9364054782296143
4.290331432740001 1.0381378316554488
4.313274381578183 1.0569564983112592
4.336217330416365 0.922598616564486
4.359160279254547 0.9526600984516452
4.382103228092729 0.9686373772834602
4.405046176930911 1.0368079836101958
4.427989125769093 1.0999463904516402
4.450932074607275 1.0134793186524345
4.473875023445457 1.0916786479975833
4.4968179722836386 1.008022862903682
4.51976092112182 1.084638513651166
4.542703869960002 1.0633380866516342
4.565646818798184 1.0088592955379914
4.588589767636366 1.1644695579667765
4.611532716474548 1.1300183609941412
4.6344756653127295 1.1384576442564809
4.657418614150911 1.1982820351301742
4.680361562989093 1.0712515744986264
4.703304511827275 1.1356770587362457
4.726247460665457 1.207247603456764
4.749190409503639 1.2070859758335521
4.77213335834182 1.2078416498528755
4.795076307180002 1.1587815431775434
4.818019256018184 1.1672900200838288
4.840962204856366 1.1843014227605482
4.863905153694548 1.2153114294393603
4.8868481025327295 1.2124639289954617
4.909791051370911 1.2420819113479276
4.932734000209093 1.207344364582701
4.955676949047275 1.20881553310469
4.978619897885457 1.1685612139754527
5.001562846723639 1.2651245002211031
5.02450579556182 1.3196867087458815
5.047448744400002 1.342261539413256
5.070391693238184 1.2015012192927195
5.093334642076366 1.3710494855031654
5.116277590914548 1.3908566313395918
5.1392205397527295 1.2663163847345233
5.162163488590911 1.3350316112785323
5.185106437429093 1.3188031567525953
5.208049386267275 1.2709577123491287
5.230992335105457 1.2980734778117944
5.253935283943639 1.312526905452438
5.27687823278182 1.2632798287138105
5.299821181620002 1.2182648146636093
5.322764130458184 1.3045081676303518
5.345707079296366 1.3987434463934227
5.368650028134548 1.3091624580966663
5.3915929769727295 1.3602220613538085
5.414535925810911 1.2981800737736267
5.437478874649093 1.3573415579160224
5.460421823487275 1.3265832717704245
5.483364772325457 1.285314763276615
5.506307721163639 1.2912356636930142
5.5292506700018205 1.3293111775522553
5.552193618840002 1.2877828180988442
5.575136567678184 1.3468653720053343
5.598079516516366 1.3865204953390917
5.621022465354548 1.3746911526744954
5.64396541419273 1.30673516100627
5.666908363030911 1.3084148697705975
5.689851311869093 1.2691894849327983
5.712794260707275 1.2361581278539449
5.735737209545457 1.2687917821585293
5.758680158383639 1.282175788361436
5.7816231072218205 1.326449312120487
5.804566056060002 1.319713430532923
5.827509004898184 1.2883310226609133
5.850451953736366 1.324736628824141
5.873394902574548 1.2792285695637602
5.89633785141273 1.3407931106577486
5.919280800250911 1.3189094306473876
5.942223749089093 1.3703404855561705
5.965166697927275 1.284239170782226
5.988109646765457 1.2878627528496185
6.011052595603639 1.2553495212728025
6.0339955444418205 1.2544741686329457
6.056938493280002 1.2989033034198256
6.079881442118184 1.3175064686237907
6.102824390956366 1.3000270529481608
6.125767339794548 1.281619844957039
6.14871028863273 1.2950060481099317
6.171653237470911 1.3155281483376733
6.194596186309093 1.1713908701276392
6.217539135147275 1.3401737544485952
6.240482083985457 1.1590738577488564
6.263425032823639 1.2303822859574083
6.2863679816618205 1.2213357200340824
6.309310930500002 1.1464599956059378
6.332253879338184 1.3023012442725972
6.355196828176366 1.190804854811794
6.378139777014548 1.1761955320631932
6.40108272585273 1.129689735755001
6.4240256746909115 1.2097857458361796
6.446968623529093 1.05424992631478
6.469911572367275 1.159223052868332
6.492854521205457 1.1024088116410813
6.515797470043639 1.1364261119090184
6.538740418881821 1.1378651694071031
6.561683367720002 1.0719092600445554
6.584626316558184 1.194095368615233
6.607569265396366 1.13510349510469
6.630512214234548 1.1508648200914189
6.65345516307273 1.1601024343683828
6.6763981119109115 1.199042546505361
6.699341060749093 1.1347717408249192
6.722284009587275 1.0794334696214603
6.745226958425457 1.115872249493854
6.768169907263639 1.1089660540393902
6.791112856101821 1.0881239550436919
6.814055804940002 1.0313286392377958
6.836998753778184 1.0977350329190692
6.859941702616366 1.0575344496336154
6.882884651454548 0.9792480083920663
6.90582760029273 1.0553628952419085
6.9287705491309115 1.021419924272783
6.951713497969093 1.0395031097533867
6.974656446807275 1.0102825947790064
6.997599395645457 0.9987035501938749
7.020542344483639 1.0129881108699519
7.043485293321821 1.0022764673589406
7.066428242160002 1.0242751527032758
7.089371190998184 0.9803852225791773
7.112314139836366 0.9835592359892731
7.135257088674548 0.9601384484553777
7.15820003751273 0.9902073883756551
7.1811429863509115 0.9964023613673464
7.204085935189093 0.9836093197295328
7.227028884027275 1.032713042593387
7.249971832865457 1.0310562615794876
7.272914781703639 0.995042280108329
7.295857730541821 0.9253271006193031
7.3188006793800024 0.9769370578337154
7.341743628218184 0.9770051687383148
7.364686577056367 0.9559850200193993
7.387629525894549 0.9698898560097643
7.410572474732731 0.9198108686828786
7.433515423570912 0.8944307411594117
7.456458372409094 0.9472030624533011
7.479401321247276 0.9258908014760551
7.502344270085458 0.9950865879010332
7.52528721892364 0.91086425727236
7.5482301677618215 0.9357289585363562
7.571173116600003 0.9538503653626395
7.594116065438185 0.9199409377920844
7.617059014276367 0.8810163174801663
7.640001963114549 0.9067318419159706
7.662944911952731 0.856911721581113
7.6858878607909125 0.9127642326456692
7.708830809629094 0.8880269447104195
7.731773758467276 0.9090471484705629
7.754716707305458 0.9027675864880581
7.77765965614364 0.866498762165942
7.800602604981822 0.9294324859452141
7.823545553820003 0.9347585390240205
7.846488502658185 0.8663569982213483
7.869431451496367 0.8859580256226021
7.892374400334549 0.9018547967708573
7.915317349172731 0.8560607718480927
7.9382602980109125 0.8537268282638537
7.961203246849094 0.9062079458929377
7.984146195687276 0.8396284348138889
8.007089144525457 0.8691629514809224
8.030032093363639 0.8875975859163782
8.05297504220182 0.8499682478778646
8.075917991040003 0.889131482116219
8.098860939878184 0.8626901131341593
8.121803888716366 0.8454516389637798
8.144746837554548 0.9520050764065513
8.16768978639273 0.889182992906844
8.190632735230912 0.8891563124674664
8.213575684069093 0.8697255491514553
8.236518632907275 0.850685831916935
8.259461581745457 0.8728382786955614
8.282404530583639 0.8723963548590399
8.30534747942182 0.8605812456513864
8.328290428260003 0.8493997257117084
8.351233377098184 0.8226155518515204
8.374176325936366 0.8930221245988084
8.397119274774548 0.8321548709056602
8.42006222361273 0.8553741013921846
8.443005172450912 0.8729515670958202
8.465948121289093 0.8190306243317438
8.488891070127275 0.8751185814981797
8.511834018965457 0.8359993001021968
8.534776967803639 0.839199769266092
8.55771991664182 0.8604723220964121
8.580662865480003 0.8399080199754299
8.603605814318184 0.8425591633326345
8.626548763156366 0.8529074745597668
8.649491711994548 0.8552901706218896
8.67243466083273 0.8309180920842053
8.695377609670912 0.8400575287826122
8.718320558509093 0.8689881493007288
8.741263507347275 0.8469537345483166
8.764206456185457 0.8856764042097028
8.787149405023639 0.8842656908275185
8.810092353861823 0.8399475121925429
8.833035302700004 0.8829908513318098
8.855978251538186 0.837691591093587
8.878921200376368 0.8457637555301912
8.90186414921455 0.8685223427715171
8.924807098052732 0.8869111180936257
8.947750046890913 0.8811262642564681
8.970692995729095 0.8739782043527949
8.993635944567277 0.8850795584185077
9.016578893405459 0.8896869226726222
9.03952184224364 0.835748411535482
9.062464791081823 0.8664417888929624
9.085407739920004 0.8643129306763971
9.108350688758186 0.8864386133295584
9.131293637596368 0.8653392175647852
9.15423658643455 0.8747970333718653
9.177179535272732 0.9208157066634899
9.200122484110913 0.8684953765664758
9.223065432949095 0.879712495654096
9.246008381787277 0.86113424020993
9.268951330625459 0.8923543954659791
9.29189427946364 0.8443638965681262
9.314837228301823 0.8995958355831797
9.337780177140004 0.8640229141902114
9.360723125978186 0.8756563748007578
9.383666074816368 0.8581638600638892
9.40660902365455 0.9003927043129616
9.429551972492732 0.8934146275225756
9.452494921330914 0.9073530285386638
9.475437870169095 0.9121730004048875
9.498380819007277 0.8967394122693384
9.521323767845459 0.9026968037320009
9.54426671668364 0.9138352415612364
9.567209665521823 0.8880597154046574
9.590152614360004 0.9081018988809626
9.613095563198186 0.8911916332633327
9.636038512036368 0.9141132824840053
9.65898146087455 0.9228190287241366
9.681924409712732 0.9163497926274821
9.704867358550914 0.8946668039665278
9.727810307389095 0.9213295097847805
9.750753256227277 0.9645944344212709
9.773696205065459 0.979166623030947
9.79663915390364 0.9610998378394092
9.819582102741823 0.9229896405038038
9.842525051580004 0.9168531262602947
9.865468000418186 0.9296811674340575
9.888410949256368 0.9395504746795285
9.91135389809455 0.9334797975607457
9.934296846932732 0.9382995175678019
9.957239795770914 0.9244997640569862
9.980182744609095 0.971489750723704
10.003125693447277 0.959456163743657
10.026068642285459 0.9484898827279097
10.04901159112364 0.9457622688949294
10.071954539961823 0.9945447898435869
10.094897488800004 0.9692699698578251
10.117840437638186 0.9656478887439041
10.140783386476368 0.9886955153478335
10.16372633531455 0.9546206615305503
10.186669284152732 0.9794889742917646
10.209612232990914 0.9642785461055167
10.232555181829095 0.951348745355383
10.255498130667277 0.9987774705800603
10.278441079505459 1.0128004162441093
10.30138402834364 0.9957301767862117
10.324326977181823 0.9579523808766162
10.347269926020005 1.0061939134809366
10.370212874858186 1.0074200094171153
10.393155823696368 0.9599426293671448
10.41609877253455 0.9836469099284199
10.439041721372732 0.9711732902315098
10.461984670210914 1.0272462633068937
10.484927619049095 1.0405024616352645
10.507870567887277 1.0118518035705737
10.530813516725459 1.026140186458216
10.55375646556364 1.0115888207869634
10.576699414401823 1.0273936191042443
10.599642363240005 0.9646606011669783
10.622585312078186 1.0143879299219802
10.645528260916368 1.0071457968933093
10.66847120975455 1.0609451955638212
10.691414158592732 1.0488994275122958
10.714357107430914 1.0303923440247478
10.737300056269095 1.0414610013400885
10.760243005107277 1.0126512732175474
10.783185953945459 1.0386598722430227
10.806128902783641 1.0536019618926022
10.829071851621823 1.0927876648466257
10.852014800460005 1.0748541635170126
10.874957749298186 1.0740046551179179
10.897900698136368 1.0609857492033357
10.92084364697455 0.9999267549955976
10.943786595812732 1.014227082543639
10.966729544650914 1.082677777310907
10.989672493489095 1.0869706614627268
11.012615442327277 1.064658389079319
11.03555839116546 1.1145380004342413
11.058501340003641 1.0986476089396542
11.081444288841823 1.1140157709442267
11.104387237680005 1.0658424096096388
11.127330186518186 1.0686600309744225
11.150273135356368 1.0933544708151817
11.17321608419455 1.0957621682504064
11.196159033032732 1.0476983101193236
11.219101981870914 1.1022011585535496
11.242044930709095 1.1602610480029312
11.264987879547277 1.104770944868853
11.28793082838546 1.149813442861104
11.310873777223641 1.0391224854879522
11.333816726061823 1.1247766829018118
11.356759674900005 1.1114967160203637
11.379702623738186 1.1450089767718734
11.402645572576368 1.0570415383848693
11.42558852141455 1.1086759381840017
11.448531470252732 1.1321272503043132
11.471474419090914 1.1444969248352106
11.494417367929096 1.1423130032934046
11.517360316767277 1.062754042526489
11.54030326560546 1.0874187331370146
11.563246214443641 1.1013685629870034
11.586189163281823 1.1038315962251408
11.609132112120005 1.1242715327007666
11.632075060958186 1.075808874473037
11.655018009796368 1.0816721620506813
11.67796095863455 1.0745585321792466
11.700903907472732 1.1491299085284237
11.723846856310914 1.0629732757773542
11.746789805149096 1.1195459841897983
11.769732753987277 1.0319466073934966
11.79267570282546 1.0890487370104822
11.815618651663641 1.0898932228110494
11.838561600501823 1.1844063923740562
11.861504549340005 1.0710947070437093
11.884447498178186 1.1459119111899034
11.907390447016368 1.1058485417515347
11.93033339585455 1.1168183292074116
11.953276344692732 1.0931309349794487
11.976219293530914 1.0386698541108725
11.999162242369096 1.0780646611956222
12.022105191207277 1.090402098098669
12.04504814004546 1.0984879852632348
12.067991088883641 1.075506290806313
12.090934037721823 1.090927352795799
12.113876986560005 1.1259812593259115
12.136819935398186 1.0089516740166384
12.159762884236368 1.09422472891185
12.18270583307455 1.125839838849997
12.205648781912732 1.0648119475795847
12.228591730750914 1.1299199996922624
12.251534679589096 1.081358830065266
12.274477628427277 1.0691935391479526
12.29742057726546 1.0688163325826767
12.320363526103641 1.0660835811268918
12.343306474941823 1.0571351876404635
12.366249423780005 1.1314375903926295
12.389192372618187 1.0560977817863408
12.412135321456368 1.1118572958200368
12.43507827029455 1.0644168456248737
12.458021219132732 1.0589266028006612
12.480964167970914 1.0695487043206673
12.503907116809096 1.0682419748918726
12.526850065647277 1.0388454063429868
12.54979301448546 1.099297140082683
12.572735963323641 1.0862699871031678
12.595678912161823 1.1014935433388187
12.618621861000005 1.036096650715592
12.641564809838187 1.097867213010362
12.664507758676368 1.0512303330347776
12.68745070751455 1.067370221155246
12.710393656352732 1.0368573467353368
12.733336605190914 1.0909146492772746
12.756279554029096 1.0287121996237962
12.779222502867277 1.0493997376751651
12.80216545170546 1.1084912160919256
12.825108400543641 1.0776818776165675
12.848051349381823 1.0803671714376961
12.870994298220005 1.0398739616499089
12.893937247058187 1.0166912733242877
12.916880195896368 1.0816276276991748
12.93982314473455 1.062600554749759
12.962766093572732 1.06373330038332
12.985709042410914 1.051596926260534
13.008651991249096 1.0377113513080412
13.031594940087277 1.0493745642810197
13.05453788892546 0.9971581753950456
13.077480837763641 1.0048236620983275
13.100423786601823 1.0523454749368617
13.123366735440005 1.013601049005485
13.146309684278187 0.9733007221989166
13.169252633116368 1.0271086955658866
13.19219558195455 0.9866751999636059
13.215138530792732 1.0279938527974377
13.238081479630914 1.0217612780025471
13.261024428469096 1.019518967290159
13.283967377307278 1.005187970990018
13.30691032614546 1.0459520576838026
13.329853274983641 0.9686712889497983
13.352796223821823 1.0209370034091068
13.375739172660005 1.0188662385789642
13.398682121498187 0.9769019480517077
13.421625070336368 0.9747747542918298
13.44456801917455 1.0025211935274032
13.467510968012732 1.016837901471166
13.490453916850914 0.9755482092326085
13.513396865689096 1.0050718037950175
13.536339814527278 1.0026680462900786
13.55928276336546 0.9799708973599704
13.582225712203641 0.9845677318451875
13.605168661041823 0.9387354958592432
13.628111609880005 0.9884766436365038
13.651054558718187 0.9541929769570093
13.673997507556368 1.0174132219868592
13.69694045639455 1.0237822881114413
13.719883405232732 0.9753182198832585
13.742826354070914 0.9363591495165807
13.765769302909096 1.0092508946582912
13.788712251747278 0.9503851095770349
13.81165520058546 0.9881751360473069
13.834598149423641 0.9888513778855706
13.857541098261823 0.9683405359995788
13.880484047100005 0.9436899261376218
13.903426995938187 0.9405312768919529
13.926369944776368 0.9702883332015213
13.94931289361455 0.967395689152966
13.972255842452732 0.9258408762844769
13.995198791290914 0.9864368294686403
14.018141740129096 0.9537786365496114
14.041084688967278 0.9484939878257359
14.06402763780546 0.9470818004332443
14.086970586643641 0.9529898976535637
14.109913535481823 0.9257764843212556
14.132856484320005 0.9521583351991647
14.155799433158187 0.9379247481639333
14.178742381996368 0.9269156575156634
14.20168533083455 0.9330577705782463
14.224628279672732 0.967303600113115
14.247571228510914 0.9315554348726408
14.270514177349096 0.9776796950240201
14.293457126187278 0.9388570685808457
14.31640007502546 0.9600491790062051
14.339343023863641 0.93263674155921
14.362285972701823 0.9604619949455191
14.385228921540005 0.9474788016175089
14.408171870378187 0.9115364333196645
14.431114819216369 0.9289414583599085
14.45405776805455 0.9398908284220415
14.477000716892732 0.9429616434974047
14.499943665730914 0.9441385411107663
14.522886614569096 0.9246385716448839
14.545829563407278 0.943531852343738
14.56877251224546 0.9125209722106472
14.591715461083641 0.9095881799201923
14.614658409921823 0.931281962352763
14.637601358760005 0.9076211650752343
14.660544307598187 0.9654117608862227
14.683487256436369 0.9130799877676551
14.706430205274552 0.9398953016924129
14.729373154112734 0.9510490795337362
14.752316102950916 0.9364391749391537
14.775259051789098 0.9299129479631709
14.79820200062728 0.9355062990591474
14.821144949465461 0.9450219372911896
14.844087898303643 0.9294957414689257
14.867030847141825 0.910505606588106
14.889973795980007 0.941828088810414
14.912916744818189 0.9022666497685946
14.93585969365637 0.9132841079940446
14.958802642494552 0.8974328959698995
14.981745591332734 0.9159644633202824
15.004688540170916 0.9475752906959782
15.027631489009098 0.9055805091130323
15.05057443784728 0.9056191904017205
15.073517386685461 0.9857715545427862
15.096460335523643 0.9380187221667196
15.119403284361825 0.9438971016679626
15.142346233200007 0.8886445461838466
15.165289182038189 0.9395155210625274
15.18823213087637 0.914871985239243
15.211175079714552 0.9428097724973998
15.234118028552734 0.9131511086114213
15.257060977390916 0.9345733426476511
15.280003926229098 0.9471280167206977
15.30294687506728 0.9465768050840847
15.325889823905461 0.9132856717772688
15.348832772743643 0.9348278103361507
15.371775721581825 0.9259576615056037
15.394718670420007 0.9216344122292328
15.417661619258189 0.9316689833833846
15.44060456809637 0.9320466164728229
15.463547516934552 0.9679916070238822
15.486490465772734 0.9340839857266727
15.509433414610916 0.9568684549319658
15.532376363449098 0.9197965304928887
15.55531931228728 0.9440500236640921
15.578262261125461 0.9480746596689557
15.601205209963643 0.9466439173217212
15.624148158801825 0.9364368807884951
15.647091107640007 0.9559493647515279
15.670034056478189 0.9555339239095545
15.69297700531637 0.9590998140532166
15.715919954154552 0.9382661686561572
15.738862902992734 0.955677944250429
15.761805851830916 0.9923461580127992
15.784748800669098 0.941312034147446
15.80769174950728 0.9674205955427951
15.830634698345461 0.9778038237847121
15.853577647183643 0.9537976366746159
15.876520596021825 0.9538307614846816
15.899463544860007 0.9982837624219125
15.922406493698189 0.9707967335027846
15.94534944253637 0.9723651131578753
15.968292391374552 0.9585836495232932
15.991235340212734 0.9780282745673357
16.014178289050914 1.0009675048575062
16.037121237889096 0.9443184044957659
16.060064186727278 0.9707218305675522
16.08300713556546 0.9647410795931388
16.10595008440364 1.0259430542260173
16.128893033241823 0.9969433813303699
16.151835982080005 0.9540478106460626
16.174778930918187 0.9650481145686755
16.19772187975637 0.9907575811368022
16.22066482859455 0.9787812143347849
16.243607777432732 0.980545096784745
16.266550726270914 0.9678237855998569
16.289493675109096 0.9839444042147832
16.312436623947278 0.9466786851080684
16.33537957278546 1.0098128608028845
16.35832252162364 0.9567311924475329
16.381265470461823 0.9868976151672565
16.404208419300005 0.973263852759723
16.427151368138187 0.9798423993255747
16.45009431697637 1.008692181225432
16.47303726581455 1.0001586344924431
16.495980214652732 0.9859991582659217
16.518923163490914 1.0023537639536817
16.541866112329096 0.9708300767269263
16.564809061167278 1.025666190339767
16.58775201000546 0.9760540376828806
16.61069495884364 1.0226003711161789
16.633637907681823 1.0362129208093624
16.656580856520005 1.0126669644666073
16.679523805358187 1.0068146565815148
16.70246675419637 1.0446126772331519
16.72540970303455 0.9984371352719579
16.748352651872732 0.9985938578917004
16.771295600710914 0.9765172448565232
16.794238549549096 1.0086105651404642
16.817181498387278 1.0088123604405965
16.84012444722546 1.0276061781395411
16.86306739606364 1.0365680237557897
16.886010344901823 1.0156150615556419
16.908953293740005 1.0215648430721471
16.931896242578187 1.0611628135302988
16.95483919141637 0.9929665979357668
16.97778214025455 1.0221873491447024
17.000725089092732 1.031406163014515
17.023668037930914 1.0244629962945584
17.046610986769096 1.0529762292937817
17.069553935607278 1.0222639968234668
17.09249688444546 1.0532215433728573
17.11543983328364 1.058957776076354
17.138382782121823 1.012373561391184
17.161325730960005 1.0382767099741779
17.184268679798187 1.0039941099152259
17.20721162863637 1.0198566501853954
17.23015457747455 1.0540704369135732
17.253097526312732 1.0249847287709486
17.276040475150914 1.0172110415047935
17.298983423989096 1.0383744327655453
17.321926372827278 1.0323752585390398
17.34486932166546 1.032075879615075
17.36781227050364 1.0445237807410912
17.390755219341823 1.048838950048329
17.413698168180005 1.0443829569121352
17.436641117018187 1.001933739529366
17.45958406585637 1.046431201845195
17.48252701469455 1.0282964788258717
17.505469963532732 1.0467780412549441
17.528412912370914 1.048124222833089
17.551355861209096 1.0901188700971567
17.574298810047278 1.0476756742013602
17.59724175888546 1.0162523538290564
17.620184707723645 1.0517822791551732
17.643127656561827 1.0483447075084027
17.66607060540001 1.0728979180928744
17.68901355423819 1.069447840468962
17.711956503076372 1.0800995757524967
17.734899451914554 1.023982419704091
17.757842400752736 1.0737814948932012
17.780785349590918 1.03173739007271
17.8037282984291 1.065048336830395
17.82667124726728 1.0655139530698163
17.849614196105463 1.0855532171293216
17.872557144943645 1.089641722219998
17.895500093781827 1.0416419865059097
17.91844304262001 1.0539282576224482
17.94138599145819 1.0662905581480502
17.964328940296372 1.0696697956137529
17.987271889134554 1.041723982090176
18.010214837972736 1.0825129241730487
18.033157786810918 1.0787335661226085
18.0561007356491 1.0653752394890652
18.07904368448728 1.063078441240012
18.101986633325463 1.046380878281081
18.124929582163645 1.064672874425606
18.147872531001827 1.0423021465785112
18.17081547984001 1.0237052890801612
18.19375842867819 1.049214389797139
18.216701377516372 1.0730238459062673
18.239644326354554 1.0420909721900429
18.262587275192736 1.0677759586523252
18.285530224030918 1.0554164248413962
18.3084731728691 1.0449246801872134
18.33141612170728 1.0729813795521592
18.354359070545463 1.0489730213098523
18.377302019383645 1.0702385965193764
18.400244968221827 1.0191297210048733
18.42318791706001 1.0216893898532564
18.44613086589819 0.9994506965242391
18.469073814736372 1.0215402818476655
18.492016763574554 1.018902284207059
18.514959712412736 1.0378452263934603
18.537902661250918 1.0260474353024993
18.5608456100891 1.0788566175472072
18.58378855892728 1.0168250853456602
18.606731507765463 1.0232378256069479
18.629674456603645 1.0353181453936118
18.652617405441827 1.066575569043232
18.67556035428001 1.0183421889449131
18.69850330311819 1.06221006183692
18.721446251956372 1.0442397999226327
18.744389200794554 1.0513373205817709
18.767332149632736 1.027419381008175
18.790275098470918 1.0669855763446665
18.8132180473091 1.0939164593580175
18.83616099614728 1.0589123469721022
18.859103944985463 1.0405192761546722
18.882046893823645 1.0003238731549549
18.904989842661827 1.0010618322668305
18.92793279150001 1.0418033224642052
18.95087574033819 1.0249803496876684
18.973818689176372 1.052557990707796
18.996761638014554 1.035742903737034
19.019704586852736 1.0011739243237947
19.042647535690918 1.0342859545433623
19.0655904845291 1.0035835541521998
19.08853343336728 1.0509140329696218
19.111476382205463 1.0047345029148993
19.134419331043645 1.0040533149044062
19.157362279881827 1.0327234209369176
19.18030522872001 1.070378626906627
19.20324817755819 1.0186360954834137
19.226191126396373 1.0097948493079727
19.249134075234554 1.0026734530323456
19.272077024072736 1.0345485342346574
19.295019972910918 0.9862187812533415
19.3179629217491 1.0293544840821305
19.34090587058728 1.0364900847305565
19.363848819425463 1.0163614758382766
19.386791768263645 1.0216010740441308
19.409734717101827 1.0186945770726656
19.43267766594001 1.0168417746921494
19.45562061477819 0.9867182089718225
19.478563563616373 0.9846390594781816
19.501506512454554 0.9721075596519259
19.524449461292736 1.0241719831249139
19.547392410130918 0.9938756098570355
19.5703353589691 1.023993964436313
19.59327830780728 1.0295901925090514
19.616221256645463 0.9783345512457045
19.639164205483645 0.9917065133836676
19.662107154321827 0.9938000512029711
19.68505010316001 0.9856259724700903
19.70799305199819 1.0263639206169906
19.730936000836373 0.9782286958002115
19.753878949674554 0.9740781178269117
19.776821898512736 1.007136544184038
19.799764847350918 0.9871881634609487
19.8227077961891 1.0002387064303044
19.84565074502728 0.9567048433595475
19.868593693865463 0.9954093710525727
19.891536642703645 0.9901915034376931
19.914479591541827 0.965353053625969
19.93742254038001 0.963867036351438
19.96036548921819 0.9823552894274675
19.983308438056373 0.9982173926395655
20.006251386894554 0.9562269837640439
20.029194335732736 0.9927274916322142
20.052137284570918 0.9726837370274685
20.0750802334091 0.9554830519224088
20.09802318224728 0.9887196392863192
20.120966131085464 0.9656027669869498
20.143909079923645 0.9729212604571275
20.166852028761827 0.9700820465662288
20.18979497760001 0.9760964320932148
20.21273792643819 0.9671964165139197
20.235680875276373 0.9594281056404728
20.258623824114554 0.9900644797199383
20.281566772952736 1.0008016891594598
20.304509721790918 0.9829733283407108
20.3274526706291 0.9542238277306897
20.35039561946728 0.9775562963542644
20.373338568305464 0.9949776847860123
20.396281517143645 0.951209411896395
20.419224465981827 0.9759194573742715
20.44216741482001 0.9935813766358302
20.46511036365819 1.00301858365271
20.488053312496373 0.9713465607189414
20.510996261334554 0.9416733424175392
20.533939210172736 0.9749616025893542
20.556882159010918 0.9875869782350303
20.5798251078491 0.9702863321546267
20.60276805668728 0.9676016602642868
20.625711005525464 0.9784652385708881
20.648653954363645 0.9842831286594567
20.671596903201827 0.9890951164690972
20.69453985204001 0.9594413596688881
20.71748280087819 0.9785460396856577
20.740425749716373 0.9459521906242564
20.763368698554554 0.9438436363754447
20.786311647392736 1.003157706186426
20.809254596230918 0.9456774138238859
20.8321975450691 0.9493692913690019
20.85514049390728 0.9272871083923708
20.878083442745464 0.9595982490701693
20.901026391583645 0.9492079646542237
20.923969340421827 0.9632770117899175
20.94691228926001 0.9731846039880264
20.96985523809819 0.9894206599224948
20.992798186936373 0.9766588627767234
21.015741135774554 0.9987392771106784
21.038684084612736 0.9553826489351227
21.061627033450918 0.9796304102578165
21.0845699822891 0.9652234479587882
21.10751293112728 0.9553417679362707
21.130455879965464 0.92664697115179
21.153398828803645 0.9561408303538063
21.176341777641827 0.9481050749869713
21.19928472648001 0.9704994511666584
21.22222767531819 0.9706737380299328
21.245170624156373 0.9398101834539807
21.268113572994555 0.9716306877957297
21.291056521832736 0.972303659562954
21.313999470670918 0.9808559581420432
21.3369424195091 0.9508805448219755
21.359885368347282 0.9668663599558905
21.382828317185464 0.9644819883632757
21.405771266023645 0.9618130615491824
21.428714214861827 0.9615010296916144
21.45165716370001 0.9527307692656617
21.47460011253819 0.9711468904333778
21.497543061376373 0.9467591935108113
21.520486010214555 0.9561066128483914
21.543428959052736 0.9462099703104385
21.566371907890918 0.988437300294718
21.5893148567291 0.9781489040117165
21.612257805567282 0.9785379689450031
21.635200754405464 0.9434874668437836
21.658143703243645 0.9697242309959717
21.681086652081827 0.975388896515561
21.70402960092001 0.9546123983887399
21.72697254975819 0.973034684190198
21.749915498596373 0.975254458707491
21.772858447434555 0.9549301083946552
21.795801396272736 0.952205010205158
21.818744345110918 0.988505344487319
21.8416872939491 0.9419657223325607
21.864630242787282 0.9309972361066612
21.887573191625464 0.9441521136647169
21.910516140463645 0.9957326723149644
21.933459089301827 0.9290338989805126
21.95640203814001 0.9571727094071328
21.97934498697819 0.9707800974336064
22.002287935816373 0.9621134463377307
22.025230884654555 0.9729770683947366
22.048173833492736 0.9732128714852911
22.07111678233092 0.9728094942168881
22.0940597311691 0.965127768619185
22.117002680007282 0.9924540463219055
22.139945628845464 1.0047596264223873
22.162888577683646 0.9472598734764827
22.185831526521827 0.9779728687594063
22.20877447536001 0.9805977027164011
22.23171742419819 0.9766021329513893
22.254660373036373 0.9766623351680513
22.277603321874555 0.9626756664980669
22.300546270712736 0.9894650793997849
22.32348921955092 0.9817302567161607
22.3464321683891 0.9691420756318045
22.369375117227282 0.9624799827852585
22.392318066065464 0.9780067876382496
22.415261014903646 0.9614135070629214
22.438203963741827 0.9882994341929812
22.46114691258001 0.9847783626611786
22.48408986141819 0.9859224779976025
22.507032810256373 1.0046924493817793
22.529975759094555 0.9793405356937217
22.552918707932736 0.9930550614088403
22.57586165677092 0.9766791132125352
22.5988046056091 0.9896753162469931
22.621747554447282 0.9870650728738185
22.644690503285464 0.9958391009730818
22.667633452123646 1.0161186537700373
22.690576400961827 1.0036272518164047
22.71351934980001 0.9882062427111186
22.73646229863819 0.9951865822728959
22.759405247476373 1.0195303732927135
22.782348196314555 0.9820141168710549
22.805291145152736 1.0422357855823436
22.82823409399092 1.0370098162350116
22.8511770428291 1.002395165542625
22.874119991667282 1.0054904801087559
22.897062940505464 0.9932234611031253
22.920005889343646 1.0196795612402751
22.942948838181827 1.0159099841344925
22.96589178702001 0.9791537018473349
22.98883473585819 0.9913565098906756
23.011777684696373 1.0298321026257544
23.034720633534555 1.0152727497236071
23.057663582372736 1.0036253284069325
23.08060653121092 1.0015889965561715
23.1035494800491 0.9915905527117047
23.126492428887282 1.015494974426828
23.149435377725464 1.0163655378128607
23.172378326563646 1.0278547208895066
23.195321275401827 1.0191636854896544
23.21826422424001 1.0144236938735036
23.24120717307819 1.0171080545926385
23.264150121916373 0.9920343371766223
23.287093070754555 1.027217910408689
23.310036019592737 1.0120693729639694
23.33297896843092 1.0061698958145522
23.3559219172691 1.0461100657536155
23.378864866107282 1.0121053532819446
23.401807814945464 1.0072248885709212
23.424750763783646 1.0285109223721836
23.447693712621827 1.0070633001503553
23.47063666146001 0.980345297831726
23.49357961029819 1.0108828527112799
23.516522559136373 1.049608829265119
23.539465507974555 1.038974818299138
23.562408456812737 1.0055508259164039
23.58535140565092 1.0267858485283434
23.6082943544891 1.032903556045502
23.631237303327282 1.0268699988517782
23.654180252165464 1.0046218924465253
23.677123201003646 1.0328709897698873
23.700066149841827 1.0311035150174943
23.72300909868001 1.0264746714226893
23.74595204751819 1.0423586265921123
23.768894996356373 1.0232794781865715
23.791837945194555 1.0128955883485777
23.814780894032737 1.0418862417782448
23.83772384287092 1.0471997713351309
23.8606667917091 1.0397263826223064
23.883609740547282 1.052315502159168
23.906552689385464 1.0128988225031088
23.929495638223646 1.0434237038305734
23.952438587061827 1.061561776417117
23.97538153590001 1.0181024757809018
23.99832448473819 1.0201905578533772
24.021267433576373 1.031561707085033
24.044210382414555 1.0568458306662436
24.067153331252737 1.0264330485679296
24.09009628009092 1.011969738065313
24.1130392289291 1.0496812972801708
24.135982177767282 1.0586831809734645
24.158925126605464 1.0438217136237051
24.181868075443646 1.026073542360386
24.204811024281828 1.0611498906941155
24.22775397312001 1.0482653465501228
24.25069692195819 1.050949913801133
24.273639870796373 1.0208148749784098
24.296582819634555 1.0515482361803465
24.319525768472737 1.0663336191828958
24.34246871731092 1.0540473193282114
24.3654116661491 1.010018305393773
24.388354614987282 1.0049616124384366
24.411297563825464 1.0467902204710284
24.434240512663646 1.0449488011378596
24.457183461501828 1.0494428664220246
24.48012641034001 1.066031982632346
24.50306935917819 1.0224935550829708
24.526012308016373 1.02887096241249
24.548955256854555 1.0190536402557944
24.571898205692737 1.0440453362709703
24.59484115453092 1.0506370253435577
24.6177841033691 1.0236261205818775
24.640727052207282 1.019192845851499
24.663670001045464 1.036997820409139
24.686612949883646 1.0430441277157414
24.709555898721828 1.0106019943334765
24.73249884756001 0.9980192779236925
24.75544179639819 1.029744971242145
24.778384745236373 1.0316956099607357
24.801327694074555 1.0269492570788816
24.824270642912737 1.0498118390015092
24.84721359175092 1.0160932867202923
24.8701565405891 0.9830025581313989
24.893099489427282 1.0222270722385316
24.916042438265464 1.0400496423675958
24.938985387103646 1.0163765838576522
24.961928335941828 1.0224180118842048
24.98487128478001 1.0413334848657394
25.00781423361819 1.037501330816608
25.030757182456373 1.008795995231535
25.053700131294555 1.0516786352945697
25.076643080132737 1.0505810809467426
25.09958602897092 1.0300226340716587
25.1225289778091 1.018900484297111
25.145471926647282 1.0078274957238518
25.168414875485464 1.0182048222212927
25.191357824323646 1.0245031972813827
25.214300773161828 1.030250648471387
25.23724372200001 1.0309819839669336
25.26018667083819 1.0044449195912588
25.283129619676373 1.0155947737821793
25.306072568514555 0.9976828415126032
25.329015517352737 1.0283175236571223
25.35195846619092 1.0094236661860694
25.3749014150291 0.9806348043094311
25.397844363867282 0.9850257007424208
25.420787312705464 1.0129835004256942
25.443730261543646 0.9733515722270144
25.466673210381828 1.0069679059603376
25.48961615922001 1.0214446034815818
25.51255910805819 1.0134627701873604
25.535502056896373 1.0256376372098583
25.558445005734555 1.0062041517610092
25.581387954572737 1.0062008749277167
25.60433090341092 0.9782391493200746
25.6272738522491 1.0014001403474815
25.650216801087282 0.9938097655374332
25.673159749925464 0.9933632298271872
25.696102698763646 0.9773607515041587
25.719045647601828 1.031061392366952
25.74198859644001 1.0069922575783448
25.76493154527819 1.023711748773366
25.787874494116373 1.0025640410883576
25.810817442954555 1.007769733712268
25.833760391792737 1.0046040348963945
25.85670334063092 0.9806491593346001
25.8796462894691 1.0023651938169105
25.902589238307282 1.0096919981030397
25.925532187145464 0.974283056194431
25.948475135983646 0.9864236967189834
25.971418084821828 0.9769823818819228
25.99436103366001 0.993994578204035
26.01730398249819 0.9795338901421252
26.040246931336373 1.05110431901064
26.063189880174555 0.9909165648297755
26.086132829012737 1.0178272467839082
26.10907577785092 1.0142561520539681
26.1320187266891 1.034547501934663
26.154961675527282 0.9836212625705383
26.177904624365464 1.0051145945008535
26.200847573203646 0.9827055386662308
26.223790522041828 1.006058479263783
26.24673347088001 0.9934695713664897
26.26967641971819 0.9793815112272221
26.292619368556373 0.9792822686487866
26.315562317394555 0.9842868112519364
26.338505266232737 0.9696218204701609
26.36144821507092 1.008568425551791
26.3843911639091 0.9769373270231734
26.407334112747282 1.0118027072278948
26.430277061585464 0.9555346095178897
26.453220010423646 0.9778871902251272
26.476162959261828 1.0055888596229428
26.49910590810001 0.9643084872237276
26.52204885693819 0.9682649845614326
26.544991805776373 0.9920767727288525
26.567934754614555 1.0082833079371676
26.590877703452737 0.9599426039616439
26.61382065229092 0.9864673193422623
26.6367636011291 0.9707036615762291
26.659706549967282 0.9815711900947628
26.682649498805464 0.9791248575885046
26.705592447643646 0.9932043303050675
26.728535396481828 0.980822982133563
26.75147834532001 0.9613065004157215
26.77442129415819 0.9896084582074711
26.797364242996373 0.9853331895099955
26.820307191834555 0.9662793646773914
26.843250140672737 0.9861232079771809
26.86619308951092 0.9663377118932106
26.8891360383491 0.9591910188664148
26.912078987187282 0.9878214027342591
26.935021936025464 0.9842597000532316
26.957964884863646 0.9960516129179539
26.980907833701828 1.0119765832965235
27.00385078254001 0.9633824469922767
27.02679373137819 0.9491619029298158
27.049736680216373 0.9673574668001471
27.072679629054555 0.9737199574220418
27.095622577892737 0.9835191132799779
27.11856552673092 0.9687443053360075
27.1415084755691 0.9485872342422512
27.164451424407282 1.0004838893564592
27.187394373245464 0.9990765002628137
27.210337322083646 0.9630987027752835
27.233280270921828 0.9866855529282995
27.25622321976001 0.9681015560430399
27.27916616859819 0.9513442798756374
27.302109117436373 0.9564653328068329
27.325052066274555 0.9770952936864772
27.347995015112737 0.9485834215241017
27.37093796395092 0.9693618002630546
27.3938809127891 1.0120854787507414
27.416823861627282 0.9805574367463308
27.439766810465464 1.0015444021147797
27.462709759303646 0.9376894691290544
27.485652708141828 0.976221198898267
27.50859565698001 0.9748980995167651
27.53153860581819 0.9681499308569399
27.554481554656373 0.9446668357822
27.577424503494555 0.9803745522188089
27.600367452332737 0.977846078236541
27.62331040117092 0.9627707140352133
27.6462533500091 0.9872730637342677
27.669196298847282 0.9869728808395533
27.692139247685464 0.9952693357121704
27.715082196523646 0.9898054759006725
27.738025145361828 0.9913786082015676
27.76096809420001 0.9897080667393666
27.78391104303819 0.967146468182409
27.806853991876373 0.9777835310639073
27.829796940714555 0.970526979396275
27.852739889552737 0.9930815588158164
27.87568283839092 0.9788246814063325
27.8986257872291 0.9542844917919081
27.921568736067282 0.9827572237519003
27.944511684905464 0.9732632578708712
27.967454633743646 0.9878474804876435
27.990397582581828 0.9920561160636834
28.01334053142001 0.9745224811185976
28.03628348025819 0.9619615211612795
28.059226429096373 0.9854531043641385
28.082169377934555 0.9601898291375247
28.105112326772737 0.9829267664366549
28.12805527561092 0.9611734541206799
28.1509982244491 0.972328806987752
28.173941173287282 0.978075977528605
28.196884122125464 0.9839401344592803
28.219827070963646 0.9746024576627306
28.242770019801828 0.9835192402824996
28.26571296864001 0.9926951642474903
28.28865591747819 0.9518160234974067
28.311598866316373 0.9676680620125959
28.334541815154555 0.9937021381580702
28.357484763992737 0.99434857477405
28.38042771283092 0.9901299011374349
28.4033706616691 0.9751287844102505
28.426313610507282 0.995123399754955
28.449256559345464 0.9682265731904485
28.472199508183646 0.9844560642813348
28.495142457021828 0.9962518191353948
28.51808540586001 1.0091424230762236
28.54102835469819 0.9704359354382565
28.563971303536373 1.0038377639053255
28.586914252374555 0.9880179936605314
28.609857201212737 0.9539851014670605
28.63280015005092 1.0410115499141792
28.6557430988891 0.9696116252685697
28.678686047727282 1.0130580053791667
28.701628996565464 1.001979905384381
28.724571945403646 0.9918437999246278
28.747514894241828 1.003477174329749
28.77045784308001 1.0069101334990693
28.79340079191819 0.9749224355555774
28.816343740756373 0.9593331445524333
28.839286689594555 0.9970529588594352
28.862229638432737 0.9616505374298139
28.88517258727092 0.9947568233212688
28.9081155361091 0.9692383379147319
28.931058484947282 0.9874035626164936
28.954001433785464 1.0043387661414565
28.976944382623646 0.9854753590417126
28.999887331461828 0.9988874647087795
29.02283028030001 0.9983797021669939
29.04577322913819 1.0139502349819915
29.068716177976373 1.0009207672956644
29.091659126814555 1.0124593138504268
29.114602075652737 0.985769022791681
29.13754502449092 1.019302452007931
29.1604879733291 0.9830262288806354
29.183430922167283 1.0021646673277458
29.206373871005464 1.0063213072292085
29.229316819843646 1.0179469541401045
29.252259768681828 0.976210097477008
29.27520271752001 0.9953201548216206
29.29814566635819 0.9998479532401566
29.321088615196373 1.0366276472880231
29.344031564034555 1.0091480277067177
29.366974512872737 1.0059020348004366
29.389917461710922 0.9844273375977457
29.412860410549104 1.0272059730928476
29.435803359387286 1.0324101331722844
29.458746308225468 0.9876608843075037
29.48168925706365 1.0023394909681826
29.50463220590183 0.9888350592841223
29.527575154740013 1.0069148970797452
29.550518103578195 1.0033123541363376
29.573461052416377 0.9969277613336514
29.59640400125456 1.0156417965158773
29.61934695009274 0.9752353267283894
29.642289898930922 1.0386224755585105
29.665232847769104 1.0359159426978977
29.688175796607286 0.9948578605586049
29.711118745445468 1.013370052934714
29.73406169428365 1.0181837069247754
29.75700464312183 1.0403760986396244
29.779947591960013 1.000637315445531
29.802890540798195 1.0236544306063242
29.825833489636377 1.0278099077203922
29.84877643847456 1.0160969987452029
29.87171938731274 0.9905883576213148
29.894662336150922 1.0020670236112292
29.917605284989104 1.0057615319009117
29.940548233827286 1.0419125884758205
29.963491182665468 1.0163955502098359
29.98643413150365 1.0313966475419125
30.00937708034183 1.0290546239819043
30.032320029180013 1.0434553341994637
30.055262978018195 1.0242915528075258
30.078205926856377 1.0442409303843248
30.10114887569456 1.021857545677119
30.12409182453274 1.0249117460906378
30.147034773370923 1.0587953815647895
30.169977722209104 1.0081391382702185
30.192920671047286 1.0407280236094587
30.215863619885468 1.0153788198837335
30.23880656872365 1.0320484376250225
30.26174951756183 1.011192539777384
30.284692466400013 1.0383067430609396
30.307635415238195 1.012472959874884
30.330578364076377 1.028294266215347
30.35352131291456 1.036131870145725
30.37646426175274 0.9897293079525983
30.399407210590923 1.0307780731275906
30.422350159429104 0.9989169442283024
30.445293108267286 0.9987628288147485
30.468236057105468 1.007191944200877
30.49117900594365 1.0172999057614598
30.51412195478183 1.051238098125547
30.537064903620013 1.0409998625913268
30.560007852458195 1.0031610727863736
30.582950801296377 1.0189227397059453
30.60589375013456 1.0334321603545213
30.62883669897274 1.0253961221169818
30.651779647810923 1.0230352440426036
30.674722596649104 1.0161401930025489
30.697665545487286 1.022836126804449
30.720608494325468 1.038005804491438
30.74355144316365 1.0319299534837374
30.76649439200183 1.0506203061807247
30.789437340840013 1.004462729209561
30.812380289678195 1.0090606840381973
30.835323238516377 1.020138913485518
30.85826618735456 0.9994523744213102
30.88120913619274 1.0179768130165079
30.904152085030923 1.0161162677815643
30.927095033869104 0.9998969621034645
30.950037982707286 1.0359414335820762
30.972980931545468 1.0359194584152576
30.99592388038365 1.0396325391816532
31.01886682922183 1.020849932645163
31.041809778060014 0.9905597104964052
31.064752726898195 1.0197226299852369
31.087695675736377 1.027642768948581
31.11063862457456 0.9893892304506742
31.13358157341274 1.018577630856905
31.156524522250923 1.0364665356955207
31.179467471089104 1.0354658545694613
31.202410419927286 1.0068828847073854
31.225353368765468 1.0192468834396722
31.24829631760365 1.0265999807774095
31.27123926644183 1.0309310850816502
31.294182215280014 1.0207475004139266
31.317125164118195 1.0225030206496728
31.340068112956377 1.0538045651319685
31.36301106179456 1.0494581483861634
31.38595401063274 1.0078442383947144
31.408896959470923 1.0158648985643979
31.431839908309104 1.0349911245516672
31.454782857147286 0.9956154684596108
31.477725805985468 1.0146535227348126
31.50066875482365 1.0054181573706023
31.52361170366183 1.0033797084429061
31.546554652500014 1.013084218728851
31.569497601338195 1.0036952621111077
31.592440550176377 1.0113150130447204
31.61538349901456 0.9870585386145425
31.63832644785274 1.0249447690485245
31.661269396690923 1.018858565488931
31.684212345529104 1.0377124725526847
31.707155294367286 1.0154556646238928
31.730098243205468 1.0166471651569344
31.75304119204365 0.9910152484598458
31.77598414088183 1.0244827761421609
31.798927089720014 1.0081953239850638
31.821870038558195 0.9896887921071712
31.844812987396377 1.007861774347642
31.86775593623456 1.0013495381527024
31.89069888507274 1.032351563991147
31.913641833910923 1.0217690552810137
31.936584782749105 0.9942918932858913
31.959527731587286 1.0065482806590136
31.982470680425468 1.0133277278263706
32.00541362926365 0.9944432160488594
32.02835657810183 1.001905836743534
32.051299526940014 1.0245581274784687
32.07424247577819 0.985927870907176
32.09718542461638 1.0003668809475141
32.120128373454556 0.9906210829928402
32.14307132229274 0.9971586886704045
32.16601427113092 0.9890837569799731
32.188957219969105 1.031872728059704
32.21190016880728 0.999728801534678
32.23484311764547 0.9745569003977508
32.257786066483646 1.0054223235751536
32.28072901532183 1.017648722745955
32.30367196416001 1.0178150680563622
32.326614912998195 0.9922785880221476
32.349557861836374 0.9846582002707774
32.37250081067456 0.9750538127870402
32.39544375951274 1.0177485039202383
32.41838670835092 0.9977514970427728
32.4413296571891 0.9815401206014779
32.464272606027286 0.9862968595613497
32.487215554865465 1.0089025752993153
32.51015850370365 0.9969580077248786
32.53310145254183 0.9897755257588685
32.556044401380014 0.9885771413227062
32.57898735021819 0.9922632424790749
32.60193029905638 0.9729549318528911
32.624873247894556 1.0040327381775846
32.64781619673274 0.9845769411912424
32.67075914557092 0.9834655971651213
32.693702094409105 0.9740205793801708
32.71664504324728 0.976075282402322
32.73958799208547 0.9849224771523581
32.76253094092365 0.9793040748823495
32.78547388976183 0.9988848792371974
32.80841683860001 1.0022908802864599
32.831359787438195 1.0077436332361562
32.854302736276374 0.9781056194357182
32.87724568511456 0.9852352219970596
32.90018863395274 0.9864849747647723
32.92313158279092 0.9700666439033686
32.9460745316291 0.9836040111711721
32.969017480467286 0.9748725222104918
32.991960429305465 0.9794754261012755
33.01490337814365 0.9960480954156348
33.03784632698183 0.99514470853857
33.060789275820014 0.9676959204626853
33.08373222465819 0.9606005762661521
33.10667517349638 0.9888335749523612
33.129618122334556 0.9891105472044236
33.15256107117274 0.9710374147613787
33.17550402001092 0.9824883313911958
33.198446968849105 0.9683161373563484
33.22138991768728 0.9943140214550694
33.24433286652547 0.9719813650511396
33.26727581536365 0.986667340194131
33.29021876420183 0.9773693814076445
33.31316171304001 0.9998814366160137
33.336104661878196 0.970499905032674
33.359047610716374 0.9750543148734957
33.38199055955456 0.9846932333702743
33.40493350839274 0.970391443710719
33.42787645723092 0.9733815012479626
33.4508194060691 0.9928404141291425
33.47376235490729 0.9635692092045063
33.496705303745465 1.0073679094752042
33.51964825258365 0.949816124219033
33.54259120142183 0.9728413592525512
33.565534150260014 0.997258117262451
33.58847709909819 1.0033813536111127
33.61142004793638 0.9807798814369217
33.634362996774556 0.9745783218771832
33.65730594561274 0.9823714018534143
33.68024889445092 0.9659626248344196
33.703191843289105 0.9869250822953726
33.72613479212728 0.981108898836068
33.74907774096547 0.9732773993179444
33.77202068980365 0.9979970973102723
33.79496363864183 0.9942987151476574
33.81790658748001 0.9783684614439063
33.840849536318196 0.9886130505493411
33.863792485156374 0.9703272815442247
33.88673543399456 0.9491347506458845
33.90967838283274 0.9667109395562755
33.93262133167092 0.979461800539029
33.9555642805091 0.9900377249954504
33.97850722934729 1.006571462287961
34.001450178185465 0.9770792756115159
34.02439312702365 0.9841088780450955
34.04733607586183 0.9672000390899014
34.070279024700014 0.9678629033852127
34.09322197353819 0.9777975723260053
34.11616492237638 0.9911201147374028
34.139107871214556 0.9665989791785446
34.16205082005274 0.9946094825548031
34.18499376889092 0.9840584784289174
34.207936717729105 0.9632035622591766
34.23087966656728 0.9797959532943437
34.25382261540547 0.9921021122896214
34.27676556424365 0.9915901394328662
34.29970851308183 0.9948106925901464
34.32265146192001 0.9983241525916619
34.345594410758196 0.9612749893017598
34.368537359596374 0.968857235566337
34.39148030843456 0.9965914907596869
34.41442325727274 0.9783787819149611
34.43736620611092 0.9808623526138797
34.4603091549491 0.9913594411718604
34.48325210378729 1.0042048676849376
34.506195052625465 0.9800053775538199
34.52913800146365 0.9823938345064914
34.55208095030183 0.9849099904758276
34.575023899140014 0.9763469322271406
34.59796684797819 1.0042756208457297
34.62090979681638 0.9846511210490084
34.643852745654556 1.0110610868454222
34.66679569449274 0.9927719376559455
34.68973864333092 0.991931996700281
34.712681592169105 0.9706015583312149
34.73562454100728 1.0206256099601148
34.75856748984547 0.9992006977615321
34.78151043868365 0.978964334364565
34.80445338752183 0.9811127286057029
34.82739633636001 1.005443120756277
34.850339285198196 0.9968446917453638
34.873282234036374 0.9726892308880914
34.89622518287456 0.9798726916572535
34.91916813171274 0.9933668335657816
34.94211108055092 0.9883072993773362
34.9650540293891 0.9913266292360768
34.98799697822729 1.0045505373425734
35.010939927065465 0.9944598501557269
35.03388287590365 1.0027732418907276
35.05682582474183 0.998853908822641
35.079768773580014 1.0179888593591406
35.10271172241819 1.0048968671656002
35.12565467125638 1.0084481649927675
35.148597620094556 0.9874838174290028
35.17154056893274 1.0057963666412197
35.19448351777092 0.9932930419780037
35.217426466609105 0.9904459384078114
35.24036941544729 1.0129555550194642
35.26331236428547 0.9949021926252346
35.286255313123654 1.0022727784317536
35.30919826196183 1.0029143526746214
35.33214121080002 0.9827997575494725
35.355084159638196 1.0185894591574667
35.37802710847638 0.9953686049122096
35.40097005731456 1.0244992574871385
35.423913006152745 0.9887457693492372
35.44685595499092 1.0096990751039563
35.46979890382911 1.0071292680019577
35.49274185266729 1.0002299519536682
35.51568480150547 0.997527436109987
35.53862775034365 1.0017799632329887
35.561570699181836 1.0047597610138899
35.584513648020014 1.0187239157615413
35.6074565968582 0.9649554377019303
35.63039954569638 1.0059206496541278
35.65334249453456 0.9618241550357649
35.67628544337274 1.0239298380929347
35.69922839221093 1.005431120184428
35.722171341049105 0.9984362641804199
35.74511428988729 0.9910482608344523
35.76805723872547 0.976691404742218
35.791000187563654 0.9848717134052353
35.81394313640183 1.0106320100588317
35.83688608524002 1.0141365467815981
35.859829034078196 1.0141917963578861
35.88277198291638 1.0004916127143804
35.90571493175456 1.0379102758425025
35.928657880592745 1.007916495321951
35.95160082943092 1.0144860306085477
35.97454377826911 0.9815393159529057
35.99748672710729 1.029966602211241
36.02042967594547 1.0169072326145674
36.04337262478365 1.0183475858464641
36.066315573621836 1.001728098269157
36.089258522460014 1.034705497994048
36.1122014712982 0.9971645579625166
36.13514442013638 1.0135999318602764
36.15808736897456 1.007882428107697
36.18103031781274 1.0029015528714846
36.20397326665093 1.0127837352890516
36.226916215489105 1.0304638591753212
36.24985916432729 1.0002501845289018
36.27280211316547 1.029817957141432
36.295745062003654 1.0201053317326256
36.31868801084183 1.0290696411411562
36.34163095968002 1.0018086606751229
36.364573908518196 1.0192588701720244
36.38751685735638 1.031067048465974
36.41045980619456 1.0120627818818764
36.433402755032745 1.001624190231449
36.45634570387092 1.0183375803704575
36.47928865270911 1.0298118798663496
36.50223160154729 1.02806876756284
36.52517455038547 1.0246878984907373
36.54811749922365 1.01113280577139
36.571060448061836 1.0528567160798827
36.594003396900014 1.0227949454835341
36.6169463457382 1.0324022608453403
36.63988929457638 1.0167862737120972
36.66283224341456 1.018021248040379
36.68577519225274 0.9906037419783069
36.70871814109093 1.0137260600878322
36.731661089929105 1.010705714706815
36.75460403876729 1.0127571760315974
36.77754698760547 0.9876050993551476
36.800489936443654 1.0274297745073182
36.82343288528183 0.9955723372732433
36.84637583412002 1.0227903849538584
36.869318782958196 1.0029731843295684
36.89226173179638 1.027605952510224
36.91520468063456 1.0542053279087902
36.938147629472745 1.013448651074536
36.96109057831092 0.9764371309213218
36.98403352714911 1.0161258935492987
37.00697647598729 1.0220707407571805
37.02991942482547 1.0220938304234908
37.05286237366365 1.002963614036363
37.075805322501836 1.0272689467613856
37.098748271340014 1.031095094474007
37.1216912201782 1.0410631758712408
37.14463416901638 1.0324740253589777
37.16757711785456 1.0366737940511153
37.19052006669274 1.016887790826097
37.21346301553093 1.0383517872723493
37.236405964369105 1.0260392853693105
37.25934891320729 1.0086774661799178
37.28229186204547 1.0155442389350826
37.305234810883654 1.0322977598625653
37.32817775972183 1.0090798950727513
37.35112070856002 0.9900248333004305
37.374063657398196 1.0050248890725597
37.39700660623638 1.0252366939666488
37.41994955507456 1.020198555851126
37.442892503912745 1.0044836091426554
37.46583545275092 1.0190619193059534
37.48877840158911 1.0045529162722084
37.51172135042729 1.0245856394454707
37.53466429926547 0.9950435939473673
37.55760724810365 1.0069850976654027
