k*sigma_0 S(k)

0.0190232882201424 0.20951632574523849
0.0380465764402849 0.20300280804900503
0.0570698646604273 0.2175502205892997
0.0760931528805698 0.25865940975559293
0.0951164411007122 0.26173628450309455
0.1141397293208546 0.2779586362746768
0.1331630175409971 0.30491998994916025
0.1521863057611395 0.31487262937013377
0.171209593981282 0.33112778623669326
0.1902328822014244 0.35119017819492
0.2092561704215669 0.3795580550212416
0.2282794586417093 0.3782025499149688
0.2473027468618517 0.41318495490302265
0.2663260350819942 0.44961544617030763
0.2853493233021366 0.44914682448572807
0.3043726115222791 0.4764138955004402
0.3233958997424215 0.4717099927954651
0.3424191879625639 0.47588279563288666
0.3614424761827064 0.4917710510463968
0.3804657644028488 0.5113764540825171
0.3994890526229913 0.5182293972399686
0.4185123408431337 0.5227120964882567
0.4375356290632761 0.5581460224135315
0.4565589172834186 0.5546114178515053
0.4755822055035611 0.5760962790595244
0.4946054937237035 0.6004551404337811
0.513628781943846 0.6240672997739222
0.5326520701639884 0.6053718204342243
0.5516753583841308 0.5997388284134249
0.5706986466042733 0.6184981534276913
0.5897219348244157 0.6372380291163611
0.6087452230445581 0.6442937772441037
0.6277685112647006 0.6381571231143432
0.646791799484843 0.6417185898468878
0.6658150877049854 0.6321543061219064
0.6848383759251279 0.6371920943156413
0.7038616641452703 0.6329291760726385
0.7228849523654128 0.6410173265126948
0.7419082405855553 0.6226716056554342
0.7609315288056977 0.6110051629396539
0.7799548170258401 0.6354084658825528
0.7989781052459826 0.6374574859342726
0.818001393466125 0.6350459398448408
0.8370246816862674 0.6158415557666412
0.8560479699064099 0.6202690469294195
0.8750712581265523 0.6105968458502125
0.8940945463466947 0.5973739373047924
0.9131178345668371 0.6060295601131319
0.9321411227869797 0.5849471859715687
0.9511644110071221 0.5854093002136046
0.9701876992272646 0.5814897845109044
0.989210987447407 0.5744125582211352
1.0082342756675493 0.5689386389707625
1.027257563887692 0.5697688103388437
1.0462808521078344 0.5559077574846082
1.0653041403279768 0.553166143935515
1.0843274285481193 0.5502594009162896
1.1033507167682617 0.5503591313395466
1.1223740049884041 0.5352512672263586
1.1413972932085465 0.5239081740022162
1.160420581428689 0.5368790940987077
1.1794438696488314 0.5381034286436844
1.1984671578689738 0.5159669926321109
1.2174904460891163 0.5371912635367868
1.2365137343092587 0.5121437944586871
1.2555370225294011 0.501594514139614
1.2745603107495436 0.5132918536570144
1.293583598969686 0.5095519055322483
1.3126068871898284 0.5044597747363727
1.3316301754099709 0.5015694139693959
1.3506534636301133 0.5081479489131174
1.3696767518502557 0.485724380326116
1.3887000400703982 0.47237639548333393
1.4077233282905406 0.48380959765438136
1.4267466165106832 0.4796757044406189
1.4457699047308257 0.4757326971092162
1.464793192950968 0.4628689045247647
1.4838164811711105 0.46645530994784906
1.502839769391253 0.47413583161686174
1.5218630576113954 0.47618145106074133
1.5408863458315378 0.4734863203535865
1.5599096340516803 0.4680297755869373
1.5789329222718227 0.4682799468384254
1.5979562104919651 0.45962224165034166
1.6169794987121076 0.45732999861295126
1.63600278693225 0.46545911557947256
1.6550260751523924 0.4685747095605565
1.6740493633725348 0.4591995822813697
1.6930726515926773 0.45915536367891485
1.7120959398128197 0.4629295941754652
1.7311192280329621 0.4748891345268507
1.7501425162531046 0.459056665000861
1.769165804473247 0.47750231690430045
1.7881890926933894 0.4782231127293399
1.8072123809135319 0.4732011958967932
1.8262356691336743 0.4610903306472226
1.845258957353817 0.46574608585840505
1.8642822455739594 0.4628200753237129
1.8833055337941018 0.47216892638887703
1.9023288220142442 0.4823219454640226
1.9213521102343867 0.4810033636887881
1.940375398454529 0.4847570950530506
1.9593986866746715 0.4727592318893812
1.978421974894814 0.4870449013855067
1.9974452631149564 0.4873579820939504
2.0164685513350986 0.49574810750406123
2.0354918395552413 0.5011419742792279
2.054515127775384 0.4931065966190444
2.073538415995526 0.5046619531557452
2.092561704215669 0.4974179799393981
2.111584992435811 0.500012428617967
2.1306082806559536 0.5051311371143195
2.149631568876096 0.4995734077501119
2.1686548570962385 0.5148843539586305
2.1876781453163807 0.5167083258381863
2.2067014335365234 0.5169415245314708
2.2257247217566656 0.5105489933810441
2.2447480099768082 0.5210751660893704
2.2637712981969504 0.5254065766031064
2.282794586417093 0.5154415554732876
2.3018178746372353 0.5269354831798091
2.320841162857378 0.5289338156391239
2.33986445107752 0.5383284559750011
2.358887739297663 0.5491864109917747
2.377911027517805 0.5232607072732034
2.3969343157379477 0.5375156580801275
2.41595760395809 0.5355004297932023
2.4349808921782325 0.544293827366703
2.454004180398375 0.552092901722027
2.4730274686185174 0.5517234369251539
2.49205075683866 0.5624986571127324
2.5110740450588023 0.5581590523859489
2.530097333278945 0.5661859130316707
2.549120621499087 0.5642302504799833
2.56814390971923 0.5643786217511362
2.587167197939372 0.5698331821813727
2.6061904861595147 0.5690980325257396
2.625213774379657 0.5837074002398389
2.6442370625997995 0.5836012123228971
2.6632603508199417 0.5987632561187372
2.6822836390400844 0.5833873327264216
2.7013069272602266 0.5792871616180061
2.7203302154803692 0.6031383077168788
2.7393535037005114 0.6052517380633838
2.758376791920654 0.5981958640982112
2.7774000801407963 0.6023882492143801
2.796423368360939 0.6166030817218542
2.815446656581081 0.6028013253513688
2.834469944801224 0.615321434890673
2.8534932330213665 0.609523899814399
2.8725165212415087 0.6080892712228388
2.8915398094616513 0.6342268962039622
2.9105630976817936 0.633280918877057
2.929586385901936 0.6377480882725924
2.9486096741220784 0.6509270517361682
2.967632962342221 0.6530265005573522
2.9866562505623633 0.6401007641759487
3.005679538782506 0.6655635402807885
3.024702827002648 0.6537431418789916
3.043726115222791 0.670659275939142
3.062749403442933 0.6715278522925275
3.0817726916630757 0.6746895668224755
3.100795979883218 0.6778468005652537
3.1198192681033605 0.661484842734846
3.1388425563235027 0.6814344304662555
3.1578658445436454 0.6903869640480781
3.1768891327637876 0.7033292087860085
3.1959124209839302 0.7049066432487996
3.2149357092040725 0.7066752003318783
3.233958997424215 0.7007941580960121
3.2529822856443578 0.713563307814838
3.2720055738645 0.7177342725814494
3.2910288620846426 0.7193723451059941
3.310052150304785 0.7276910601239449
3.3290754385249275 0.7455527142086902
3.3480987267450697 0.7353938330166827
3.3671220149652124 0.7466499991717676
3.3861453031853546 0.773067308475493
3.405168591405497 0.7594152651851839
3.4241918796256394 0.7561336628434369
3.443215167845782 0.7596165942947802
3.4622384560659243 0.7765916286473066
3.481261744286067 0.7740883281245715
3.500285032506209 0.7839657350235897
3.519308320726352 0.7939282835756434
3.538331608946494 0.798843790002975
3.5573548971666367 0.8016955912699802
3.576378185386779 0.8021409857476197
3.5954014736069215 0.8027355135753844
3.6144247618270637 0.8224416329988467
3.6334480500472064 0.8266776641616156
3.6524713382673486 0.8313365573103438
3.6714946264874913 0.8398644988082804
3.690517914707634 0.8481834179493571
3.709541202927776 0.8432774664579784
3.7285644911479188 0.8481870052483841
3.747587779368061 0.858106412743953
3.7666110675882036 0.886070853053213
3.785634355808346 0.8700577657545846
3.8046576440284885 0.8777466218513568
3.8236809322486307 0.88037707037372
3.8427042204687734 0.8783797398568035
3.8617275086889156 0.9009832898988475
3.880750796909058 0.9106002932787505
3.8997740851292004 0.8916504347578613
3.918797373349343 0.8945709033076108
3.9378206615694853 0.914795858944642
3.956843949789628 0.9147879351082325
3.97586723800977 0.9336437278126233
3.994890526229913 0.9293998660814994
4.0139138144500555 0.9532260236816363
4.032937102670197 0.9519747502692777
4.05196039089034 0.954285975347395
4.0709836791104825 0.9694367214853915
4.090006967330625 0.9645213380920211
4.109030255550768 0.977174346843751
4.12805354377091 0.979068611288966
4.147076831991052 0.9780919597766324
4.166100120211195 0.9845184769594845
4.185123408431338 0.985174464246266
4.204146696651479 1.014478599172252
4.223169984871622 1.0034061577520912
4.242193273091765 1.0144199866545622
4.261216561311907 1.0298648069286935
4.280239849532049 1.0133894338008318
4.299263137752192 1.0262362403233418
4.318286425972334 1.0263019177207504
4.337309714192477 1.0691369403572273
4.356333002412619 1.037208202028764
4.375356290632761 1.044874381721765
4.394379578852904 1.0532830262903012
4.413402867073047 1.059649739785932
4.4324261552931885 1.0606201053368067
4.451449443513331 1.0753322158266652
4.470472731733474 1.0655223660785536
4.4894960199536165 1.0806240978292538
4.508519308173759 1.0738564714383465
4.527542596393901 1.1057066896673502
4.5465658846140435 1.0903665343089812
4.565589172834186 1.1168944654151072
4.584612461054329 1.1076570947622282
4.603635749274471 1.1053430169720841
4.622659037494613 1.0993254178794678
4.641682325714756 1.1165254169717704
4.660705613934899 1.105876989739133
4.67972890215504 1.1223333616124924
4.698752190375183 1.1511903430140176
4.717775478595326 1.1429674616851846
4.736798766815468 1.1368830011685451
4.75582205503561 1.1288955143787474
4.774845343255753 1.1391161451642444
4.793868631475895 1.1469076136193916
4.812891919696038 1.1550913817687163
4.83191520791618 1.1537399613093489
4.850938496136322 1.15995805540171
4.869961784356465 1.1490699895717718
4.888985072576608 1.164059324937248
4.90800836079675 1.1522861070891959
4.927031649016892 1.1708686403994777
4.946054937237035 1.1658606272525351
4.9650782254571775 1.172162094442299
4.98410151367732 1.1855358287046196
5.003124801897462 1.1788727791504516
5.0221480901176045 1.186928177980261
5.041171378337747 1.1805381439446263
5.06019466655789 1.1824492408837908
5.079217954778032 1.1799484075880675
5.098241242998174 1.1905639650906406
5.117264531218317 1.183678279139912
5.13628781943846 1.1931408599958981
5.155311107658601 1.1825614441240513
5.174334395878744 1.1854362375514431
5.193357684098887 1.182075288253678
5.212380972319029 1.2161828084749462
5.231404260539171 1.207379392069607
5.250427548759314 1.1984354668625061
5.269450836979456 1.1960350660006536
5.288474125199599 1.196800955667844
5.307497413419742 1.18096290713263
5.3265207016398834 1.2137139396656405
5.345543989860026 1.1978506248189065
5.364567278080169 1.1827033432650156
5.383590566300311 1.1850407619449819
5.402613854520453 1.1903204397835516
5.421637142740596 1.2050002201918113
5.4406604309607385 1.1966919428807432
5.459683719180881 1.2130852826934415
5.478707007401023 1.1943145358352996
5.4977302956211656 1.1860771729990718
5.516753583841308 1.1919846566032786
5.535776872061451 1.213299567434543
5.554800160281593 1.2235553610504382
5.573823448501735 1.1965249118089916
5.592846736721878 1.1897218045751048
5.611870024942021 1.1911056896941044
5.630893313162162 1.200131268067649
5.649916601382305 1.198414736322705
5.668939889602448 1.1823404932040054
5.68796317782259 1.2002342485333375
5.706986466042733 1.190589413150792
5.726009754262875 1.185755655481542
5.745033042483017 1.1822637326874355
5.76405633070316 1.1826284397985458
5.783079618923303 1.1951597823276903
5.8021029071434445 1.1895513003265497
5.821126195363587 1.1754783942553757
5.84014948358373 1.1711130404813475
5.859172771803872 1.1680434820629282
5.878196060024014 1.166843924093527
5.897219348244157 1.1773613823345017
5.9162426364642995 1.1613168450257745
5.935265924684442 1.168716763863261
5.954289212904584 1.176034151582251
5.973312501124727 1.1537668705586657
5.992335789344869 1.1478227171094215
6.011359077565012 1.1553237816874125
6.030382365785154 1.1507336211124484
6.049405654005296 1.1622426534368178
6.068428942225439 1.1519028329625414
6.087452230445582 1.1474320957560902
6.106475518665724 1.1402165489539828
6.125498806885866 1.1513220663768067
6.144522095106009 1.146269308427308
6.163545383326151 1.141514182606498
6.182568671546294 1.1388838079285772
6.201591959766436 1.1298951827349961
6.220615247986578 1.1299380812580142
6.239638536206721 1.1300643849987457
6.258661824426864 1.1176126206663628
6.2776851126470055 1.1193839662629226
6.296708400867148 1.1280086358331072
6.315731689087291 1.1184699547985444
6.334754977307433 1.118389102429878
6.353778265527575 1.1072721556762952
6.372801553747718 1.112904077212623
6.3918248419678605 1.1009017218823336
6.410848130188003 1.1066802788591308
6.429871418408145 1.1029077481295537
6.448894706628288 1.0909120629622122
6.46791799484843 1.0986558020684398
6.486941283068573 1.0991799817959138
6.5059645712887155 1.0945745433164322
6.524987859508857 1.0867633257167442
6.544011147729 1.0856219437434356
6.563034435949143 1.070843336202676
6.582057724169285 1.0850088022849307
6.601081012389427 1.077876015795892
6.62010430060957 1.083511080387882
6.639127588829712 1.0643444533908948
6.658150877049855 1.071270833009136
6.677174165269997 1.0661322092267032
6.696197453490139 1.0587898256190984
6.715220741710282 1.0556467644198244
6.734244029930425 1.0507264432554155
6.7532673181505665 1.0379415901638815
6.772290606370709 1.0340593420107358
6.791313894590852 1.0319474652713652
6.810337182810994 1.0471669313149599
6.829360471031136 1.0296946302496586
6.848383759251279 1.0327599771712686
6.8674070474714215 1.0360729100203296
6.886430335691564 1.0286767432574324
6.905453623911707 1.0257694725076498
6.924476912131849 1.0256137627759647
6.943500200351991 1.0224264162770196
6.962523488572134 1.0033930207757624
6.9815467767922765 1.0085706851120608
7.000570065012418 1.009340150055813
7.019593353232561 0.9943953643040435
7.038616641452704 1.0070449472439407
7.057639929672846 1.0029574224972144
7.076663217892988 1.0024300390889154
7.095686506113131 1.0053878813181074
7.114709794333273 1.0045175039764618
7.133733082553416 1.005293202330549
7.152756370773558 1.000158270985791
7.1717796589937 0.9861296862935729
7.190802947213843 0.9907436665814898
7.209826235433986 0.9852554279705066
7.2288495236541275 0.9777604762671982
7.24787281187427 0.9954693457818963
7.266896100094413 0.9795779651977996
7.285919388314555 0.9603052146403852
7.304942676534697 0.9680648637072216
7.32396596475484 0.9674157644584025
7.3429892529749825 0.9702723040431471
7.362012541195125 0.9591343390639328
7.381035829415268 0.9661040916019021
7.40005911763541 0.9610385427998774
7.419082405855552 0.9590474816558039
7.438105694075695 0.9687549942157131
7.4571289822958375 0.9477555098253505
7.476152270515979 0.9604783599753777
7.495175558736122 0.9518368795606801
7.514198846956265 0.944243390667034
7.533222135176407 0.9414922783940537
7.552245423396549 0.9466395878788675
7.571268711616692 0.9469525299629089
7.590291999836834 0.9460937921743565
7.609315288056977 0.9443849051902927
7.628338576277119 0.9463904375059837
7.647361864497261 0.9367900000130335
7.666385152717404 0.9403278324488129
7.685408440937547 0.9341690778685612
7.7044317291576885 0.9304074033025369
7.723455017377831 0.9311415347636355
7.742478305597974 0.9482376177358318
7.761501593818116 0.9191227469142051
7.780524882038259 0.9339791503918343
7.799548170258401 0.9337243255141023
7.8185714584785435 0.9338363519899855
7.837594746698686 0.9306618389444177
7.856618034918829 0.9330456830140756
7.875641323138971 0.9295408833020654
7.894664611359113 0.9317332665500873
7.913687899579256 0.9304736417253339
7.9327111877993985 0.9109971307607934
7.95173447601954 0.910367776097582
7.970757764239683 0.9197969259730945
7.989781052459826 0.9218382573621586
8.008804340679967 0.9266420207321048
8.027827628900111 0.9146519789599936
8.046850917120253 0.9200321890967336
8.065874205340394 0.917700854374509
8.084897493560538 0.9168331820477911
8.10392078178068 0.9086484409784338
8.122944070000823 0.9122180907215951
8.141967358220965 0.9038259967624634
8.160990646441107 0.9130044919844768
8.18001393466125 0.9211301443686858
8.199037222881392 0.9195380698195736
8.218060511101536 0.9151748427966601
8.237083799321677 0.9106813245590044
8.25610708754182 0.9211362554372257
8.275130375761963 0.9075009128091428
8.294153663982105 0.915789981110622
8.313176952202246 0.9240394101888146
8.33220024042239 0.9106175610092169
8.351223528642532 0.9034708277693035
8.370246816862675 0.9168235894262327
8.389270105082817 0.9043289722377371
8.408293393302959 0.9117225483954567
8.427316681523102 0.9098940419465656
8.446339969743244 0.9006313820664947
8.465363257963386 0.9167819809924275
8.48438654618353 0.9034580033756388
8.503409834403671 0.9060132154582046
8.522433122623815 0.9043189363793458
8.541456410843956 0.9147458163097886
8.560479699064098 0.9325053969139037
8.579502987284242 0.8984974390851139
8.598526275504383 0.9147389344331366
8.617549563724527 0.9013040064742683
8.636572851944669 0.9174141339643684
8.65559614016481 0.9170981986441988
8.674619428384954 0.9146611980184952
8.693642716605096 0.9093221422436372
8.712666004825238 0.9082194512266036
8.731689293045381 0.9076753201835097
8.750712581265523 0.9114045935789508
8.769735869485666 0.9176650712298801
8.788759157705808 0.9122584291627104
8.80778244592595 0.9085151438300657
8.826805734146093 0.9167127954827484
8.845829022366235 0.9167420663242634
8.864852310586377 0.9142214697327143
8.88387559880652 0.906287263892613
8.902898887026662 0.9106816728737238
8.921922175246806 0.9116565011334111
8.940945463466948 0.9214916577185953
8.95996875168709 0.9183122879547815
8.978992039907233 0.9168330265393188
8.998015328127375 0.9142311036663856
9.017038616347518 0.9203371634503902
9.03606190456766 0.9189528557828475
9.055085192787802 0.9186080599386932
9.074108481007945 0.910707146552344
9.093131769228087 0.9261163971131074
9.112155057448229 0.9119788959853421
9.131178345668372 0.9227645614226254
9.150201633888514 0.915452026842673
9.169224922108658 0.925782906394069
9.1882482103288 0.92457719179875
9.207271498548941 0.9293783971163571
9.226294786769085 0.9212608939667407
9.245318074989227 0.9314841947372205
9.264341363209368 0.935323011512023
9.283364651429512 0.9392075859489405
9.302387939649654 0.9387065570334877
9.321411227869797 0.9288854503238174
9.340434516089939 0.9240002976264874
9.35945780431008 0.9347016132784722
9.378481092530224 0.9418382119157018
9.397504380750366 0.9361249879823289
9.41652766897051 0.9364043334420431
9.435550957190651 0.9339836689852022
9.454574245410793 0.9356422390872966
9.473597533630937 0.9396908233239998
9.492620821851078 0.9417436669369308
9.51164411007122 0.9417776096187167
9.530667398291364 0.9431653263628733
9.549690686511505 0.9481852955560198
9.568713974731649 0.940985006940573
9.58773726295179 0.9508705749920556
9.606760551171933 0.9461816062206363
9.625783839392076 0.9572947341584729
9.644807127612218 0.9590238434859624
9.66383041583236 0.9494484696332406
9.682853704052503 0.9544176710474683
9.701876992272645 0.9558014669758215
9.720900280492788 0.95808091088661
9.73992356871293 0.9583938358760294
9.758946856933072 0.9671376721195327
9.777970145153215 0.9570281112450119
9.796993433373357 0.9625054901033686
9.8160167215935 0.9690140814423771
9.835040009813643 0.9637712137807448
9.854063298033784 0.9747931211769584
9.873086586253928 0.9622379873900773
9.89210987447407 0.9745835362679186
9.911133162694211 0.9795594946660223
9.930156450914355 0.9763007748760415
9.949179739134497 0.9705588647826282
9.96820302735464 0.9746204267076991
9.987226315574782 0.9814246362359357
10.006249603794924 0.9772800726807436
10.025272892015067 0.9787374815310964
10.044296180235209 0.9682044117650803
10.06331946845535 0.9864373724288324
10.082342756675494 0.98869276024838
10.101366044895636 0.9838577232431988
10.12038933311578 0.9841602107158411
10.139412621335921 0.9847199990479334
10.158435909556063 0.9890956219359999
10.177459197776207 0.9868789267024698
10.196482485996349 0.9864135504805572
10.215505774216492 0.9962101675503283
10.234529062436634 0.993416437782083
10.253552350656776 0.9931722194761465
10.27257563887692 0.99552864116994
10.291598927097061 0.9981597696272768
10.310622215317203 0.9877215562919315
10.329645503537346 1.006202765708296
10.348668791757488 1.004145168018963
10.367692079977632 1.0043741494602265
10.386715368197773 1.0133817033636436
10.405738656417915 1.0023078259312688
10.424761944638059 1.011394295064811
10.4437852328582 1.0144430912375064
10.462808521078342 1.0169335791218503
10.481831809298486 1.0206836711141336
10.500855097518627 1.0072084704392934
10.519878385738771 1.0142861629597024
10.538901673958913 1.0251516415430788
10.557924962179055 1.026220841455955
10.576948250399198 1.0178440769558676
10.59597153861934 1.0151312340356269
10.614994826839483 1.0206263394687967
10.634018115059625 1.0100911553581968
10.653041403279767 1.016742193505774
10.67206469149991 1.0278409338386199
10.691087979720052 1.0220499141770458
10.710111267940194 1.0245488929050104
10.729134556160338 1.0294579135880093
10.74815784438048 1.0288874229907037
10.767181132600623 1.0268773544351422
10.786204420820765 1.034847790085486
10.805227709040906 1.0387716426053049
10.82425099726105 1.0389664228470252
10.843274285481192 1.033820368561146
10.862297573701333 1.041580536847881
10.881320861921477 1.0309682622696916
10.900344150141619 1.0352295187753688
10.919367438361762 1.0397577479975995
10.938390726581904 1.0533334279681124
10.957414014802046 1.0505365953191554
10.97643730302219 1.0487375200624665
10.995460591242331 1.0471051408046042
11.014483879462475 1.0521097634991488
11.033507167682616 1.0435478244837453
11.052530455902758 1.051481769105339
11.071553744122902 1.038772302762634
11.090577032343043 1.0536745932949054
11.109600320563185 1.045242954048051
11.128623608783329 1.0518022649008238
11.14764689700347 1.0548333817812805
11.166670185223614 1.0562264099883483
11.185693473443756 1.0485497257492031
11.204716761663898 1.0531048660509161
11.223740049884041 1.0600323478743823
11.242763338104183 1.0546720447059883
11.261786626324325 1.0611592164559323
11.280809914544468 1.0587311674498052
11.29983320276461 1.0602337186018909
11.318856490984754 1.0555761490455555
11.337879779204895 1.0539913936723246
11.356903067425037 1.0596890663409189
11.37592635564518 1.0566754382290156
11.394949643865322 1.0615963261531371
11.413972932085466 1.0629646761180305
11.432996220305608 1.055614942216416
11.45201950852575 1.0546071621368864
11.471042796745893 1.07321366446995
11.490066084966035 1.0597658277613662
11.509089373186177 1.0584898008766748
11.52811266140632 1.0680599571435265
11.547135949626462 1.0654122351285518
11.566159237846605 1.0596175119166777
11.585182526066747 1.0568582682604504
11.604205814286889 1.0552381862691878
11.623229102507032 1.0651844723946677
11.642252390727174 1.0633927593478938
11.661275678947316 1.0590281269692885
11.68029896716746 1.0649092938076579
11.699322255387601 1.058644832981807
11.718345543607745 1.0574697126579822
11.737368831827887 1.0644819458245196
11.756392120048028 1.0677528708933566
11.775415408268172 1.061528831590782
11.794438696488314 1.0573887028895341
11.813461984708457 1.0639158919813045
11.832485272928599 1.0721032278206317
11.85150856114874 1.0538916538790188
11.870531849368884 1.056358240246452
11.889555137589026 1.057855660025248
11.908578425809168 1.058670791225058
11.927601714029311 1.0613526330610632
11.946625002249453 1.0630228857436907
11.965648290469597 1.0619374700214832
11.984671578689738 1.0494395476970175
12.00369486690988 1.066660965788721
12.022718155130024 1.057631332213994
12.041741443350165 1.060259767815814
12.060764731570307 1.0677224854308884
12.07978801979045 1.0518665559778084
12.098811308010593 1.0584257881493435
12.117834596230736 1.0511867118492408
12.136857884450878 1.0441569713721401
12.15588117267102 1.048814027992263
12.174904460891163 1.0521065069513835
12.193927749111305 1.055324379974778
12.212951037331448 1.0557240733490378
12.23197432555159 1.0548877800020162
12.250997613771732 1.0597693895032105
12.270020901991876 1.050631759171157
12.289044190212017 1.06503732193573
12.308067478432159 1.0448434012981151
12.327090766652303 1.0578941745222634
12.346114054872444 1.0504532713362251
12.365137343092588 1.0555878419972975
12.38416063131273 1.0499690212640869
12.403183919532871 1.0396565378111138
12.422207207753015 1.0496407330141395
12.441230495973157 1.0421716297065386
12.460253784193299 1.041942751412467
12.479277072413442 1.0454188762885837
12.498300360633584 1.0381233954778495
12.517323648853727 1.0384050202296404
12.53634693707387 1.040826180274665
