k*sigma_0 S(k)

0.0148465876536551 0.07973174430550296
0.0296931753073102 0.11626159384453345
0.0445397629609652 0.129477528079816
0.0593863506146203 0.1376665651883026
0.0742329382682754 0.1673294672583181
0.0890795259219305 0.1990119621895033
0.1039261135755855 0.18635518460007905
0.1187727012292406 0.22061408712492456
0.1336192888828957 0.2213375063669785
0.1484658765365507 0.2279769204817964
0.1633124641902058 0.2476665327671325
0.1781590518438609 0.2426136082927093
0.193005639497516 0.27185928897533645
0.2078522271511711 0.27084802165452404
0.2226988148048261 0.27671299474796
0.2375454024584812 0.28683070673566446
0.2523919901121363 0.29417147822645934
0.2672385777657914 0.32144191878296796
0.2820851654194464 0.294875361195689
0.2969317530731015 0.3253635436043479
0.3117783407267566 0.3464922208828142
0.3266249283804117 0.3438536180978565
0.3414715160340667 0.3742618366773919
0.3563181036877218 0.35492648767736995
0.3711646913413769 0.3818610046466116
0.386011278995032 0.3806611640552493
0.4008578666486871 0.3930005532741304
0.4157044543023422 0.39720711141940135
0.4305510419559972 0.4040842301989117
0.4453976296096523 0.416486831302237
0.4602442172633073 0.4060568068599966
0.4750908049169624 0.4269207541305625
0.4899373925706175 0.4565344988909366
0.5047839802242726 0.4453565917544159
0.5196305678779276 0.4364304629152144
0.5344771555315827 0.4312823405292493
0.5493237431852378 0.4467321558655684
0.5641703308388929 0.4496910031726267
0.579016918492548 0.48029293598824424
0.593863506146203 0.4792785711314904
0.6087100937998581 0.4692529809105573
0.6235566814535132 0.48830274244701594
0.6384032691071683 0.47768495173389736
0.6532498567608234 0.49052290296977635
0.6680964444144785 0.5269605390257887
0.6829430320681334 0.492486172917201
0.6977896197217885 0.5063059487848246
0.7126362073754436 0.5154260345241658
0.7274827950290987 0.5141315753288888
0.7423293826827538 0.5220678205193019
0.7571759703364088 0.522986397715355
0.7720225579900639 0.5309537557043396
0.786869145643719 0.5378348815556836
0.8017157332973741 0.5034328874412183
0.8165623209510292 0.5297745703205647
0.8314089086046843 0.5405728598552834
0.8462554962583393 0.5559117053411416
0.8611020839119944 0.5434212770062701
0.8759486715656495 0.5403493397323622
0.8907952592193046 0.562222422302401
0.9056418468729597 0.552755066514663
0.9204884345266147 0.566356054624726
0.9353350221802698 0.5487804665385586
0.9501816098339249 0.5609265607070449
0.96502819748758 0.5649746813258378
0.979874785141235 0.5704552149655744
0.99472137279489 0.5660348577466545
1.0095679604485452 0.5648585177934659
1.0244145481022002 0.5984300047081593
1.0392611357558552 0.5648904744088168
1.0541077234095104 0.5959127890589658
1.0689543110631654 0.5784726160955047
1.0838008987168206 0.594773555277282
1.0986474863704756 0.5943489530270036
1.1134940740241306 0.5878762498194691
1.1283406616777858 0.5987666713570081
1.1431872493314408 0.5918514879448097
1.158033836985096 0.581948802842569
1.172880424638751 0.5844187923133806
1.187727012292406 0.5957087708412009
1.2025735999460612 0.6214289166446586
1.2174201875997162 0.5906894742647223
1.2322667752533714 0.6032384178332469
1.2471133629070263 0.5922019483790631
1.2619599505606816 0.5976425574356848
1.2768065382143365 0.595385913609359
1.2916531258679915 0.5982576239020797
1.3064997135216467 0.6017736795568198
1.3213463011753017 0.5906145811946776
1.336192888828957 0.630196857925188
1.351039476482612 0.6062988292549891
1.365886064136267 0.6061634983399143
1.380732651789922 0.6093648924188081
1.395579239443577 0.6101377562003425
1.4104258270972323 0.6020878025701794
1.4252724147508873 0.616307544697063
1.4401190024045423 0.6078376371644507
1.4549655900581975 0.6340541344502975
1.4698121777118525 0.6012084676143644
1.4846587653655077 0.6062861595032552
1.4995053530191627 0.6263635050073034
1.5143519406728176 0.6303018869237113
1.5291985283264729 0.608010439361311
1.5440451159801278 0.6268700929954143
1.558891703633783 0.6134573982903093
1.573738291287438 0.6130315079030892
1.588584878941093 0.6109650771542552
1.6034314665947482 0.611132004832724
1.6182780542484032 0.6174948569994054
1.6331246419020584 0.6118208849291599
1.6479712295557134 0.6175081520292579
1.6628178172093686 0.6151360934262103
1.6776644048630236 0.6162091893277051
1.6925109925166786 0.6310012064777196
1.7073575801703338 0.61637203601663
1.7222041678239888 0.6449953469472665
1.737050755477644 0.6461390598344422
1.751897343131299 0.6404659889745651
1.766743930784954 0.6389352007774358
1.7815905184386092 0.6380300406044794
1.7964371060922641 0.6408678814731066
1.8112836937459194 0.6562117471650118
1.8261302813995743 0.6393512851127812
1.8409768690532293 0.633246202053318
1.8558234567068845 0.6686648037563296
1.8706700443605395 0.6584827626337831
1.8855166320141947 0.6439453933912783
1.9003632196678497 0.6748867916112529
1.9152098073215047 0.6763528715254428
1.93005639497516 0.6770546952494103
1.944902982628815 0.6728903482542319
1.95974957028247 0.6772170799782992
1.974596157936125 0.6888656185436098
1.98944274558978 0.6874832431106467
2.004289333243435 0.6974637331804114
2.0191359208970905 0.7049734278658194
2.0339825085507455 0.7230685488724964
2.0488290962044005 0.7245812722879132
2.0636756838580554 0.7379061749490445
2.0785222715117104 0.719648337521121
2.093368859165366 0.7373918120017567
2.108215446819021 0.731079906636336
2.123062034472676 0.7589720762429367
2.137908622126331 0.7488412942461428
2.152755209779986 0.7630751047523171
2.1676017974336412 0.7530557925034147
2.182448385087296 0.7599558122579189
2.197294972740951 0.7807398085392049
2.212141560394606 0.7835158971159119
2.226988148048261 0.772775460411484
2.2418347357019166 0.7873301235047179
2.2566813233555716 0.7924748410779642
2.2715279110092266 0.8134616133726821
2.2863744986628816 0.825189359402482
2.3012210863165365 0.8234710974118263
2.316067673970192 0.8346661671446399
2.330914261623847 0.8380514365248267
2.345760849277502 0.822164684460064
2.360607436931157 0.8237267953419196
2.375454024584812 0.8467174404342513
2.3903006122384673 0.8566620042938373
2.4051471998921223 0.8268531558985236
2.4199937875457773 0.8307950796970547
2.4348403751994323 0.8519714675667972
2.4496869628530877 0.8427834217989607
2.4645335505067427 0.8484686873628418
2.4793801381603977 0.8301730018498295
2.4942267258140527 0.8586445292488709
2.5090733134677077 0.838656073615093
2.523919901121363 0.8282933029771132
2.538766488775018 0.8462966999288914
2.553613076428673 0.8262813200827109
2.568459664082328 0.8345695952875459
2.583306251735983 0.8273990409432969
2.5981528393896385 0.8285838217653959
2.6129994270432935 0.8209628674117438
2.6278460146969485 0.8206732014633997
2.6426926023506034 0.8354889573062254
2.6575391900042584 0.8051112252227711
2.672385777657914 0.8031452641079864
2.687232365311569 0.815056171386129
2.702078952965224 0.805963410376529
2.716925540618879 0.7982520087334796
2.731772128272534 0.7996793833197547
2.7466187159261892 0.7928357457830936
2.761465303579844 0.7997193675004246
2.776311891233499 0.7936237541874336
2.791158478887154 0.7938576196249579
2.806005066540809 0.796854197089245
2.8208516541944646 0.7930787296769403
2.8356982418481196 0.7944733075084348
2.8505448295017746 0.8100678959752559
2.8653914171554296 0.8123151584928148
2.8802380048090845 0.8013876898851053
2.89508459246274 0.808395357994094
2.909931180116395 0.8173588257116222
2.92477776777005 0.8081069839371016
2.939624355423705 0.8061824531168005
2.95447094307736 0.8197844827089955
2.9693175307310153 0.8301037405019821
2.9841641183846703 0.8321586049222585
2.9990107060383253 0.8466373703517028
3.0138572936919803 0.8373765212942187
3.0287038813456353 0.854596931955635
3.0435504689992907 0.8518876927866083
3.0583970566529457 0.8539988725336654
3.0732436443066007 0.8616878066556425
3.0880902319602557 0.8680370772865692
3.1029368196139107 0.8653358662986197
3.117783407267566 0.8623001173855545
3.132629994921221 0.8740746087645804
3.147476582574876 0.8763061633809763
3.162323170228531 0.8814075530194481
3.177169757882186 0.8868947689875539
3.1920163455358415 0.867619440426264
3.2068629331894964 0.8952953526200623
3.2217095208431514 0.9155663746229521
3.2365561084968064 0.9186865435445026
3.2514026961504614 0.9050302280855934
3.266249283804117 0.9051112183127188
3.281095871457772 0.9257325438156178
3.295942459111427 0.931526326296207
3.310789046765082 0.9471741789108873
3.325635634418737 0.9233894651157832
3.340482222072392 0.9278567520282347
3.355328809726047 0.9489968967522046
3.370175397379702 0.9499771922523563
3.385021985033357 0.9626947870701523
3.3998685726870126 0.9614439423936405
3.4147151603406676 0.9630215874085829
3.4295617479943226 0.9821674769572689
3.4444083356479775 0.931001618660076
3.4592549233016325 0.959717069896372
3.474101510955288 0.9620723356310583
3.488948098608943 0.9523120912947186
3.503794686262598 0.9701986971423905
3.518641273916253 0.9535839737609945
3.533487861569908 0.9751218925707469
3.5483344492235633 0.9798571103675942
3.5631810368772183 0.97694816744047
3.5780276245308733 0.9767746796517371
3.5928742121845283 0.9906676726361653
3.6077207998381833 0.9935399407504902
3.6225673874918387 0.9856257590658692
3.6374139751454937 0.9975488314010407
3.6522605627991487 0.973299809624073
3.6671071504528037 0.9884956997161304
3.6819537381064587 0.9931932474209748
3.696800325760114 0.9844980363480699
3.711646913413769 0.9891980165588984
3.726493501067424 0.9991211561727955
3.741340088721079 0.9958841036318377
3.756186676374734 0.9722252024163258
3.7710332640283895 0.9971601035359069
3.7858798516820444 1.0068894011534588
3.8007264393356994 0.9804395063681998
3.8155730269893544 1.0014185854788826
3.8304196146430094 0.9945740497083891
3.845266202296665 0.979636740566802
3.86011278995032 0.990812054787078
3.874959377603975 0.979924522587274
3.88980596525763 0.987673862934466
3.9046525529112848 0.9877154386693142
3.91949914056494 1.0244744717146261
3.934345728218595 0.9936918813862197
3.94919231587225 0.999694337720563
3.964038903525905 0.9903251655514917
3.97888549117956 0.9852013388227207
3.9937320788332156 0.9931255782204346
4.00857866648687 1.0009648823881092
4.023425254140526 1.003435840629448
4.038271841794181 0.9903510125176749
4.053118429447836 1.0151619832695316
4.067965017101491 0.9928848807531838
4.082811604755146 1.011038077192825
4.097658192408801 0.9715876097670839
4.112504780062456 1.0017495032181645
4.127351367716111 1.0017759518992693
4.142197955369766 1.0299790067256263
4.157044543023421 1.0051887147304743
4.171891130677077 1.0238423396471854
4.186737718330732 1.0119542064589762
4.201584305984387 1.0139488588493268
4.216430893638042 1.0219442478811573
4.231277481291697 1.0151029124622997
4.246124068945352 1.0211485243063492
4.260970656599007 1.0404934511405997
4.275817244252662 1.0610947896370717
4.290663831906317 1.0469347168120884
4.305510419559972 1.0487271074590903
4.3203570072136275 1.049905906919397
4.3352035948672825 1.0588390096013192
4.3500501825209374 1.0461861111455335
4.364896770174592 1.0723955781407761
4.379743357828247 1.0629177604372262
4.394589945481902 1.0656455214090672
4.409436533135557 1.0558297631474367
4.424283120789212 1.0716985702472281
4.439129708442867 1.0685917162039333
4.453976296096522 1.0753498904263241
4.468822883750178 1.0731627483861674
4.483669471403833 1.0752241279781187
4.498516059057488 1.0764416849275036
4.513362646711143 1.0758193609514821
4.528209234364798 1.1042114975442847
4.543055822018453 1.0928565681702822
4.557902409672108 1.1079914090200438
4.572748997325763 1.0944763404928959
4.587595584979418 1.089596366043457
4.602442172633073 1.0922595330662956
4.617288760286729 1.0995203309566792
4.632135347940384 1.0987784164826808
4.646981935594039 1.0833884965290217
4.661828523247694 1.1009591030700188
4.676675110901349 1.094927456511689
4.691521698555004 1.0952731544332999
4.706368286208659 1.0992502691035955
4.721214873862314 1.0898042696692043
4.736061461515969 1.084978289192507
4.750908049169624 1.1189765077965055
4.76575463682328 1.0966114925165027
4.780601224476935 1.0921032541166729
4.79544781213059 1.0616932049189811
4.810294399784245 1.0846412255739128
4.8251409874379 1.085508067437269
4.839987575091555 1.0832517182209256
4.85483416274521 1.0724752933343498
4.869680750398865 1.084452062217896
4.88452733805252 1.0681149925264843
4.8993739257061755 1.0756284571651806
4.9142205133598305 1.0644017133689614
4.929067101013485 1.090554898299427
4.94391368866714 1.0783822457393384
4.958760276320795 1.0554073694776085
4.97360686397445 1.064581751005292
4.988453451628105 1.0662708674146868
5.00330003928176 1.0456241396346275
5.018146626935415 1.0546880844773194
5.03299321458907 1.055327238906005
5.047839802242726 1.0486999878481378
5.062686389896381 1.0559907132995543
5.077532977550036 1.0557606633277243
5.092379565203691 1.0606205574896292
5.107226152857346 1.052430426098326
5.122072740511001 1.0542819245264115
5.136919328164656 1.03541267174125
5.151765915818311 1.0461305369932812
5.166612503471966 1.0473196531514672
5.181459091125621 1.0405851569172115
5.196305678779277 1.0440164532250191
5.211152266432932 1.0564072174082697
5.225998854086587 1.0407274929951584
5.240845441740242 1.0572670949479321
5.255692029393897 1.0429303199852753
5.270538617047552 1.053102336626663
5.285385204701207 1.0436761865618107
5.300231792354862 1.0607658133586224
5.315078380008517 1.0755261714783293
5.329924967662172 1.0504674779107477
5.344771555315828 1.059128289343931
5.359618142969483 1.0681422706349897
5.374464730623138 1.0809509407974809
5.389311318276793 1.0815221601438698
5.404157905930448 1.0912974179211223
5.419004493584103 1.0846032055434083
5.433851081237758 1.0569232684799685
5.448697668891413 1.0900904878213005
5.463544256545068 1.0750539943087827
5.478390844198723 1.083536572387743
5.4932374318523784 1.0651101381737464
5.508084019506033 1.08418020131218
5.522930607159688 1.0701793587618098
5.537777194813343 1.0729050570134147
5.552623782466998 1.0858949317314583
5.567470370120653 1.0810377472910757
5.582316957774308 1.0839520026811034
5.597163545427963 1.0699802839361385
5.612010133081618 1.0787892955322314
5.626856720735273 1.0770178514794329
5.641703308388929 1.0947986277998445
5.656549896042584 1.0938106811630082
5.671396483696239 1.0865233906276828
5.686243071349894 1.0907887564380627
5.701089659003549 1.0761333546498362
5.715936246657204 1.0870281563693858
5.730782834310859 1.0842183122265534
5.745629421964514 1.088778794113196
5.760476009618169 1.0901143645397626
5.775322597271825 1.0854519597028818
5.79016918492548 1.0736066512576856
5.805015772579135 1.0673027189118829
5.81986236023279 1.0648419540377618
5.834708947886445 1.0683493963580823
5.8495555355401 1.0832486712057199
5.864402123193755 1.0733663310637016
5.87924871084741 1.0835507544153418
5.894095298501065 1.05158006454852
5.90894188615472 1.0629289865635392
5.923788473808376 1.059586640242199
5.938635061462031 1.0784092872777353
5.953481649115686 1.05939671145309
5.968328236769341 1.0504857890623645
5.983174824422996 1.0530533204720878
5.998021412076651 1.0386640043423405
6.012867999730306 1.0381956392031098
6.027714587383961 1.0421651796289486
6.042561175037616 1.0550610205519548
6.057407762691271 1.0348787588327566
6.072254350344926 1.028020266727466
6.087100937998581 1.025012369378311
6.101947525652236 1.0372358231959091
6.116794113305891 1.0462093940285322
6.131640700959546 1.0251471416599427
6.146487288613201 1.0260815620374741
6.161333876266856 1.0273959298929065
6.176180463920511 1.028370888507333
6.191027051574166 1.0142585494481673
6.205873639227821 1.0251059367713757
6.220720226881477 1.0322739675955581
6.235566814535132 1.0047459840361193
6.250413402188787 1.0197511211151737
6.265259989842442 1.011566781221038
6.280106577496097 1.0119986674321477
6.294953165149752 1.0045641747341716
6.309799752803407 1.0065262112685522
6.324646340457062 1.0235577143632584
6.339492928110717 1.0131030449011211
6.354339515764372 0.9922918440460355
6.369186103418028 1.0030640933448332
6.384032691071683 1.0205408846544657
6.398879278725338 1.0018960089918354
6.413725866378993 0.9966456366804803
6.428572454032648 1.0131419438487839
6.443419041686303 0.9926140122856557
6.458265629339958 1.0046635876635246
6.473112216993613 1.0122254410278944
6.487958804647268 1.0230608927447646
6.502805392300923 1.0323509132886157
6.517651979954579 1.0209159148508749
6.532498567608234 1.0003821460843014
6.547345155261889 1.0073566933994504
6.562191742915544 1.0128978750163597
6.577038330569199 1.0002013254361692
6.591884918222854 1.0216142495136344
6.606731505876509 1.014050836251726
6.621578093530164 1.0163034149112673
6.636424681183819 1.0189510563516049
6.651271268837474 1.0101567320612779
6.666117856491129 1.0115099029285761
6.680964444144784 1.0267925586947455
6.695811031798439 1.0182258909982176
6.710657619452094 1.0119926380360813
6.725504207105749 1.0161419437388859
6.740350794759404 1.012620783010171
6.755197382413059 1.0188939301501034
6.770043970066714 1.0374668264663665
6.784890557720369 1.0215078965600564
6.799737145374025 1.0108165536587046
6.81458373302768 1.0207674740552315
6.829430320681335 1.0170724742187518
6.84427690833499 1.029110772116184
6.859123495988645 1.026363254175314
6.8739700836423 1.0002338988769772
6.888816671295955 1.0033611180481405
6.90366325894961 1.0210716078648165
6.918509846603265 0.9965724204957255
6.93335643425692 1.014307041549348
6.948203021910576 1.0070762697039348
6.963049609564231 1.0080294519754556
6.977896197217886 1.013198366011177
6.992742784871541 0.999417010011479
7.007589372525196 1.0062056672580972
7.022435960178851 0.9934987346893047
7.037282547832506 1.001111675519895
7.052129135486161 1.001182326872942
7.066975723139816 0.9966875155021359
7.081822310793471 0.9889959316259247
7.096668898447127 1.0073911615399198
7.111515486100782 0.9911061227263656
7.126362073754437 0.9965023747839462
7.141208661408092 0.9775909520609759
7.156055249061747 0.9887163158115418
7.170901836715402 0.9870671669714403
7.185748424369057 0.9815333796579246
7.200595012022712 0.9750049329394014
7.215441599676367 0.997713531662876
7.2302881873300215 0.9880744664364013
7.245134774983677 0.9709104739743794
7.259981362637332 0.9722335738630072
7.274827950290987 0.9742629179701255
7.289674537944642 0.9627600926789515
7.304521125598297 0.978746824182181
7.319367713251952 0.9740858971964602
7.334214300905607 0.9820323974884674
7.349060888559262 0.9660383636979499
7.363907476212917 0.9617825751982071
7.378754063866572 0.9721949907814099
7.393600651520228 0.9674670215407748
7.408447239173883 0.9642201618377049
7.423293826827538 0.9631433293236685
7.438140414481193 0.9687059954199735
7.452987002134848 0.9570888887815812
7.467833589788503 0.9568399469703476
7.482680177442158 0.9578173848275457
7.497526765095813 0.9628601474491479
7.512373352749468 0.9673811836578502
7.527219940403123 0.9711933962643948
7.542066528056779 0.9551842927070334
7.556913115710434 0.9759658052317306
7.571759703364089 0.9579646683535644
7.586606291017744 0.9730326119262407
7.601452878671399 0.9775555583197455
7.616299466325054 0.9690656654418782
7.631146053978709 0.9617654822840759
7.645992641632364 0.9730345675028242
7.660839229286019 0.9478699194511946
7.675685816939675 0.9531547304525164
7.69053240459333 0.9778327850151561
7.705378992246985 0.9687892020304422
7.72022557990064 0.9650414739635121
7.735072167554295 0.9672134897966582
7.74991875520795 0.9611540253708075
7.764765342861605 0.9782310204305151
7.77961193051526 0.965967518185865
7.7944585181689146 0.9747636451660422
7.8093051058225695 0.989145546396966
7.824151693476225 0.9850370441385178
7.83899828112988 0.9746597118649795
7.853844868783535 0.9881907523635828
7.86869145643719 0.9862655985261064
7.883538044090845 0.9819186427433784
7.8983846317445 0.987664198175134
7.913231219398155 0.998313927009791
7.92807780705181 0.9753950203213458
7.942924394705465 0.9813512600406857
7.95777098235912 0.9756310728351525
7.972617570012776 0.9708157736719685
7.987464157666431 0.9969632427050452
8.002310745320086 0.9850616875678593
8.01715733297374 0.989698705134402
8.032003920627396 0.9914320147608391
8.046850508281052 0.9827428940830885
8.061697095934706 0.9904424177771946
8.076543683588362 0.9795685510056839
8.091390271242016 0.9749506011730414
8.106236858895672 1.005101031008356
8.121083446549326 0.9851047837892448
8.135930034202982 0.974838664368154
8.150776621856636 0.97952119024221
8.165623209510292 0.9777047713184326
8.180469797163946 0.9820951988820527
8.195316384817602 0.9845707908761124
8.210162972471258 0.9621913562662284
8.225009560124912 0.9696799000634205
8.239856147778568 0.9693290978809384
8.254702735432222 0.9679363174905508
8.269549323085878 0.9690464390619339
8.284395910739532 0.9608747301506102
8.299242498393188 0.9805715344312298
8.314089086046842 0.96991963852729
8.328935673700498 0.9698182165005558
8.343782261354153 0.9551209530883171
8.358628849007808 0.9728283625220677
8.373475436661463 0.9614983012964287
8.388322024315118 0.9571026494276087
8.403168611968773 0.9669554033639026
8.418015199622428 0.9606452165706587
8.432861787276083 0.9575309762361935
8.447708374929737 0.9606352453727175
8.462554962583393 0.9632490887069767
8.477401550237047 0.9494070411402543
8.492248137890703 0.9500091719917138
8.50709472554436 0.9597407960781789
8.521941313198013 0.9435648025628491
8.53678790085167 0.9671544179980905
8.551634488505323 0.9532694737809452
8.56648107615898 0.9471823356319806
8.581327663812633 0.9595679507532895
8.596174251466289 0.958781515983221
8.611020839119943 0.961894883027141
8.625867426773599 0.9530310841927916
8.640714014427255 0.9674066842410995
8.655560602080909 0.9498361992772626
8.670407189734565 0.9559939461592226
8.685253777388219 0.9569792011068654
8.700100365041875 0.9628724240711952
8.714946952695529 0.955797905935568
8.729793540349185 0.962543279712399
8.744640128002839 0.9669750729808055
8.759486715656495 0.9628032632377396
8.77433330331015 0.958004071588898
8.789179890963805 0.9591309581499233
8.80402647861746 0.9737650641398263
8.818873066271115 0.9686332787635658
8.83371965392477 0.9588784606677736
8.848566241578425 0.9593374198056213
8.86341282923208 0.9761020833234597
8.878259416885735 0.9616112312585767
8.89310600453939 0.9721656354013594
8.907952592193045 0.9766718799713264
8.9227991798467 0.9670636196525128
8.937645767500356 0.9731532607088654
8.95249235515401 0.9675445417497881
8.967338942807666 0.9632907739364358
8.98218553046132 0.9616729335083994
8.997032118114976 0.9848741448662187
9.01187870576863 0.9929134639794487
9.026725293422286 0.9783830680604123
9.04157188107594 0.9825757004098213
9.056418468729596 0.9783503216122647
9.071265056383252 0.9892678823302801
9.086111644036906 0.9894722209573693
9.100958231690562 0.987170396045223
9.115804819344216 0.9799358613213456
9.130651406997872 0.9804318556013987
9.145497994651526 1.0007876253640131
9.160344582305182 1.0029862427520138
9.175191169958836 0.9858286761486951
9.190037757612492 0.9823894353643355
9.204884345266146 0.9894854789659747
9.219730932919802 0.9896618031183195
9.234577520573458 0.9820273039757552
9.249424108227112 0.9882315613906023
9.264270695880768 0.9756879898645417
9.279117283534422 0.9842642753618233
9.293963871188078 0.9809416694401881
9.308810458841732 0.9874960383133206
9.323657046495388 1.001191823295915
9.338503634149042 0.9777714212119979
9.353350221802698 0.9776155613983823
9.368196809456354 0.9820541754205434
9.383043397110008 0.9714892256845442
9.397889984763664 0.9925106329208895
9.412736572417318 0.9966691955318517
9.427583160070974 0.9821817426722823
9.442429747724628 0.9867880044811299
9.457276335378284 0.9871106240772999
9.472122923031938 0.9715375218105257
9.486969510685594 0.9935353584372761
9.501816098339248 0.9743646722335648
9.516662685992904 0.9790592256854254
9.53150927364656 0.9915086506393628
9.546355861300214 0.9710669598592142
9.56120244895387 0.9723502929886306
9.576049036607523 0.9846990101144873
9.59089562426118 0.9774412609139673
9.605742211914833 0.9817774822390758
9.62058879956849 0.9880605549213581
9.635435387222143 0.9685464647649464
9.6502819748758 0.9739046852759634
9.665128562529455 0.9828095788363765
9.67997515018311 0.983003691987689
9.694821737836765 0.9666492521269726
9.70966832549042 0.9724171328274743
9.724514913144075 0.977535500478648
9.73936150079773 0.9814576364026657
9.754208088451385 0.9772256133969159
9.76905467610504 0.9817470060160647
9.783901263758695 0.980910037332173
9.798747851412351 0.9885643553159169
9.813594439066005 0.9774056427418746
9.828441026719661 0.9908384408506907
9.843287614373315 0.9954675128263424
9.85813420202697 0.9899125052082738
9.872980789680625 0.98941154547498
9.88782737733428 0.9875147577764073
9.902673964987935 0.975444300816821
9.91752055264159 1.0006894114242442
9.932367140295245 0.9921209989884987
9.9472137279489 0.9936696065743513
9.962060315602557 0.9947100778266865
9.97690690325621 0.988293891156046
9.991753490909867 1.0041184859112773
10.00660007856352 0.9860816021015885
10.021446666217177 0.9959876659322564
10.03629325387083 1.0016853195537132
10.051139841524487 0.9999359144147294
10.06598642917814 1.0076318451452004
10.080833016831797 0.9981605933542294
10.095679604485452 0.993117838115946
10.110526192139107 1.0025797873289959
10.125372779792762 1.009949195409157
10.140219367446416 1.009159660163478
10.155065955100072 1.0128754836753036
10.169912542753726 1.0031079383985684
10.184759130407382 1.0210856846599288
10.199605718061036 1.0220087537734817
10.214452305714692 1.0219219724432627
10.229298893368346 1.0192276148400343
10.244145481022002 1.027908989377143
10.258992068675658 1.0055247560222442
10.273838656329312 1.0091508324896008
10.288685243982968 1.0259973714865183
10.303531831636622 1.0080168576091333
10.318378419290278 1.0150303359702395
10.333225006943932 1.0159516651712819
10.348071594597588 1.0171967248315041
10.362918182251242 1.0223808625152466
10.377764769904898 1.0156420491064695
10.392611357558554 1.0197760114831262
10.407457945212208 1.0285140841269238
10.422304532865864 1.020318348742766
10.437151120519518 1.0216080745009992
10.451997708173174 1.0135541084346393
10.466844295826828 1.0186890103359734
10.481690883480484 1.0176096554209528
10.496537471134138 1.0109611216580618
10.511384058787794 1.0140384275230196
10.52623064644145 1.0170851148786144
10.541077234095104 1.0166997490510672
10.55592382174876 1.0048033772461782
10.570770409402414 1.0138158577179022
10.58561699705607 1.0113339489580053
10.600463584709724 1.0086176300977696
10.61531017236338 1.0095506914404802
10.630156760017034 1.0261871906865971
10.64500334767069 1.0069865142006977
10.659849935324344 1.011395754190153
10.674696522978 1.007717889647761
10.689543110631655 1.017250510746837
10.70438969828531 1.0087035256462693
10.719236285938965 1.0133683825978368
10.73408287359262 1.0126543109006796
10.748929461246275 1.0101575573173334
10.76377604889993 1.0096024997908541
10.778622636553585 1.0004968766765279
10.79346922420724 0.996953584833801
10.808315811860895 1.02075706183948
10.823162399514551 1.0146481472059896
10.838008987168205 1.0030495161991597
10.852855574821861 1.0050274218251385
10.867702162475515 0.9975635158439422
10.882548750129171 0.999437434998646
10.897395337782825 1.0075862063422998
10.912241925436481 1.0040039079943999
10.927088513090135 1.0128591352014746
10.941935100743791 1.0005280954205127
10.956781688397445 1.0047564735495358
10.971628276051101 1.0072449349474801
10.986474863704757 1.0065633912926992
11.001321451358411 1.0107127213874703
11.016168039012067 1.0038537076466663
11.031014626665721 1.002782295865831
11.045861214319377 1.0022036881995717
11.060707801973031 1.0156370962989463
11.075554389626687 1.0206883863428229
11.090400977280341 1.001520604472566
11.105247564933997 1.0031791021502852
11.120094152587653 1.014753327796226
11.134940740241307 1.0130601772476764
11.149787327894963 1.0158222103791152
11.164633915548617 1.0112026934829517
11.179480503202273 1.0174212015568664
11.194327090855927 1.0216310105290967
11.209173678509583 1.0285662024322044
11.224020266163237 1.0293118508119805
11.238866853816893 1.032495662959572
11.253713441470547 1.028023761155025
11.268560029124203 1.0311999055000218
11.283406616777858 1.0203669674457418
11.298253204431512 1.024114314076978
11.313099792085168 1.0199702715969023
11.327946379738822 1.0330558041882403
11.342792967392478 1.0273326333338233
11.357639555046132 1.0268193804621564
11.372486142699788 1.0131481659223573
11.387332730353442 1.0404350092045347
11.402179318007098 1.0308240648723304
11.417025905660754 1.0280857002533914
11.431872493314408 1.0390234137429244
11.446719080968064 1.0454417485828316
11.461565668621718 1.0265683330471977
11.476412256275374 1.0249130048685358
11.491258843929028 1.0301738484351581
11.506105431582684 1.01746609577359
11.520952019236338 1.0259912172332855
11.535798606889994 1.0168162062767085
11.55064519454365 1.0299792755808974
11.565491782197304 1.0288500747596314
11.58033836985096 1.029532975392759
11.595184957504614 1.031282566178153
11.61003154515827 1.0291420303450434
11.624878132811924 1.0249267675768727
11.63972472046558 1.0135564194994524
11.654571308119234 1.029894937718965
11.66941789577289 1.0277993239449348
11.684264483426544 1.0224604192312678
11.6991110710802 1.0134247676835848
11.713957658733856 1.0257193702487326
11.72880424638751 1.0141507169666397
11.743650834041166 1.0341554851210488
11.75849742169482 1.0241054275177626
11.773344009348476 1.0150144324892767
11.78819059700213 1.0228924176826846
11.803037184655786 1.0188254856378793
11.81788377230944 1.0202916150542791
11.832730359963096 1.016434351096492
11.847576947616751 1.0253196239928564
11.862423535270405 1.0079520488796465
11.877270122924061 1.0225646415875491
11.892116710577715 1.0132524879175286
11.906963298231371 1.0196981744614035
11.921809885885025 1.0143149598917327
11.936656473538681 1.0062625560978804
11.951503061192335 1.0151118530292333
11.966349648845991 1.0011130942997
11.981196236499645 1.001022301196
11.996042824153301 1.0105419223483552
12.010889411806957 1.0062057386049743
12.025735999460611 1.0061538283767202
12.040582587114267 1.0083631746743524
12.055429174767921 1.0132933017879944
12.070275762421577 1.0085047764142216
12.085122350075231 1.0016952706117943
12.099968937728887 1.015759289410997
12.114815525382541 1.0131875406972943
12.129662113036197 1.0113251361963966
12.144508700689853 0.9912230983738846
12.159355288343507 1.0171463676663124
12.174201875997163 1.0156662945121797
12.189048463650817 1.019324765759079
12.203895051304473 1.0042280251855356
12.218741638958127 1.0161857683809794
12.233588226611783 1.0042866808379558
12.248434814265437 1.0176711873776754
12.263281401919093 1.0183331965898539
12.278127989572747 1.005911947053052
12.292974577226403 1.0105332259719544
12.307821164880059 1.0053619939863547
12.322667752533713 1.0146492997315357
12.337514340187369 1.004063078831714
12.352360927841023 0.9975594621814451
12.367207515494679 1.023844833381702
12.382054103148333 1.0075700715241014
12.396900690801989 1.0147322816577882
12.411747278455643 1.0059762855073864
12.426593866109299 1.009046037461946
12.441440453762954 1.0181079965645956
12.456287041416608 1.0193815348696462
12.471133629070264 1.0090875319174906
12.485980216723918 1.0205754100872855
12.500826804377574 1.0206144904514922
12.515673392031228 1.0230508912331926
12.530519979684884 1.0187714735874027
12.545366567338538 1.0122060735366403
