k*sigma_0 S(k)

0.0229429488381818 0.017051850472405043
0.0458858976763637 0.04536822413562834
0.0688288465145455 0.060182470146557185
0.0917717953527273 0.0908437482929729
0.1147147441909091 0.09998235621626123
0.137657693029091 0.10002981137191629
0.1606006418672728 0.12336545758741717
0.1835435907054546 0.1326689321287401
0.2064865395436364 0.13024790954161536
0.2294294883818183 0.1546386021178886
0.2523724372200001 0.14859861313820447
0.275315386058182 0.15626629165245726
0.2982583348963638 0.15588423420298464
0.3212012837345456 0.15997460895202345
0.3441442325727274 0.159570539758518
0.3670871814109092 0.17648344177159203
0.3900301302490911 0.17638846788564846
0.4129730790872729 0.1781103418631031
0.4359160279254547 0.19040089736343593
0.4588589767636365 0.18853111697319044
0.4818019256018184 0.1956159005695501
0.5047448744400002 0.2004068327109464
0.527687823278182 0.20374068558057154
0.5506307721163639 0.20458306293359896
0.5735737209545457 0.2095398523714619
0.5965166697927275 0.20555604132710917
0.6194596186309094 0.2046663130861497
0.6424025674690912 0.20999620690003137
0.665345516307273 0.20909332434335506
0.6882884651454548 0.21562616594124004
0.7112314139836367 0.22921336101335135
0.7341743628218185 0.22586544105041478
0.7571173116600003 0.2186705954987353
0.7800602604981821 0.22388345181462596
0.8030032093363639 0.2329868043915271
0.8259461581745458 0.23809527439360834
0.8488891070127276 0.23825667078985835
0.8718320558509094 0.23973204128269027
0.8947750046890912 0.23640464512309542
0.917717953527273 0.2328407464374645
0.940660902365455 0.24002850524622785
0.9636038512036368 0.2385688249914262
0.9865468000418186 0.24740723077104293
1.0094897488800003 0.24576090328694647
1.0324326977181821 0.25745382111622833
1.055375646556364 0.25721894740085705
1.0783185953945458 0.25454546412559703
1.1012615442327278 0.2518908423705555
1.1242044930709096 0.25147515309497637
1.1471474419090915 0.2659861259930163
1.1700903907472733 0.27015454435846215
1.193033339585455 0.2489278506795836
1.215976288423637 0.26777060959912286
1.2389192372618187 0.2726317563776558
1.2618621861000006 0.2545681321548605
1.2848051349381824 0.26833147826542725
1.3077480837763642 0.26905937543344005
1.330691032614546 0.26553295653804054
1.3536339814527278 0.2674196988088301
1.3765769302909097 0.2713726549945666
1.3995198791290915 0.27004885472768225
1.4224628279672733 0.2732511578899744
1.4454057768054551 0.26681349294003426
1.468348725643637 0.28058848526646424
1.4912916744818188 0.28135490479021213
1.5142346233200006 0.28715105987869993
1.5371775721581824 0.28667646628374566
1.5601205209963642 0.28894470505070197
1.583063469834546 0.28634422445269525
1.6060064186727279 0.291533814122914
1.6289493675109097 0.292496008610445
1.6518923163490915 0.2943301272577995
1.6748352651872733 0.3068852102678071
1.6977782140254551 0.30075855640965127
1.720721162863637 0.2940512186406609
1.7436641117018188 0.2974745079398376
1.7666070605400006 0.3048106555845664
1.7895500093781824 0.3131982619400726
1.8124929582163642 0.3072919496183019
1.835435907054546 0.32005197083025716
1.858378855892728 0.32384364949382444
1.88132180473091 0.32098822640968366
1.9042647535690918 0.32301809173816526
1.9272077024072736 0.3318271066542144
1.9501506512454554 0.32230831447595476
1.9730936000836372 0.328289781737361
1.996036548921819 0.3357636140186721
2.0189794977600006 0.33886512196149043
2.0419224465981825 0.34079648174554217
2.0648653954363643 0.3279778735140722
2.087808344274546 0.3317485970801496
2.110751293112728 0.35287933784878966
2.1336942419509097 0.3580894240089643
2.1566371907890916 0.3567370555895018
2.1795801396272734 0.352958011557351
2.2025230884654556 0.35697275608443885
2.2254660373036375 0.36296344113644374
2.2484089861418193 0.36857982524943805
2.271351934980001 0.3693657244760869
2.294294883818183 0.3729113594239814
2.3172378326563647 0.37250700049397006
2.3401807814945466 0.37657477081691826
2.3631237303327284 0.38032646968497236
2.38606667917091 0.39363456544186726
2.409009628009092 0.3863726956097674
2.431952576847274 0.39257180519543805
2.4548955256854557 0.3966426371568931
2.4778384745236375 0.40492385838694195
2.5007814233618193 0.40464487370736274
2.523724372200001 0.4003168664830231
2.546667321038183 0.4225502323128464
2.5696102698763648 0.4164927302919045
2.5925532187145466 0.4323217979402652
2.6154961675527284 0.4179126318054252
2.63843911639091 0.4329689797348436
2.661382065229092 0.44353470770541414
2.684325014067274 0.4302537113122377
2.7072679629054557 0.4455904655243527
2.7302109117436375 0.44875568156892776
2.7531538605818193 0.45099405643920804
2.776096809420001 0.46758131990071217
2.799039758258183 0.47293295994114365
2.821982707096365 0.48425792148264213
2.8449256559345466 0.46725313490429893
2.8678686047727284 0.4823700442154803
2.8908115536109102 0.4850285692738543
2.913754502449092 0.4917570765847765
2.936697451287274 0.4992795846092152
2.9596404001254557 0.49496844842072857
2.9825833489636375 0.508953111721594
3.0055262978018193 0.519082111996614
3.028469246640001 0.514360563548353
3.051412195478183 0.545156474520571
3.074355144316365 0.5390108263654655
3.0972980931545466 0.5463657250336758
3.1202410419927284 0.5370431354136753
3.1431839908309103 0.5485456408306594
3.166126939669092 0.556662296930666
3.189069888507274 0.5719214004161914
3.2120128373454557 0.5642125390762437
3.2349557861836375 0.5756171113480254
3.2578987350218194 0.598424259076779
3.280841683860001 0.5955670096934894
3.303784632698183 0.6029038365684309
3.326727581536365 0.5940032848205359
3.3496705303745467 0.6277000646104887
3.3726134792127285 0.6310228013099993
3.3955564280509103 0.6309916692043918
3.418499376889092 0.6394910855007143
3.441442325727274 0.6486961197613609
3.4643852745654558 0.6654537276382889
3.4873282234036376 0.6663873559422315
3.5102711722418194 0.684273803642099
3.533214121080001 0.6869246558429396
3.556157069918183 0.6951700521913229
3.579100018756365 0.6877693309654235
3.6020429675945467 0.7265978567714585
3.6249859164327285 0.7215728584349955
3.6479288652709103 0.7348622936371961
3.670871814109092 0.7246353961500144
3.6938147629472744 0.754202658298955
3.716757711785456 0.7509706746627863
3.739700660623638 0.7576824609661287
3.76264360946182 0.7559067628633288
3.7855865583000017 0.7971968157161304
3.8085295071381835 0.8043664259400319
3.8314724559763653 0.799477802069467
3.854415404814547 0.8294073277210577
3.877358353652729 0.8205123929149495
3.900301302490911 0.8167285656730454
3.9232442513290926 0.8340354907512695
3.9461872001672744 0.8546656679061329
3.9691301490054562 0.8799332700603723
3.992073097843638 0.8664524387157215
4.015016046681819 0.8904714676829601
4.037958995520001 0.8861620301463681
4.060901944358183 0.9058673286192267
4.083844893196365 0.8954543322045665
4.106787842034547 0.9303108577796336
4.1297307908727285 0.9243852490983443
4.15267373971091 0.9512742271274238
4.175616688549092 0.9678394738584994
4.198559637387274 0.9350338718745124
4.221502586225456 0.9812160816090105
4.244445535063638 0.9814296629295871
4.2673884839018195 0.9799732967597686
4.290331432740001 0.9985163398593954
4.313274381578183 1.015727313372452
4.336217330416365 1.0364579313121045
4.359160279254547 1.03504673311945
4.382103228092729 1.0264270374288267
4.405046176930911 1.0400155465082261
4.427989125769093 1.0416736220875125
4.450932074607275 1.073153954033934
4.473875023445457 1.1018117875558429
4.4968179722836386 1.1021471429226188
4.51976092112182 1.109844671418602
4.542703869960002 1.1198550555122873
4.565646818798184 1.1367597953598663
4.588589767636366 1.143482523730016
4.611532716474548 1.174333004706035
4.6344756653127295 1.1616421640657835
4.657418614150911 1.1433257026203474
4.680361562989093 1.1562836345907632
4.703304511827275 1.1652610875127545
4.726247460665457 1.198122299770029
4.749190409503639 1.208145124754182
4.77213335834182 1.2146761414992648
4.795076307180002 1.2266693620788234
4.818019256018184 1.2194185465428966
4.840962204856366 1.237014830007831
4.863905153694548 1.2380703503853658
4.8868481025327295 1.2257737015689028
4.909791051370911 1.2289674444431875
4.932734000209093 1.2513940426717787
4.955676949047275 1.2540933780247399
4.978619897885457 1.2841548309742106
5.001562846723639 1.260477745962789
5.02450579556182 1.278849485460565
5.047448744400002 1.2633683168771799
5.070391693238184 1.265324454565128
5.093334642076366 1.3061881517542726
5.116277590914548 1.2837294298337363
5.1392205397527295 1.3028830913589253
5.162163488590911 1.2918880982043492
5.185106437429093 1.3119288340924486
5.208049386267275 1.3006388191241387
5.230992335105457 1.2962877099701242
5.253935283943639 1.3150214339362227
5.27687823278182 1.3297717694302316
5.299821181620002 1.2992757220394693
5.322764130458184 1.2889731594583433
5.345707079296366 1.3204323556249162
5.368650028134548 1.3008285370868196
5.3915929769727295 1.2872160019830763
5.414535925810911 1.3005833655578452
5.437478874649093 1.3078295091067358
5.460421823487275 1.3146067039646394
5.483364772325457 1.3302475688031956
5.506307721163639 1.3145367851542633
5.5292506700018205 1.3143217948221844
5.552193618840002 1.2961159287452537
5.575136567678184 1.2913311766363471
5.598079516516366 1.3260611826556605
5.621022465354548 1.3168231153331253
5.64396541419273 1.2816539547004027
5.666908363030911 1.3030765691667032
5.689851311869093 1.2940696205502185
5.712794260707275 1.280462303860842
5.735737209545457 1.2757722404117964
5.758680158383639 1.293097723283431
5.7816231072218205 1.2967123724712604
5.804566056060002 1.2645333835603416
5.827509004898184 1.2628825977350921
5.850451953736366 1.260663554133005
5.873394902574548 1.2602981322106728
5.89633785141273 1.2522139471081604
5.919280800250911 1.2544641695216077
5.942223749089093 1.2575210453214478
5.965166697927275 1.2380154666490155
5.988109646765457 1.2359220826194852
6.011052595603639 1.21647196512997
6.0339955444418205 1.2184824880548117
6.056938493280002 1.2103271079358107
6.079881442118184 1.209853658828366
6.102824390956366 1.1923732995069074
6.125767339794548 1.196124509914501
6.14871028863273 1.1949986394364487
6.171653237470911 1.2160195350951355
6.194596186309093 1.2011094303791932
6.217539135147275 1.1803126739140914
6.240482083985457 1.1899488975103918
6.263425032823639 1.1759109542948818
6.2863679816618205 1.162139871193614
6.309310930500002 1.1772801480077986
6.332253879338184 1.1510132190899476
6.355196828176366 1.140351656833722
6.378139777014548 1.1635399339732986
6.40108272585273 1.1450817816975087
6.4240256746909115 1.1434729055597528
6.446968623529093 1.116289105528222
6.469911572367275 1.1249796222973356
6.492854521205457 1.1116992572938689
6.515797470043639 1.1308693642325227
6.538740418881821 1.0901192694751507
6.561683367720002 1.0918063480726572
6.584626316558184 1.0990855632851992
6.607569265396366 1.1069944381715242
6.630512214234548 1.1091641907162868
6.65345516307273 1.1023152381048844
6.6763981119109115 1.0755327473244622
6.699341060749093 1.0762816383892335
6.722284009587275 1.0468183407207101
6.745226958425457 1.0576964931084918
6.768169907263639 1.0625198179276454
6.791112856101821 1.0531444617238863
6.814055804940002 1.0353422277968791
6.836998753778184 1.03878317283584
6.859941702616366 1.0305735678773578
6.882884651454548 1.0389942267485945
6.90582760029273 1.027947921781114
6.9287705491309115 1.032182917486902
6.951713497969093 1.0242676940141155
6.974656446807275 1.0278898019924363
6.997599395645457 1.0017108611194738
7.020542344483639 1.0003194287118031
7.043485293321821 1.0149182322129802
7.066428242160002 0.9905968928557234
7.089371190998184 0.9932996105114593
7.112314139836366 1.0039000901760757
7.135257088674548 0.9973568709282125
7.15820003751273 0.9790421047816492
7.1811429863509115 0.9915439747116963
7.204085935189093 0.9951960012789571
7.227028884027275 0.9719523061427398
7.249971832865457 0.9703627490451142
7.272914781703639 0.9372236392799375
7.295857730541821 0.9635338488253843
7.3188006793800024 0.9675522295038137
7.341743628218184 0.966066727374949
7.364686577056367 0.9512878365121774
7.387629525894549 0.9402627708041128
7.410572474732731 0.9349590441026258
7.433515423570912 0.9290393233353595
7.456458372409094 0.937661037361385
7.479401321247276 0.939100088218326
7.502344270085458 0.9397684298684318
7.52528721892364 0.9330303958333527
7.5482301677618215 0.9256577944278352
7.571173116600003 0.9280346985457454
7.594116065438185 0.9156415002944184
7.617059014276367 0.9159112962747881
7.640001963114549 0.9270692144483136
7.662944911952731 0.917981939699665
7.6858878607909125 0.9074059661303866
7.708830809629094 0.9094176547474434
7.731773758467276 0.8982478134991155
7.754716707305458 0.908967787205114
7.77765965614364 0.8881440566329037
7.800602604981822 0.9134372319279783
7.823545553820003 0.8958974269545085
7.846488502658185 0.9039006313359328
7.869431451496367 0.8901030923306174
7.892374400334549 0.8801478708410218
7.915317349172731 0.8874922740614103
7.9382602980109125 0.8994838439264707
7.961203246849094 0.8920396336406953
7.984146195687276 0.8781019188365492
8.007089144525457 0.8809265943672084
8.030032093363639 0.8863515979399517
8.05297504220182 0.8834130944742061
8.075917991040003 0.8865487963222078
8.098860939878184 0.8779491248943756
8.121803888716366 0.8791616710682761
8.144746837554548 0.8636908930996253
8.16768978639273 0.8786723657173852
8.190632735230912 0.8793717638736009
8.213575684069093 0.8766840138975807
8.236518632907275 0.8744198001763206
8.259461581745457 0.8828408305132024
8.282404530583639 0.8706856515192412
8.30534747942182 0.8798404546817705
8.328290428260003 0.876016731515393
8.351233377098184 0.8740904853287561
8.374176325936366 0.8694949142787749
8.397119274774548 0.8540668359495162
8.42006222361273 0.880757378204138
8.443005172450912 0.8715564719883246
8.465948121289093 0.871787220091344
8.488891070127275 0.8652036429363207
8.511834018965457 0.8709738704589378
8.534776967803639 0.8862195010151618
8.55771991664182 0.8622081446843077
8.580662865480003 0.8709352705272172
8.603605814318184 0.868416871062065
8.626548763156366 0.8740217395222084
8.649491711994548 0.8645726490628274
8.67243466083273 0.8756577685388397
8.695377609670912 0.8672365289168006
8.718320558509093 0.8757159498099035
8.741263507347275 0.8687258444202391
8.764206456185457 0.8735133397249846
8.787149405023639 0.8738499108464498
8.810092353861823 0.8826067376349229
8.833035302700004 0.8761593829907836
8.855978251538186 0.8621827124309376
8.878921200376368 0.8856989639159171
8.90186414921455 0.8750904922271152
8.924807098052732 0.8850131580057344
8.947750046890913 0.8793322388768247
8.970692995729095 0.8970291507916668
8.993635944567277 0.891553009617656
9.016578893405459 0.8835965704752676
9.03952184224364 0.8892140333545328
9.062464791081823 0.8821643529728186
9.085407739920004 0.8814047730532808
9.108350688758186 0.897151510411955
9.131293637596368 0.88660511321274
9.15423658643455 0.8988809593421656
9.177179535272732 0.8788466619983313
9.200122484110913 0.895809326823137
9.223065432949095 0.8920995778126319
9.246008381787277 0.8984926021120205
9.268951330625459 0.9022615976794434
9.29189427946364 0.8943158500538165
9.314837228301823 0.9116957174327271
9.337780177140004 0.9089400978256463
9.360723125978186 0.9036479227087852
9.383666074816368 0.9161348582346983
9.40660902365455 0.9124794335699561
9.429551972492732 0.9202621263580152
9.452494921330914 0.9175145065722544
9.475437870169095 0.9273090571878205
9.498380819007277 0.9124441481801917
9.521323767845459 0.9199683350439433
9.54426671668364 0.9285943357140207
9.567209665521823 0.9239823911277704
9.590152614360004 0.9173770713440892
9.613095563198186 0.9278977520139818
9.636038512036368 0.9209660868353877
9.65898146087455 0.9269548636925418
9.681924409712732 0.9407979967563993
9.704867358550914 0.9418281245663535
9.727810307389095 0.9430825278561038
9.750753256227277 0.933714753456073
9.773696205065459 0.951873403478152
9.79663915390364 0.9549544712361854
9.819582102741823 0.9570143940667085
9.842525051580004 0.9504354486111556
9.865468000418186 0.9451436724869192
9.888410949256368 0.9336431125465009
9.91135389809455 0.9683586542588296
9.934296846932732 0.9750870537233834
9.957239795770914 0.9568564637322371
9.980182744609095 0.9538633229045508
10.003125693447277 0.955968871169414
10.026068642285459 0.9588324273000861
10.04901159112364 0.9667775910620086
10.071954539961823 0.9654096046503884
10.094897488800004 0.9757442739649357
10.117840437638186 0.982084239556513
10.140783386476368 0.9818190685066467
10.16372633531455 0.9959142341680494
10.186669284152732 0.985541936156678
10.209612232990914 0.9786925704864187
10.232555181829095 1.0005387832177983
10.255498130667277 0.9913679180957286
10.278441079505459 0.9856019753501033
10.30138402834364 1.0026877601722821
10.324326977181823 1.000896060223447
10.347269926020005 0.9900581912644242
10.370212874858186 1.0141973683318892
10.393155823696368 1.0151918743736617
10.41609877253455 1.0146380243336626
10.439041721372732 1.0340156869346238
10.461984670210914 1.0161515593172057
10.484927619049095 1.0071648594798803
10.507870567887277 1.0195336875583751
10.530813516725459 1.0168448805845125
10.55375646556364 1.0264401010711357
10.576699414401823 1.0255525770871996
10.599642363240005 1.0311885735026702
10.622585312078186 1.0464879042206088
10.645528260916368 1.0256572479774622
10.66847120975455 1.0360080998065861
10.691414158592732 1.0455764883920717
10.714357107430914 1.032782253888789
10.737300056269095 1.0510523507660017
10.760243005107277 1.052876852212055
10.783185953945459 1.0430602570676595
10.806128902783641 1.0573478054595218
10.829071851621823 1.060138561442476
10.852014800460005 1.0583364132389617
10.874957749298186 1.0437641054329303
10.897900698136368 1.0458380882598792
10.92084364697455 1.058301535695488
10.943786595812732 1.0536206181597656
10.966729544650914 1.0614366303496134
10.989672493489095 1.072378615566542
11.012615442327277 1.0558610467505687
11.03555839116546 1.0645426718016404
11.058501340003641 1.0753948665229844
11.081444288841823 1.0645954537701827
11.104387237680005 1.0685800329428476
11.127330186518186 1.0674029026899934
11.150273135356368 1.0682972901396104
11.17321608419455 1.0850571974421175
11.196159033032732 1.0770665986676538
11.219101981870914 1.0879612120848154
11.242044930709095 1.0691265855219543
11.264987879547277 1.0803603356065192
11.28793082838546 1.0758769791303657
11.310873777223641 1.068943967018638
11.333816726061823 1.0797830471819647
11.356759674900005 1.0783439312441556
11.379702623738186 1.0791972222830897
11.402645572576368 1.0751463964990489
11.42558852141455 1.082607308010625
11.448531470252732 1.0971675373497816
11.471474419090914 1.098518009219545
11.494417367929096 1.081970639490368
11.517360316767277 1.088619683135477
11.54030326560546 1.0891903308060373
11.563246214443641 1.0857346528369571
11.586189163281823 1.086190944195274
11.609132112120005 1.086148052155661
11.632075060958186 1.0726612428240216
11.655018009796368 1.099950685633341
11.67796095863455 1.0965920812776535
11.700903907472732 1.0850274494020942
11.723846856310914 1.0816907005635796
11.746789805149096 1.100196732746875
11.769732753987277 1.0859947641060679
11.79267570282546 1.0789750056370766
11.815618651663641 1.0831007061578724
11.838561600501823 1.0855647465134066
11.861504549340005 1.086597871134841
11.884447498178186 1.1063292549640373
11.907390447016368 1.083328584873267
11.93033339585455 1.0906795924707813
11.953276344692732 1.0873436853188336
11.976219293530914 1.095274737792236
11.999162242369096 1.0881381831197843
12.022105191207277 1.0760725660529245
12.04504814004546 1.0795775963957674
12.067991088883641 1.0843469839024322
12.090934037721823 1.0872304525234282
12.113876986560005 1.0782305042677793
12.136819935398186 1.081950851796287
12.159762884236368 1.08027594133825
12.18270583307455 1.087122025926848
12.205648781912732 1.0728384402545301
12.228591730750914 1.0771276467794526
12.251534679589096 1.0753260363786576
12.274477628427277 1.0714526915781086
12.29742057726546 1.08683463884219
12.320363526103641 1.0726421856571233
12.343306474941823 1.0642114818051962
12.366249423780005 1.0761524707457824
12.389192372618187 1.0611645095852533
12.412135321456368 1.0737199557086488
12.43507827029455 1.0549484041124486
12.458021219132732 1.056498927501217
12.480964167970914 1.0609143554562375
12.503907116809096 1.0620591735582805
12.526850065647277 1.0505537015653144
12.54979301448546 1.0570693915279357
12.572735963323641 1.06085151437199
12.595678912161823 1.0433146139954101
12.618621861000005 1.0544180651525532
12.641564809838187 1.0476345993054115
12.664507758676368 1.0534769241790476
12.68745070751455 1.0434772098210319
12.710393656352732 1.056592239816709
12.733336605190914 1.0554680128825098
12.756279554029096 1.0326847191745572
12.779222502867277 1.0503049674843912
12.80216545170546 1.0331142288607194
12.825108400543641 1.042808853682481
12.848051349381823 1.0435523125615285
12.870994298220005 1.0296446260981031
12.893937247058187 1.0329921644354572
12.916880195896368 1.0324732406122428
12.93982314473455 1.0210889723965955
12.962766093572732 1.0343867505335784
12.985709042410914 1.014598630192201
13.008651991249096 1.0344578522927088
13.031594940087277 1.0186838406988448
13.05453788892546 1.0255528503301448
13.077480837763641 1.0224628260334603
13.100423786601823 1.0067630165071084
13.123366735440005 1.018020504456622
13.146309684278187 1.0272215584414002
13.169252633116368 1.0217895662273935
13.19219558195455 1.001572536050985
13.215138530792732 1.014981656033933
13.238081479630914 1.0143833916696094
13.261024428469096 1.003412398114194
13.283967377307278 1.0016602215381865
13.30691032614546 1.0001526736632802
13.329853274983641 0.997653955085937
13.352796223821823 0.994529822590557
13.375739172660005 1.0038246220040143
13.398682121498187 0.9872890326804601
13.421625070336368 0.9864077767960499
13.44456801917455 1.0021908082924558
13.467510968012732 1.0032850094858927
13.490453916850914 0.9925060884648177
13.513396865689096 0.9975351116270246
13.536339814527278 0.9931643086896486
13.55928276336546 0.9978148836619293
13.582225712203641 0.9823533158992027
13.605168661041823 0.972082694704583
13.628111609880005 0.9728621324803423
13.651054558718187 0.9859360464367877
13.673997507556368 0.9807810747706983
13.69694045639455 0.9797354794701265
13.719883405232732 0.9795437178389648
13.742826354070914 0.9693046782671384
13.765769302909096 0.9753268471663721
13.788712251747278 0.9764049030271538
13.81165520058546 0.9798865962562239
13.834598149423641 0.9772774334396793
13.857541098261823 0.9627039902579564
13.880484047100005 0.9656981931227693
13.903426995938187 0.9597662266352639
13.926369944776368 0.9767984048815453
13.94931289361455 0.9589017641039999
13.972255842452732 0.9683514568596717
13.995198791290914 0.955537332925541
14.018141740129096 0.9653346077004271
14.041084688967278 0.967451915997044
14.06402763780546 0.969842903225822
14.086970586643641 0.9690746677031739
14.109913535481823 0.958553079368438
14.132856484320005 0.9686475498807929
14.155799433158187 0.9451602521814925
14.178742381996368 0.9499888895838678
14.20168533083455 0.9518517618707881
14.224628279672732 0.9441708933766194
14.247571228510914 0.9478108225978695
14.270514177349096 0.9499595879486243
14.293457126187278 0.9489150372249702
14.31640007502546 0.9469980903260679
14.339343023863641 0.9475522148443991
14.362285972701823 0.9535570741136037
14.385228921540005 0.9423049088675202
14.408171870378187 0.9570576002630378
14.431114819216369 0.9475067126668555
14.45405776805455 0.9442135153655686
14.477000716892732 0.94378118275019
14.499943665730914 0.9449289574769749
14.522886614569096 0.9381714852615005
14.545829563407278 0.945340727138241
14.56877251224546 0.9381145305048567
14.591715461083641 0.9436184377656777
14.614658409921823 0.939486430400539
14.637601358760005 0.9372534715600603
14.660544307598187 0.9404936172072949
14.683487256436369 0.9329756556216077
14.706430205274552 0.9477509786644429
14.729373154112734 0.9378329371331642
14.752316102950916 0.9456882284014794
14.775259051789098 0.9341624447769881
14.79820200062728 0.9461408315684993
14.821144949465461 0.9464780922295039
14.844087898303643 0.9453936249059433
14.867030847141825 0.9354014634616961
14.889973795980007 0.9482897780034946
14.912916744818189 0.9286570966636838
14.93585969365637 0.9488512774403594
14.958802642494552 0.9371077410123315
14.981745591332734 0.9392481750647245
15.004688540170916 0.9361101799749154
15.027631489009098 0.9514572048908343
15.05057443784728 0.9499917737552006
15.073517386685461 0.9457316370512174
15.096460335523643 0.9351617581976279
15.119403284361825 0.9366085668071705
15.142346233200007 0.9379495741543646
15.165289182038189 0.9446848090612014
15.18823213087637 0.9493672089809174
15.211175079714552 0.9383881364577926
15.234118028552734 0.950585292421371
15.257060977390916 0.9417507844640621
15.280003926229098 0.942527633819906
15.30294687506728 0.9489839964794892
15.325889823905461 0.9562203806979511
15.348832772743643 0.935788508574418
15.371775721581825 0.9477282091101379
15.394718670420007 0.9595778738481104
15.417661619258189 0.9434111213661941
15.44060456809637 0.9484394505256836
15.463547516934552 0.9538103688653147
15.486490465772734 0.949221029953316
15.509433414610916 0.9534253025282896
15.532376363449098 0.954520017012387
15.55531931228728 0.9514748329155301
15.578262261125461 0.9525930165229259
15.601205209963643 0.9597397325166039
15.624148158801825 0.9545615698485972
15.647091107640007 0.9585245576824531
15.670034056478189 0.9606886528103544
15.69297700531637 0.9545801350128846
15.715919954154552 0.9676245281603271
15.738862902992734 0.9560342304812389
15.761805851830916 0.9791601075157631
15.784748800669098 0.9554278665935977
15.80769174950728 0.9642968648505778
15.830634698345461 0.9607333465782661
15.853577647183643 0.9559481712801563
15.876520596021825 0.9619926731667687
15.899463544860007 0.9696397423978589
15.922406493698189 0.9720871290311034
15.94534944253637 0.968928214961422
15.968292391374552 0.9669443700035336
15.991235340212734 0.9707749182868249
16.014178289050914 0.9760829952322871
16.037121237889096 0.9658402620908735
16.060064186727278 0.9822806129210079
16.08300713556546 0.9751243624717887
16.10595008440364 0.971850771838707
16.128893033241823 0.9801489758441109
16.151835982080005 0.9812378476985747
16.174778930918187 0.973325618345011
16.19772187975637 0.9808424238981389
16.22066482859455 0.9876642781103213
16.243607777432732 0.9872976585835468
16.266550726270914 0.9847344662132596
16.289493675109096 0.9731377565432704
16.312436623947278 1.0016093255326304
16.33537957278546 0.9918250528749759
16.35832252162364 0.9817051565267829
16.381265470461823 1.0005818527196662
16.404208419300005 1.0000642331071188
16.427151368138187 0.9942320178555508
16.45009431697637 0.9961567644087297
16.47303726581455 0.9865249279878803
16.495980214652732 1.0038652041629108
16.518923163490914 1.003884717715045
16.541866112329096 0.9855129266097314
16.564809061167278 1.008776524371394
16.58775201000546 1.004683786488178
16.61069495884364 1.0097810821288309
16.633637907681823 1.00434954270068
16.656580856520005 0.9955611317076383
16.679523805358187 1.0112442800045582
16.70246675419637 1.005678653611846
16.72540970303455 1.0071245042439254
16.748352651872732 1.0082517460400464
16.771295600710914 1.010097875021164
16.794238549549096 1.0034306765285703
16.817181498387278 1.022850046912682
16.84012444722546 1.0137953681483627
16.86306739606364 1.0220238234217882
16.886010344901823 1.0151259682895015
16.908953293740005 1.0230846654969785
16.931896242578187 1.0276817550052648
16.95483919141637 1.0213231978982544
16.97778214025455 1.0244761919639314
17.000725089092732 1.0208590228235108
17.023668037930914 1.0320071071133259
17.046610986769096 1.0299925447294558
17.069553935607278 1.0379595130742056
17.09249688444546 1.021387060145497
17.11543983328364 1.023246379307957
17.138382782121823 1.024867187749372
17.161325730960005 1.0234092282716718
17.184268679798187 1.044330962524687
17.20721162863637 1.029564756317188
17.23015457747455 1.0299170001195064
17.253097526312732 1.040300862876846
17.276040475150914 1.0286024739267807
17.298983423989096 1.026466252041068
17.321926372827278 1.034559252885654
17.34486932166546 1.0349027209949673
17.36781227050364 1.032836062565708
17.390755219341823 1.0405316774966578
17.413698168180005 1.0394943182843457
17.436641117018187 1.0431655693656543
17.45958406585637 1.0379043743967713
17.48252701469455 1.0406965020360297
17.505469963532732 1.0449531858808414
17.528412912370914 1.044171052268295
17.551355861209096 1.0460281287289626
17.574298810047278 1.0346621981831368
17.59724175888546 1.044274072895575
17.620184707723645 1.0400461237476555
17.643127656561827 1.0472791657746932
17.66607060540001 1.0352722983673222
17.68901355423819 1.044471136491504
17.711956503076372 1.05076562885805
17.734899451914554 1.033708144094545
17.757842400752736 1.0530783463964162
17.780785349590918 1.0405676187909016
17.8037282984291 1.054742090198049
17.82667124726728 1.034122499809816
17.849614196105463 1.0496449639770462
17.872557144943645 1.046261241362431
17.895500093781827 1.043578590270375
17.91844304262001 1.0498225008118578
17.94138599145819 1.0326200603792322
17.964328940296372 1.0431147677711656
17.987271889134554 1.03941326374714
18.010214837972736 1.048798094943164
18.033157786810918 1.0458670108655546
18.0561007356491 1.0360204970045515
18.07904368448728 1.0430984704395239
18.101986633325463 1.0456701527864272
18.124929582163645 1.0462619972490081
18.147872531001827 1.0437795429602403
18.17081547984001 1.0407411620184708
18.19375842867819 1.0382902975445996
18.216701377516372 1.0399241942950967
18.239644326354554 1.0415833796134204
18.262587275192736 1.0394870421843834
18.285530224030918 1.0488175457578859
18.3084731728691 1.0445077842235417
18.33141612170728 1.0401297394236375
18.354359070545463 1.0397202454877075
18.377302019383645 1.041471070846609
18.400244968221827 1.04536533574732
18.42318791706001 1.0364900063685747
18.44613086589819 1.0313074687897852
18.469073814736372 1.0448817072601462
18.492016763574554 1.050997198869114
18.514959712412736 1.0492743951594306
18.537902661250918 1.0304250770050791
18.5608456100891 1.0440317394724286
18.58378855892728 1.0360722774041957
18.606731507765463 1.024011783062782
18.629674456603645 1.0440460019533568
18.652617405441827 1.028371450933816
18.67556035428001 1.0435120858263356
18.69850330311819 1.0343844693422357
18.721446251956372 1.0284455570999758
18.744389200794554 1.0273270303850885
18.767332149632736 1.0280121787645773
18.790275098470918 1.0354105970107952
18.8132180473091 1.0300681578469415
18.83616099614728 1.040620657827268
18.859103944985463 1.029563006061599
18.882046893823645 1.0259058509665198
18.904989842661827 1.0284593464230491
18.92793279150001 1.0289153039460233
18.95087574033819 1.0240788064467075
18.973818689176372 1.032522445575161
18.996761638014554 1.0397094419532973
19.019704586852736 1.021465394538771
19.042647535690918 1.0300256099759562
19.0655904845291 1.0200130403221876
19.08853343336728 1.0275099472197362
19.111476382205463 1.0178143792395786
19.134419331043645 1.017421653658442
19.157362279881827 1.0189324894368168
19.18030522872001 1.0171106297655146
19.20324817755819 1.0190091600351172
19.226191126396373 1.0066148893699878
19.249134075234554 1.0198318276265586
19.272077024072736 1.014228725703001
19.295019972910918 1.0156324020624306
19.3179629217491 1.015152743686246
19.34090587058728 1.0158255368659443
19.363848819425463 1.016041804027169
19.386791768263645 1.0120702140410618
19.409734717101827 1.0171875442480651
19.43267766594001 1.0148315193146888
19.45562061477819 1.0030969575614104
19.478563563616373 1.0069258396866863
19.501506512454554 1.0030549605415269
19.524449461292736 1.0010912358603066
19.547392410130918 1.0098351099228429
19.5703353589691 1.0052343521243252
19.59327830780728 1.0053911159283118
19.616221256645463 1.0041333308062665
19.639164205483645 0.996625407676493
19.662107154321827 0.9932670322456632
19.68505010316001 0.9974802940903421
19.70799305199819 0.9868373086472014
19.730936000836373 0.997440124376787
19.753878949674554 0.9930573446124294
19.776821898512736 0.9971573046012998
19.799764847350918 0.9921282318955075
19.8227077961891 0.9901695262901024
19.84565074502728 0.9928180562564265
19.868593693865463 0.9957188592067922
19.891536642703645 0.9847840137831937
19.914479591541827 0.9897512794323131
19.93742254038001 0.9879808760324611
19.96036548921819 0.9870192789336928
19.983308438056373 0.9875976317464332
20.006251386894554 0.9837200743788282
20.029194335732736 0.9899371261369514
20.052137284570918 0.982798188165683
20.0750802334091 0.9872525517378211
20.09802318224728 0.9873022146096391
20.120966131085464 0.9874483413192949
20.143909079923645 0.9758442042973499
20.166852028761827 0.9863678504344228
20.18979497760001 0.9880057986458812
20.21273792643819 0.9837118616802465
20.235680875276373 0.9762371518811643
20.258623824114554 0.9789282770657954
20.281566772952736 0.9796545377156418
20.304509721790918 0.978788707961017
20.3274526706291 0.9821915527549332
20.35039561946728 0.9768443352370831
20.373338568305464 0.971856636904149
20.396281517143645 0.9779339640903014
20.419224465981827 0.9832818583346843
20.44216741482001 0.9725467808714804
20.46511036365819 0.9664634639173955
20.488053312496373 0.9786175963858432
20.510996261334554 0.9730894648621199
20.533939210172736 0.9752179582073446
20.556882159010918 0.9658172311500993
20.5798251078491 0.9664454709134831
20.60276805668728 0.974809112130721
20.625711005525464 0.9639494523303259
20.648653954363645 0.96965959541901
20.671596903201827 0.9716387987902538
20.69453985204001 0.9768203027583789
20.71748280087819 0.9728478336508057
20.740425749716373 0.9603679678766978
20.763368698554554 0.9642502527361785
20.786311647392736 0.9693324179107083
20.809254596230918 0.966778835943452
20.8321975450691 0.9719382843383457
20.85514049390728 0.9606364297657776
20.878083442745464 0.980001086003997
20.901026391583645 0.9701243187983092
20.923969340421827 0.9611747148377072
20.94691228926001 0.9622571316595434
20.96985523809819 0.963975972448922
20.992798186936373 0.9616303582613734
21.015741135774554 0.9637609536891815
21.038684084612736 0.9741055372409604
21.061627033450918 0.9772885508899384
21.0845699822891 0.9661428271835905
21.10751293112728 0.9610085143455618
21.130455879965464 0.9681540585249426
21.153398828803645 0.9626356334790233
21.176341777641827 0.9603869212744416
21.19928472648001 0.9606153565394292
21.22222767531819 0.9679710325231481
21.245170624156373 0.9686505753398673
21.268113572994555 0.9633011220878474
21.291056521832736 0.9624352585501494
21.313999470670918 0.965665800431881
21.3369424195091 0.9638151006288591
21.359885368347282 0.9593625420646571
21.382828317185464 0.9654202386605194
21.405771266023645 0.9724627554860118
21.428714214861827 0.9657691193668071
21.45165716370001 0.9729805289350515
21.47460011253819 0.9664730150516887
21.497543061376373 0.9672319785734592
21.520486010214555 0.9722603065832243
21.543428959052736 0.9703041961744956
21.566371907890918 0.9593025886753176
21.5893148567291 0.9706393063440083
21.612257805567282 0.9795188555177584
21.635200754405464 0.9723079264174086
21.658143703243645 0.964810764489632
21.681086652081827 0.965565874976902
21.70402960092001 0.9714376584726715
21.72697254975819 0.9691349672351026
21.749915498596373 0.970978796370615
21.772858447434555 0.9671728643926731
21.795801396272736 0.9630493357045903
21.818744345110918 0.9707019173066413
21.8416872939491 0.9690872157349892
21.864630242787282 0.9771342922259674
21.887573191625464 0.9615177278586702
21.910516140463645 0.9701254132529346
21.933459089301827 0.9731188695039281
21.95640203814001 0.9721213488320959
21.97934498697819 0.970194076520406
22.002287935816373 0.9756924453138396
22.025230884654555 0.9704832540923926
22.048173833492736 0.9773382889808521
22.07111678233092 0.9779571453394601
22.0940597311691 0.9811076208364748
22.117002680007282 0.9831011718570911
22.139945628845464 0.9850719747438467
22.162888577683646 0.981830540970675
22.185831526521827 0.9838035966605159
22.20877447536001 0.9899718980892329
22.23171742419819 0.9709749994327648
22.254660373036373 0.988319210583061
22.277603321874555 0.9807451561462286
22.300546270712736 0.9798114245900108
22.32348921955092 0.9867875435546681
22.3464321683891 0.9857215574312265
22.369375117227282 0.979512788324799
22.392318066065464 0.9847531820159483
22.415261014903646 0.9844236807796186
22.438203963741827 0.9838121446640616
22.46114691258001 0.9762358083294126
22.48408986141819 0.9845309192726055
22.507032810256373 0.992773241663809
22.529975759094555 0.9817764480890198
22.552918707932736 0.9846634716498494
22.57586165677092 0.9966994956706755
22.5988046056091 0.9876131030664801
22.621747554447282 0.9952356716897129
22.644690503285464 0.9904082349698
22.667633452123646 0.9904048256187513
22.690576400961827 0.9948828663458579
22.71351934980001 0.9948711536232971
22.73646229863819 0.9970207734956699
22.759405247476373 0.9896438823180735
22.782348196314555 1.0041990698160876
22.805291145152736 1.0084854252365207
22.82823409399092 1.000311412128815
22.8511770428291 0.9997505453795097
22.874119991667282 0.9991895987027465
22.897062940505464 1.0057420481728931
22.920005889343646 1.0078131674317659
22.942948838181827 1.0028226629141448
22.96589178702001 0.999200904981143
22.98883473585819 0.9991280719777234
23.011777684696373 1.0111010252311183
23.034720633534555 1.0145274041980155
23.057663582372736 1.0039858456081665
23.08060653121092 1.0059285910506734
23.1035494800491 1.0104786874875327
23.126492428887282 1.014481235845613
23.149435377725464 1.0169093676272651
23.172378326563646 1.0172028177517325
23.195321275401827 1.008676697318743
23.21826422424001 1.0144912173768839
23.24120717307819 1.0210773325607196
23.264150121916373 1.0193288503801161
23.287093070754555 1.017142767983708
23.310036019592737 1.008722840545448
23.33297896843092 1.0192831149894488
23.3559219172691 1.0095367927602104
23.378864866107282 1.0140038725927674
23.401807814945464 1.0207863338026624
23.424750763783646 1.0228612957245513
23.447693712621827 1.0221748544881908
23.47063666146001 1.0119224852781177
23.49357961029819 1.012673348801634
23.516522559136373 1.0218142699942119
23.539465507974555 1.0058262704689465
23.562408456812737 1.0247676700656208
23.58535140565092 1.0165935661084344
23.6082943544891 1.0221721555329735
23.631237303327282 1.0191647781673023
23.654180252165464 1.0236825173099346
23.677123201003646 1.0250716267946083
23.700066149841827 1.0172149961061498
23.72300909868001 1.0338985159890797
23.74595204751819 1.025184444964344
23.768894996356373 1.025121697229606
23.791837945194555 1.0324268276077604
23.814780894032737 1.0229939766795935
23.83772384287092 1.0234848490767237
23.8606667917091 1.0288318380854007
23.883609740547282 1.0299429914410814
23.906552689385464 1.0246246374914063
23.929495638223646 1.0302583285872855
23.952438587061827 1.0285691742036709
23.97538153590001 1.026116751906117
23.99832448473819 1.0276157901445193
24.021267433576373 1.0178863493596486
24.044210382414555 1.0318759902734838
24.067153331252737 1.028260993189855
24.09009628009092 1.0280069435825556
24.1130392289291 1.0377949550394676
24.135982177767282 1.0330626353377315
24.158925126605464 1.02817728732613
24.181868075443646 1.0295648932502586
24.204811024281828 1.0313830432899687
24.22775397312001 1.0322711140873113
24.25069692195819 1.023606411816977
24.273639870796373 1.0287474917972286
24.296582819634555 1.0220653720983088
24.319525768472737 1.0386331001986957
24.34246871731092 1.0312326207806646
24.3654116661491 1.0283665804657687
24.388354614987282 1.0342067035286737
24.411297563825464 1.0223926252499578
24.434240512663646 1.0327442751281843
24.457183461501828 1.0326421161822612
24.48012641034001 1.0309649656964601
24.50306935917819 1.0345380315635895
24.526012308016373 1.0297808868046354
24.548955256854555 1.029551831537346
24.571898205692737 1.0227113052276995
24.59484115453092 1.0348437945381055
24.6177841033691 1.02398557767802
24.640727052207282 1.0265751547037651
24.663670001045464 1.0276064008167753
24.686612949883646 1.0262085973311401
24.709555898721828 1.0226504713887163
24.73249884756001 1.0305108090688946
24.75544179639819 1.0260158525682748
24.778384745236373 1.0324881933861294
24.801327694074555 1.0249561274418346
24.824270642912737 1.0246555145980267
24.84721359175092 1.0220166559257948
24.8701565405891 1.0214568296295963
24.893099489427282 1.0328492796204567
24.916042438265464 1.0212041895175854
24.938985387103646 1.0323091967613371
24.961928335941828 1.03032689253125
24.98487128478001 1.0292315076608483
25.00781423361819 1.0174402100556599
25.030757182456373 1.02244260285521
25.053700131294555 1.0248291008299628
25.076643080132737 1.0197157933741194
25.09958602897092 1.0264480370823712
25.1225289778091 1.018706667420594
25.145471926647282 1.020867436560197
25.168414875485464 1.017341150748804
25.191357824323646 1.0182626120374707
25.214300773161828 1.019602777615821
25.23724372200001 1.0162632208682585
25.26018667083819 1.0116750075039065
25.283129619676373 1.0113347319273929
25.306072568514555 1.0161583398796292
25.329015517352737 1.0086176231421102
25.35195846619092 1.015779782376191
25.3749014150291 1.0121073777187135
25.397844363867282 1.0126743108129537
25.420787312705464 1.015462314789573
25.443730261543646 1.0105670664375566
25.466673210381828 1.0091463600304327
25.48961615922001 1.0131855731521593
25.51255910805819 1.0163324098629547
25.535502056896373 1.0189775001935832
25.558445005734555 1.0034990655353475
25.581387954572737 1.0129996721656516
25.60433090341092 1.0050923895277288
25.6272738522491 1.0072398417928803
25.650216801087282 1.004111611923999
25.673159749925464 1.0071774308950074
25.696102698763646 1.0056838540795294
25.719045647601828 1.0036044442974765
25.74198859644001 1.0061605463539682
25.76493154527819 1.01334508529732
25.787874494116373 1.0148722741304677
25.810817442954555 1.00054959690395
25.833760391792737 1.0081492036509636
25.85670334063092 0.9969480653661917
25.8796462894691 0.9987997527036495
25.902589238307282 0.9940764358993208
25.925532187145464 1.0041764454874547
25.948475135983646 1.002150349823668
25.971418084821828 1.0008709675469547
25.99436103366001 0.9917622420788369
26.01730398249819 0.9915818394102472
26.040246931336373 1.001033041575896
26.063189880174555 0.9884518632408038
26.086132829012737 0.9950844743477675
26.10907577785092 0.9993468265527279
26.1320187266891 0.9975931797299584
26.154961675527282 0.9928635300635483
26.177904624365464 1.001092042534666
26.200847573203646 0.9948838542681246
26.223790522041828 0.9972242996533907
26.24673347088001 0.9925612248515001
26.26967641971819 0.9864453661571753
26.292619368556373 0.9833327987968989
26.315562317394555 0.99229638605711
26.338505266232737 0.9931440575773778
26.36144821507092 0.9810475632945465
26.3843911639091 0.9897869207204528
26.407334112747282 0.9854118260213325
26.430277061585464 0.9895917785762257
26.453220010423646 0.9809209389485154
26.476162959261828 0.9785307854265503
26.49910590810001 0.9871432735529739
26.52204885693819 0.9847522010828286
26.544991805776373 0.9895115088938219
26.567934754614555 0.9852640351018019
26.590877703452737 0.9768445258193664
26.61382065229092 0.9876716563699667
26.6367636011291 0.9797516858433538
26.659706549967282 0.9786220807097203
26.682649498805464 0.9854786727279241
26.705592447643646 0.9854303455849198
26.728535396481828 0.9861107419465073
26.75147834532001 0.9819289948404509
26.77442129415819 0.9860698366256029
26.797364242996373 0.9859854074338307
26.820307191834555 0.9801423058038916
26.843250140672737 0.9855132818241071
26.86619308951092 0.9708043945918441
26.8891360383491 0.9781005635894341
26.912078987187282 0.9801117002368479
26.935021936025464 0.980218700708109
26.957964884863646 0.9741192880816333
26.980907833701828 0.9783743726025355
27.00385078254001 0.9778122993881493
27.02679373137819 0.9794400609591172
27.049736680216373 0.9694507928242341
27.072679629054555 0.9794588648909442
27.095622577892737 0.9854442029702075
27.11856552673092 0.9767685418412599
27.1415084755691 0.9729782201514078
27.164451424407282 0.9748666102040081
27.187394373245464 0.9884754457212345
27.210337322083646 0.9764089863363475
27.233280270921828 0.983282257447807
27.25622321976001 0.9651039057159363
27.27916616859819 0.9816488583597799
27.302109117436373 0.9734342060253061
27.325052066274555 0.9760869199648349
27.347995015112737 0.9745044994107364
27.37093796395092 0.9735462453072408
27.3938809127891 0.9625143955939285
27.416823861627282 0.9784733619830738
27.439766810465464 0.9760690904515178
27.462709759303646 0.9751377902141795
27.485652708141828 0.9737048727484893
27.50859565698001 0.96778295268827
27.53153860581819 0.9756736525689379
27.554481554656373 0.9753413319334753
27.577424503494555 0.9761134694805979
27.600367452332737 0.9727885740520942
27.62331040117092 0.9820957882672738
27.6462533500091 0.9782436838255893
27.669196298847282 0.9705909338478188
27.692139247685464 0.9795896168546208
27.715082196523646 0.9844517065796305
27.738025145361828 0.9796481364071978
27.76096809420001 0.973776340830004
27.78391104303819 0.9796287306043356
27.806853991876373 0.9802162177088981
27.829796940714555 0.9809018566316985
27.852739889552737 0.9741460507329752
27.87568283839092 0.9716103780886888
27.8986257872291 0.9805573874178076
27.921568736067282 0.9786237501633738
27.944511684905464 0.9808892969971329
27.967454633743646 0.9856498269507283
27.990397582581828 0.9831380361081716
28.01334053142001 0.9795312329930865
28.03628348025819 0.9801604719086888
28.059226429096373 0.9737991750623445
28.082169377934555 0.9790289748587772
28.105112326772737 0.9797643257861526
28.12805527561092 0.9855657696212904
28.1509982244491 0.9781705345863504
28.173941173287282 0.9833451292577902
28.196884122125464 0.9823091925539009
28.219827070963646 0.984914863266677
28.242770019801828 0.9759853336117635
28.26571296864001 0.9710214642082815
28.28865591747819 0.9813560052954008
28.311598866316373 0.9841604565978787
28.334541815154555 0.9859840609102514
28.357484763992737 0.9794648164854124
28.38042771283092 0.989937021699394
28.4033706616691 0.9854183071540679
28.426313610507282 0.9890476121885651
28.449256559345464 0.9839390401934915
28.472199508183646 0.9889866378904141
28.495142457021828 0.985497413983228
28.51808540586001 0.9902524451501753
28.54102835469819 0.9890070014892476
28.563971303536373 0.9914456575340442
28.586914252374555 0.9855160427998616
28.609857201212737 0.9850740990794882
28.63280015005092 0.9945024111887226
28.6557430988891 0.9889296526028807
28.678686047727282 0.991780885364357
28.701628996565464 0.9921337372773876
28.724571945403646 0.9908073545459072
28.747514894241828 0.9963685707792262
28.77045784308001 0.9883409608092918
28.79340079191819 0.9944065969297864
28.816343740756373 0.993729005009067
28.839286689594555 0.9999701237669624
28.862229638432737 0.9910827101941876
28.88517258727092 0.995142549845779
28.9081155361091 0.996257011836452
28.931058484947282 1.0035638409684675
28.954001433785464 0.9903688130168385
28.976944382623646 0.9996100738706071
28.999887331461828 1.0045632996753262
29.02283028030001 0.9991167371429418
29.04577322913819 0.9985203568851297
29.068716177976373 1.0020049792416816
29.091659126814555 1.0007120895732058
29.114602075652737 1.001087525149622
29.13754502449092 1.0100979462142778
29.1604879733291 0.9970968048318335
29.183430922167283 0.9940929735556754
29.206373871005464 1.0058623682747527
29.229316819843646 1.003198431080264
29.252259768681828 1.0061760871218235
29.27520271752001 0.9965670311560371
29.29814566635819 1.0122058774231213
29.321088615196373 1.0042728891391215
29.344031564034555 1.0036951646536056
29.366974512872737 1.0025483471747971
29.389917461710922 1.0070634272135524
29.412860410549104 1.0065137472007097
29.435803359387286 0.9902855255855864
29.458746308225468 1.010732176286454
29.48168925706365 1.006912128050025
29.50463220590183 1.0056006731213496
29.527575154740013 1.0112095917941848
29.550518103578195 1.0069738833108761
29.573461052416377 1.0161315161919342
29.59640400125456 1.0150844866480007
29.61934695009274 1.018618226150935
29.642289898930922 1.0137976332929803
29.665232847769104 1.018515609254048
29.688175796607286 1.0139867098488808
29.711118745445468 1.0095720588272206
29.73406169428365 1.0136165197027984
29.75700464312183 1.0161918268236119
29.779947591960013 1.0159816280496896
29.802890540798195 1.014880773914628
29.825833489636377 1.007406198121151
29.84877643847456 1.0196966030726555
29.87171938731274 1.0234624746838898
29.894662336150922 1.0130575633662517
29.917605284989104 1.0152694522052979
29.940548233827286 1.012834847720023
29.963491182665468 1.0143880592919514
29.98643413150365 1.0196638178941535
30.00937708034183 1.0216699680477088
30.032320029180013 1.0219066223169566
30.055262978018195 1.008030584860902
30.078205926856377 1.0227174697661983
30.10114887569456 1.0111246006551737
30.12409182453274 1.017912003175796
30.147034773370923 1.0182363011492157
30.169977722209104 1.0268433557107821
30.192920671047286 1.0243935906884087
30.215863619885468 1.0166372045597907
30.23880656872365 1.0228244292355533
30.26174951756183 1.0254503444819614
30.284692466400013 1.0211678055934608
30.307635415238195 1.020830801960912
30.330578364076377 1.0152625922321437
30.35352131291456 1.0218082918914648
30.37646426175274 1.016665217703192
30.399407210590923 1.0261437624403096
30.422350159429104 1.0229178912297592
30.445293108267286 1.0256568241635433
30.468236057105468 1.0265585719308399
30.49117900594365 1.0231749873114329
30.51412195478183 1.0191311958433038
30.537064903620013 1.0175335449582206
30.560007852458195 1.013642987238118
30.582950801296377 1.0192086129364877
30.60589375013456 1.017807931855288
30.62883669897274 1.0177182833713103
30.651779647810923 1.020164786690963
30.674722596649104 1.0189389564492373
30.697665545487286 1.018621508659594
30.720608494325468 1.0249905940534554
30.74355144316365 1.0246249494681476
30.76649439200183 1.0151373404186812
30.789437340840013 1.0245552596185554
30.812380289678195 1.01478150798845
30.835323238516377 1.017980054284632
30.85826618735456 1.0142406191027016
30.88120913619274 1.0168036668937737
30.904152085030923 1.0232526803153097
30.927095033869104 1.0255417644992593
30.950037982707286 1.0221097864658097
30.972980931545468 1.0212773758266458
30.99592388038365 1.0221084301507968
31.01886682922183 1.0139666088364712
31.041809778060014 1.0177924846253847
31.064752726898195 1.0152971313992647
31.087695675736377 1.0139058736834734
31.11063862457456 1.0167264509844642
31.13358157341274 1.0154955665710224
31.156524522250923 1.012677485035766
31.179467471089104 1.0180221079902974
31.202410419927286 1.0231014222673973
31.225353368765468 1.0213103078559478
31.24829631760365 1.0137949028477748
31.27123926644183 1.0198431371177905
31.294182215280014 1.0223273491557507
31.317125164118195 1.0159950740363435
31.340068112956377 1.0193126253718292
31.36301106179456 1.012010826994337
31.38595401063274 1.0123101556248817
31.408896959470923 1.0045580055483911
31.431839908309104 1.0181616505337536
31.454782857147286 1.0152016389478349
31.477725805985468 1.0117514960380776
31.50066875482365 1.021022425087162
31.52361170366183 1.012662309903303
31.546554652500014 1.0219105924824046
31.569497601338195 1.0055990015557295
31.592440550176377 1.013441479895169
31.61538349901456 1.0027970386064557
31.63832644785274 1.008898913171585
31.661269396690923 1.0112343464944071
31.684212345529104 1.0092987872858858
31.707155294367286 1.0095703997171364
31.730098243205468 1.0042494548330692
31.75304119204365 1.004076544840443
31.77598414088183 1.0096248590796022
31.798927089720014 1.0082426268454807
31.821870038558195 1.002162495198342
31.844812987396377 1.0000499605226696
31.86775593623456 1.005851593375589
31.89069888507274 1.0032829828579386
31.913641833910923 1.0141281574739414
31.936584782749105 1.0079566767651165
31.959527731587286 1.006263822134013
31.982470680425468 0.999915882493828
32.00541362926365 1.0011415634630383
32.02835657810183 1.0067422448602876
32.051299526940014 1.0006947972689828
32.07424247577819 1.002362305752745
32.09718542461638 0.9991165996419896
32.120128373454556 1.0046270079166482
32.14307132229274 1.0034336547568266
32.16601427113092 0.9925942128409577
32.188957219969105 1.006218046854899
32.21190016880728 0.9994282501033377
32.23484311764547 1.0012338524809048
32.257786066483646 0.9960985187149618
32.28072901532183 1.0087857267125437
32.30367196416001 1.0017439735669105
32.326614912998195 0.9964112803967983
32.349557861836374 1.0015681951042736
32.37250081067456 0.9998783535139643
32.39544375951274 0.992975655091531
32.41838670835092 0.991719185827473
32.4413296571891 0.9940790101626337
32.464272606027286 0.9895609774393169
32.487215554865465 0.9907532579313302
32.51015850370365 0.9928466660130693
32.53310145254183 0.9975840040830334
32.556044401380014 0.9949886734402735
32.57898735021819 0.9930158776499542
32.60193029905638 0.9893784250078517
32.624873247894556 0.9947561752346354
32.64781619673274 0.993057718110337
32.67075914557092 0.987551996419444
32.693702094409105 0.9897239566650722
32.71664504324728 0.992937120250806
32.73958799208547 0.9819445171118699
32.76253094092365 1.001559635061962
32.78547388976183 0.9888388561103209
32.80841683860001 0.9936000434471401
32.831359787438195 1.002530936773673
32.854302736276374 0.9788950825371742
32.87724568511456 0.9927689670109213
32.90018863395274 0.9865198286659843
32.92313158279092 0.9847614516828335
32.9460745316291 0.9846637807827915
32.969017480467286 0.9933272320216956
32.991960429305465 0.9854093761633459
33.01490337814365 0.9863338272983476
33.03784632698183 0.9829698964222935
33.060789275820014 0.9858528084787804
33.08373222465819 0.9847069256881805
33.10667517349638 0.9896851205735282
33.129618122334556 0.9856312031357299
33.15256107117274 0.9897184167025836
33.17550402001092 0.979323705685107
33.198446968849105 0.987361032752831
33.22138991768728 0.9885421131833793
33.24433286652547 0.9829226781844749
33.26727581536365 0.9776079460399372
33.29021876420183 0.9845649472374365
33.31316171304001 0.9757778148740158
33.336104661878196 0.9794500553752691
33.359047610716374 0.9817380026565119
33.38199055955456 0.9854597459158168
33.40493350839274 0.9808555469850777
33.42787645723092 0.9863540142439159
33.4508194060691 0.9903095910125169
33.47376235490729 0.9819867665674119
33.496705303745465 0.9779957237625453
33.51964825258365 0.9852544138794616
33.54259120142183 0.9760632056333001
33.565534150260014 0.9806047839915975
33.58847709909819 0.983333228955448
33.61142004793638 0.9856266923151588
33.634362996774556 0.9807059595352762
33.65730594561274 0.9773009775616861
33.68024889445092 0.9829594641892707
33.703191843289105 0.98250734017179
33.72613479212728 0.9787629220846074
33.74907774096547 0.9821471665814286
33.77202068980365 0.984093272426154
33.79496363864183 0.9858620359344904
33.81790658748001 0.9850140609661655
33.840849536318196 0.9808134428705708
33.863792485156374 0.9856036496657873
33.88673543399456 0.9821987638759112
33.90967838283274 0.9782120987384898
33.93262133167092 0.9816228819878287
33.9555642805091 0.9804290945350634
33.97850722934729 0.9834346198229331
34.001450178185465 0.9824415507960313
34.02439312702365 0.9817806587436222
34.04733607586183 0.9825700992368043
34.070279024700014 0.982100069958509
34.09322197353819 0.9848036246975114
34.11616492237638 0.9805167946469592
34.139107871214556 0.9781483786572231
34.16205082005274 0.979319873800071
34.18499376889092 0.9798501629549063
34.207936717729105 0.9795181493045699
34.23087966656728 0.9941363912686595
34.25382261540547 0.984494363119275
34.27676556424365 0.9845135695575195
34.29970851308183 0.9839308254437996
34.32265146192001 0.9826500733545908
34.345594410758196 0.9836544753478856
34.368537359596374 0.9840230609815469
34.39148030843456 0.9806246463674102
34.41442325727274 0.9862438199493284
34.43736620611092 0.9921958365788827
34.4603091549491 0.9901437670176019
34.48325210378729 0.9865994453755241
34.506195052625465 0.9878114045073275
34.52913800146365 0.9905718384731896
34.55208095030183 0.9877829320255825
34.575023899140014 0.9827507924450483
34.59796684797819 0.9933774186970933
34.62090979681638 0.9904747137555664
34.643852745654556 0.991388643120345
34.66679569449274 0.9915134094233011
34.68973864333092 0.9914304555204095
34.712681592169105 0.9915033268033552
34.73562454100728 0.9885600794794207
34.75856748984547 0.9907347430527585
34.78151043868365 0.9876769085956866
34.80445338752183 0.986956264730218
34.82739633636001 0.9911074545792019
34.850339285198196 0.9889800904137097
34.873282234036374 0.9969930837584792
34.89622518287456 0.9969266924805964
34.91916813171274 0.9931815004384054
34.94211108055092 0.9919391091011271
34.9650540293891 0.9911395293080665
34.98799697822729 0.9854425676890786
35.010939927065465 0.9891126235178545
35.03388287590365 0.9943995086667896
35.05682582474183 0.9919794333465913
35.079768773580014 1.000808921676551
35.10271172241819 1.0017976304699368
35.12565467125638 1.000033541451946
35.148597620094556 1.0025026195210498
35.17154056893274 1.0027998772991429
35.19448351777092 1.0002208243571837
35.217426466609105 0.9932171640068012
35.24036941544729 1.0029054035474954
35.26331236428547 0.9991348228821034
35.286255313123654 0.9955804732570154
35.30919826196183 1.0040011986930304
35.33214121080002 1.0016184920712667
35.355084159638196 1.0017573102324122
35.37802710847638 0.9965262725201339
35.40097005731456 0.9937830035239325
35.423913006152745 1.004641693668186
35.44685595499092 1.0044136020149135
35.46979890382911 1.006372502903348
35.49274185266729 1.0068010944052947
35.51568480150547 1.009558508675962
35.53862775034365 1.0030099615739574
35.561570699181836 1.0030050416719831
35.584513648020014 1.0054045976846704
35.6074565968582 1.0065865532742426
35.63039954569638 1.0014675684569758
35.65334249453456 1.0114187214897714
35.67628544337274 1.0089924910060784
35.69922839221093 1.0001476689834963
35.722171341049105 1.0044406263410315
35.74511428988729 1.0046412708022776
35.76805723872547 1.0050405079684848
35.791000187563654 1.0052973127089497
35.81394313640183 1.0105184937735838
35.83688608524002 1.0112476185055728
35.859829034078196 0.999780045494812
35.88277198291638 1.00556224119307
35.90571493175456 1.0108045300783097
35.928657880592745 1.0089792154884134
35.95160082943092 1.014529235059916
35.97454377826911 1.0122859663526647
35.99748672710729 1.0103917192965326
36.02042967594547 1.013768203266923
36.04337262478365 1.0106854845365856
36.066315573621836 1.0087856372475432
36.089258522460014 1.0148262955946026
36.1122014712982 1.0118969189021625
36.13514442013638 1.0113623328681263
36.15808736897456 1.013627079104438
36.18103031781274 1.0173896861025258
36.20397326665093 1.0109549983064132
36.226916215489105 1.013911698078499
36.24985916432729 1.0227261358787605
36.27280211316547 1.017156145972755
36.295745062003654 1.0088026395678247
36.31868801084183 1.0161186915734923
36.34163095968002 1.0138269360035086
36.364573908518196 1.0081441079787132
36.38751685735638 1.0125134436123766
36.41045980619456 1.015193957002569
36.433402755032745 1.0086124712920574
36.45634570387092 1.0129089324086484
36.47928865270911 1.0109715099239223
36.50223160154729 1.015358578625887
36.52517455038547 1.0097065638609404
36.54811749922365 1.0104823752104295
36.571060448061836 1.0166699706385804
36.594003396900014 1.0089809996002774
36.6169463457382 1.0120337326476887
36.63988929457638 1.0108962446415486
36.66283224341456 1.0171343577565402
36.68577519225274 1.0108735412707455
36.70871814109093 1.018008740023652
36.731661089929105 1.0141235829680488
36.75460403876729 1.0200910581985698
36.77754698760547 1.0126057717760348
36.800489936443654 1.017194893680366
36.82343288528183 1.0147053495332963
36.84637583412002 1.0181054659650826
36.869318782958196 1.019473203281499
36.89226173179638 1.0142881133417474
36.91520468063456 1.0139176232102118
36.938147629472745 1.0113704758406883
36.96109057831092 1.0172615146961985
36.98403352714911 1.0146995980094096
37.00697647598729 1.0082757527660648
37.02991942482547 1.0211849489489275
37.05286237366365 1.0147975744161248
37.075805322501836 1.0084412967515077
37.098748271340014 1.0174223722802205
37.1216912201782 1.0105928038656562
37.14463416901638 1.0109907210757012
37.16757711785456 1.0104903691115834
37.19052006669274 1.0192746253365963
37.21346301553093 1.0205573892344764
37.236405964369105 1.022269777777438
37.25934891320729 1.0140184071317455
37.28229186204547 1.0165162201949918
37.305234810883654 1.0051627052931917
37.32817775972183 1.017196317060174
37.35112070856002 1.0151066220898706
37.374063657398196 1.0150802338192695
37.39700660623638 1.0120896750572792
37.41994955507456 1.0184935724107878
37.442892503912745 1.009500657498055
37.46583545275092 1.0162596057478963
37.48877840158911 1.0122848094009476
37.51172135042729 1.012532199614941
37.53466429926547 1.0087040207779723
37.55760724810365 1.0097553246202562
