t/tau_0 k_BT_k/epsilon

0.1 1.0551935263783732
0.2 1.054200857083585
0.3 1.0493915259536655
0.4 1.0521456483446456
0.5 1.0473395937470797
0.6 1.0461431604316682
0.7 1.0417441438556059
0.8 1.0420693703106791
0.9 1.0446927159725574
1.0 1.0406690002990144
1.1 1.0439364102468613
1.2 1.0381875915623202
1.3 1.036369919485416
1.4 1.0343609901424264
1.5 1.0344591501644431
1.6 1.0337682085973747
1.7 1.0337084011998448
1.8 1.0339234659627767
1.9 1.0392645712506692
2.0 1.0426949648904158
2.1 1.045615622457548
2.2 1.0407887279353836
2.3 1.049086143374095
2.4 1.0569936987634163
2.5 1.0483351461171364
2.6 1.0392570412411195
2.7 1.0435846903760453
2.8 1.0499542819112198
2.9 1.0503184622787876
3.0 1.0427282357307477
3.1 1.047785269147623
3.2 1.0415945859287612
3.3 1.0422167274456782
3.4 1.0428383229359977
3.5 1.042388271167939
3.6 1.03718653912173
3.7 1.0359832088184313
3.8 1.0286726944006275
3.9 1.0308947958742665
4.0 1.0350110215665134
4.100000000000001 1.0380621529505025
4.2 1.0355276473786579
4.3 1.037618099522942
4.4 1.0387806466024676
4.5 1.0415191012382576
4.600000000000001 1.0391448817385651
4.7 1.034818753403246
4.800000000000001 1.0286900451242513
4.9 1.0331257713056217
5.0 1.0297065192344304
5.100000000000001 1.0307172377107032
5.2 1.028828611488254
5.300000000000001 1.0251339505725465
5.4 1.0224229408782137
5.5 1.0202747934974825
5.600000000000001 1.0204868164283114
5.7 1.0220211355932207
5.800000000000001 1.0228963345438775
5.9 1.0299111585117953
6.0 1.0285162276249047
6.100000000000001 1.0307273239799393
6.2 1.0284201802649442
6.300000000000001 1.0292725594042456
6.4 1.0269547877678273
6.5 1.0290185208941485
6.600000000000001 1.031951961577597
6.7 1.0283992043745929
6.800000000000001 1.0223146275114505
6.9 1.0215300541638304
7.0 1.0178634438894067
7.100000000000001 1.0097488158921077
7.2 1.004664675416449
7.300000000000001 1.0057256819404576
7.4 1.0092093279329057
7.5 1.0040243966597804
7.600000000000001 1.0072423221686402
7.7 1.0067563591997062
7.800000000000001 1.0042135053934325
7.9 1.0052940367463932
8.0 1.008935652383268
8.1 1.005866552046793
8.200000000000001 0.9991774606984294
8.3 0.9999904601898775
8.4 1.0062462853550325
8.5 1.0115956993003716
8.6 1.015811012780702
8.700000000000001 1.0077335780040597
8.8 1.0094626623880905
8.9 1.0080746400106704
9.0 1.0097347593880974
9.1 1.0107518159599533
9.200000000000001 1.0124850102106617
9.3 1.0156758766932443
9.4 1.0176642935984153
9.5 1.0213130582414638
9.600000000000001 1.0238937065390492
9.700000000000001 1.0213626944054974
9.8 1.0253721186776596
9.9 1.0323254398249175
10.0 1.0359528145965349
11.0 1.0212029187195468
12.0 1.0234190226939348
13.0 1.0092948460941817
14.0 1.005448463092509
15.0 1.010243816188407
16.0 1.0016645288986057
17.0 0.9999445641447137
18.0 0.9921635598633218
19.0 0.9871636695058201
20.0 1.0185478261199277
21.0 1.010802123383399
22.0 1.0094025913753035
23.0 1.0053102130994076
24.0 1.0101566266878996
25.0 1.015026097606004
26.0 1.0216289778413137
27.0 1.0270868462052218
28.0 1.0209259783329667
29.0 1.0067666896929985
30.0 0.9962486843385461
31.0 0.9961575098777239
32.0 0.9895864762126951
33.0 0.9933975101681242
34.0 1.0051982011240432
35.0 1.011333589844401
36.0 0.993342542949206
37.0 1.001001123936539
38.0 0.988758623602123
39.0 0.987489404879043
40.0 1.0005304282752632
41.0 0.9926413014443126
42.0 0.9883503820249832
43.0 0.9985218371426671
44.0 1.0161531824240613
45.0 1.038213578596253
46.0 1.0094712425221288
47.0 0.9906517568133559
48.0 0.9899492010176882
49.0 0.9925544681267577
50.0 0.9771125906236673
51.0 0.9601288091638007
52.0 0.9558282929924063
53.0 0.9657550256664302
54.0 0.9693393866088227
55.0 0.9815757784976287
56.0 0.9750843175560602
57.0 0.9555735294915604
58.0 0.9624965505447441
59.0 0.973670566027047
60.0 0.9864854168086712
61.0 0.9972003812242421
62.0 1.0047849863996319
63.0 1.000767000054982
64.0 0.9926338540110408
65.0 0.9884029096291979
66.0 0.9790009973735587
67.0 0.9749934320994363
68.0 0.9821601901621649
69.0 0.9829950943311448
70.0 0.9901392779307494
71.0 0.9751452908428073
72.0 0.947258027719774
73.0 0.9359207569845502
74.0 0.9400031759379978
75.0 0.9521040314872579
76.0 0.9530215527719822
77.0 0.9529328255414136
78.0 0.958557743568743
79.0 0.9682306523719555
80.0 0.9744972979046281
81.0 0.9703638712355461
82.0 0.9686155008086915
83.0 0.9906752877450018
84.0 0.966498306947656
85.0 0.9830387905913162
86.0 0.9676946083094352
87.0 0.984454316775221
88.0 0.976588327638147
89.0 0.9732655155830419
90.0 0.9677701619291564
91.0 0.981870362846524
92.0 0.9875396637407953
93.0 0.9834751214197939
94.0 0.9560729093584867
95.0 0.9811485975787354
96.0 0.9719417559864834
97.0 0.9633682201763436
98.0 0.9694512717336397
99.0 0.9524142615726883
100.0 0.971388944261806
101.0 0.9778380652912378
102.0 0.9816292567676683
103.0 0.9779862291280257
104.0 0.977993476025814
105.0 0.9791509852442157
106.0 0.9500592524478879
107.0 0.9507403955875876
108.0 0.9363375873547591
109.0 0.9396557156452323
110.0 0.9415378008209853
111.0 0.9464456638660319
112.0 0.9612350553436944
113.0 0.9488118145867401
114.0 0.9535294168410171
115.0 0.9441013992115204
116.0 0.9574471040021006
117.0 0.9534872041538955
118.0 0.9590594696523939
119.0 0.9517971089196088
120.0 0.9541031100456824
121.0 0.947665172536112
122.0 0.939499234640453
123.0 0.9635532038993432
124.0 0.9585239949266912
125.0 0.967782981498895
126.0 0.9604380281547945
127.0 0.9504312851701353
128.0 0.9404037939243579
129.0 0.9233598589384329
130.0 0.9110141890566756
131.0 0.9095323061661105
132.0 0.9152135315931949
133.0 0.9094521804212607
134.0 0.9248406475768354
135.0 0.9127106698869218
136.0 0.9083490662529051
137.0 0.9151590065154431
138.0 0.9069861104072245
139.0 0.9222211141753729
140.0 0.9349166914569531
141.0 0.9356999637898138
142.0 0.9190195478628992
143.0 0.9137744277377873
144.0 0.9026692253555211
145.0 0.9189301870387988
146.0 0.9101913857118975
147.0 0.9088875949245725
148.0 0.9073531123263588
149.0 0.9244275824947424
150.0 0.9386343183108259
151.0 0.9657239318424857
152.0 0.9827597103205061
153.0 0.9839360323876308
154.0 0.9602974594018336
155.0 0.9667653688242275
156.0 0.9666936054083834
157.0 0.9689376504333188
158.0 0.96186689545604
159.0 0.9459122197488729
160.0 0.9575718338581958
161.0 0.9455101357261604
162.0 0.9660519641420036
163.0 0.9662077448020195
164.0 0.9571616430121788
165.0 0.9882874200782436
166.0 0.9834252247160119
167.0 0.984157896166737
168.0 0.9930302106942641
169.0 1.001680171972964
170.0 0.9767472088193259
171.0 0.9744669157211513
172.0 0.9811944756025668
173.0 0.9965142042898194
174.0 0.9907494720910991
175.0 0.9869198415502287
176.0 0.9890064518947861
177.0 0.985783388844039
178.0 0.9720954797084541
179.0 0.9860798046079184
180.0 0.988543071554161
181.0 0.9892644221014202
182.0 0.9959452887597575
183.0 0.9853501342446055
184.0 1.0239497798840185
185.0 1.0325126919269152
186.0 1.0366818896787224
187.0 1.0155357629931527
188.0 0.9989244371273754
189.0 1.0051917456262696
190.0 0.9894630058549764
191.0 0.9697146538423483
192.0 0.9788520307799905
193.0 0.9857352078738424
194.0 0.9918170515794242
195.0 1.0099866032094036
196.0 0.998171948603761
197.0 0.9839811078333401
198.0 0.9674526285317029
199.0 0.9698063710197784
200.0 0.9638189443491999
201.0 0.9710644554088311
202.0 0.9766730820952588
203.0 0.9969155213592582
204.0 1.0214084055947958
205.0 1.005885393819113
206.0 0.9815504042751421
207.0 0.9895388426959523
208.0 0.9684754067847964
209.0 0.9808301309233848
210.0 0.973860226217363
211.0 1.0091629634246073
212.0 0.9996254188650431
213.0 1.0009379854438936
214.0 0.9877860157290996
215.0 0.9838732865785254
216.0 0.9802546695033076
217.0 0.9813709408497594
218.0 0.9953490523072016
219.0 0.9832233450827467
220.0 0.9834640233195759
221.0 1.0007553733092063
222.0 0.9797760693463035
223.0 0.9871287204204064
224.0 0.9765515967841536
225.0 0.9863538291221952
226.0 0.9645266287316222
227.0 0.9507537406429861
228.0 0.9390658524818771
229.0 0.9750996147261395
230.0 0.9469719132233848
231.0 0.9684244645380607
232.0 0.9655760073415852
233.0 0.9509364646098719
234.0 0.970554093931743
235.0 0.9539010680443324
236.0 0.9502144337454392
237.0 0.938315834804784
238.0 0.9345565355946339
239.0 0.9365049853150156
240.0 0.943935819590979
241.0 0.9470365524478375
242.0 0.9448229246555538
243.0 0.9590835890718324
244.0 0.9553672478049059
245.0 0.9520471065049861
246.0 0.9479882850255062
247.0 0.9492420763289088
248.0 0.9408386513169168
249.0 0.9502596883688591
250.0 0.9662358612121708
251.0 0.9743816353545369
252.0 0.9651013720382471
253.0 0.9894922031406634
254.0 0.9803055926410984
255.0 0.9818240026583626
256.0 0.9789969765355314
257.0 0.9718647712923257
258.0 0.9727186419865758
259.0 0.9767830526076284
260.0 0.9830446271121185
261.0 0.9729441047993695
262.0 0.9619761880778409
263.0 0.9648905413544682
264.0 0.9972961275908846
265.0 1.0362530546543722
266.0 1.0378731628395133
267.0 1.0359499604473232
268.0 1.0348650585414407
269.0 0.9976807929362875
270.0 0.9794306671363981
271.0 0.9653326820351481
272.0 0.9723312398438081
273.0 0.9706952728138569
274.0 0.9926453866389066
275.0 1.0043464082719302
276.0 1.018472702960075
277.0 1.0160082740638532
278.0 1.004859053083972
279.0 0.9863321040662457
280.0 0.9875070269132913
281.0 0.976405770937267
282.0 0.9743113147326978
283.0 0.9776261347037328
284.0 0.9670400219330038
285.0 0.9527955224782285
286.0 0.9678086530630703
287.0 0.9885636386798208
288.0 0.9940206737516253
289.0 1.00986611079851
290.0 0.9899255397749018
291.0 1.0031118990124082
292.0 0.9868583505396107
293.0 0.9907673823165188
294.0 0.9989900229184023
295.0 0.9972266711220368
296.0 1.0026138247414793
297.0 1.0133506439049673
298.0 1.0200402437730114
299.0 1.0051854506754698
300.0 0.9784132901357238
301.0 0.9790742247410048
302.0 0.9864399511485811
303.0 0.985684157195372
304.0 0.9896208465586491
305.0 0.9970161536774109
306.0 0.9883384737730514
307.0 0.9866062287003198
308.0 0.9934999480331452
309.0 0.9965187295810644
310.0 0.9859428199627006
311.0 0.9810214607012732
312.0 0.9563130209884297
313.0 0.9463694750252648
314.0 0.9439896244937389
315.0 0.9431219877103739
316.0 0.9431658774171947
317.0 0.9419239976934419
318.0 0.9632377117632036
319.0 0.9783147893073572
320.0 0.9890196519190235
321.0 0.993728062899887
322.0 0.9970196152811767
323.0 0.9933757211785332
324.0 0.9660364676525324
325.0 0.9657162771122193
326.0 0.9632519584030833
327.0 0.9545622099761241
328.0 0.9350736898720543
329.0 0.9557955497765033
330.0 0.9594317903933615
331.0 0.9791309233334309
332.0 0.9875521509170792
333.0 0.9822794975695306
334.0 0.9725645682138507
335.0 0.9757538420867267
336.0 0.9779815741147948
337.0 0.9709895936211778
338.0 0.963081076211075
339.0 0.965126591189018
340.0 0.9711096146884209
341.0 0.9795549280298582
342.0 0.9769975050408648
343.0 0.9595592333499979
344.0 0.9785519717041687
345.0 0.9700709638319298
346.0 0.9816672366904765
347.0 0.9896088245528537
348.0 0.9820434673359164
349.0 0.9828720678446757
350.0 0.9802542804639375
351.0 0.9635204818298048
352.0 0.9726777205200724
353.0 0.9666420822206595
354.0 0.9596364958384145
355.0 0.9831238762982627
356.0 0.9777204553114365
357.0 0.9828990693723535
358.0 0.9692310087652721
359.0 0.9592374623648494
360.0 0.9481484925941212
361.0 0.9410696665673826
362.0 0.9598411302849653
363.0 0.9654426245511971
364.0 0.9772797688713288
365.0 0.9762000349851799
366.0 0.9644539854755338
367.0 0.9670121717442137
368.0 0.9670453898821831
369.0 0.9703627292275228
370.0 0.9847377422360083
371.0 0.9722703942943571
372.0 0.9687374470969037
373.0 0.9588123760298586
374.0 0.9727705291328869
375.0 0.995608154485366
376.0 0.9800922917456335
377.0 0.9753673133582499
378.0 0.9805335634562402
379.0 0.9809895118768829
380.0 0.9771968377598499
381.0 0.976901892692948
382.0 0.9742723754644391
383.0 0.9723285927392549
384.0 0.9792244932187932
385.0 1.0031208844875201
386.0 1.003647458220898
387.0 1.0068124881428024
388.0 0.9910767786060317
389.0 0.9830085993781067
390.0 0.9559820014413656
391.0 0.9697132376186504
392.0 0.9706965353191483
393.0 0.9602963060144404
394.0 0.9570461469795093
395.0 0.9611601880090396
396.0 0.9621016659748666
397.0 0.9625419012557377
398.0 0.9591309532221637
399.0 0.9806919730101864
400.0 0.9801778458346215
401.0 0.9573408767905018
402.0 0.9635301028279668
403.0 0.9775757733662281
404.0 0.9656238911449059
405.0 0.9637340404198673
406.0 0.9663372691815952
407.0 0.9554414694778661
408.0 0.9376545162846254
409.0 0.9334280517679565
410.0 0.9376485788439307
411.0 0.9573536049334676
412.0 0.9774044232282881
413.0 1.0084757961417727
414.0 1.0167646725632815
415.0 0.9987246545490176
416.0 0.9892012896159784
417.0 0.9885882930318701
418.0 0.9926281779221281
419.0 0.9986198716144801
420.0 0.9890169992851489
421.0 0.9828531335016762
422.0 0.9819559351488781
423.0 0.9608317703754518
424.0 0.9564843312956477
425.0 0.957102641621559
426.0 0.9684604580083931
427.0 0.9572250970274672
428.0 0.9430063872817709
429.0 0.9489424803789923
430.0 0.964723421396488
431.0 0.9730472825588233
432.0 0.9676593606712827
433.0 0.9685133769586202
434.0 0.970309453737954
435.0 0.9647350569478051
436.0 0.9636907254519584
437.0 0.9820417402164944
438.0 0.9763577785738144
439.0 0.9723487606362429
440.0 0.9707613167236303
441.0 0.9711791132152141
442.0 0.9761790160417181
443.0 0.9580672448629837
444.0 0.9569021743846594
445.0 0.9407288949162217
446.0 0.942161287331911
447.0 0.9615133106213515
448.0 0.9677204913604941
449.0 0.9802112659826034
450.0 0.9705167306384199
451.0 0.9675377636922677
452.0 0.9626135423790654
453.0 0.94849782214612
454.0 0.929585971635684
455.0 0.9247752587869693
456.0 0.9378267917001966
457.0 0.9427724625373217
458.0 0.9431783429489643
459.0 0.926987962830742
460.0 0.9489570491786218
461.0 0.9556535138375877
462.0 0.9609355635522643
463.0 0.929952712894695
464.0 0.9180325102729935
465.0 0.9263028778224959
466.0 0.9167007975633783
467.0 0.9115324058956468
468.0 0.9029425396057557
469.0 0.8952888452951975
470.0 0.8928048185958464
471.0 0.8891566836664314
472.0 0.8923585005412029
473.0 0.9101153945688187
474.0 0.9290757765838802
475.0 0.9294564625232965
476.0 0.9313391486263409
477.0 0.920675395225404
478.0 0.9226503560516093
479.0 0.9221735097144095
480.0 0.9259752068824856
481.0 0.9384816337242594
482.0 0.9378656972363195
483.0 0.9390729141781353
484.0 0.9125942434314023
485.0 0.9052049403772285
486.0 0.8926963812953865
487.0 0.912377731918883
488.0 0.9088747538904156
489.0 0.8969903501177633
490.0 0.8862079400469177
491.0 0.9114741920670968
492.0 0.9204067408925056
493.0 0.9298704642398707
494.0 0.9508501954776081
495.0 0.9571508407491413
496.0 0.9676248111891208
497.0 0.9569126091662434
498.0 0.964805206016036
499.0 0.9726565866180852
500.0 0.9797800109039722
501.0 0.9895309581673608
502.0 0.9956074277620008
503.0 0.9876115416262602
504.0 0.9861271821653939
505.0 0.9862314262708356
506.0 0.9757802049857653
507.0 0.968908660407368
508.0 0.9510859552142306
509.0 0.9383363020355324
510.0 0.9406717158189943
511.0 0.936655230533035
512.0 0.9442054538429933
513.0 0.9578347671870352
514.0 0.9310883299427463
515.0 0.9185596744552076
516.0 0.9302105384583692
517.0 0.934968976719617
518.0 0.9443206151061011
519.0 0.9338761001500282
520.0 0.9499189824688928
521.0 0.9593101834181386
522.0 0.9396033683853007
523.0 0.9436007428228663
524.0 0.959469304894079
525.0 0.9570001873197344
526.0 0.9670907278597994
527.0 0.9617589923253996
528.0 0.9543920849143074
529.0 0.9638898756810714
530.0 0.989737150599337
531.0 1.0011301370633134
532.0 0.9833656274259814
533.0 0.9849284064333323
534.0 0.9785056593651493
535.0 0.9643758953403887
536.0 0.985233537093392
537.0 0.9724786340670908
538.0 0.9704824640596049
539.0 0.9673401100927345
540.0 0.980927565423042
541.0 0.9849625517398108
542.0 0.991514141715198
543.0 0.984385311668676
544.0 1.0014924025913035
545.0 0.973959843663792
546.0 0.970766742968409
547.0 0.9753188713472538
548.0 0.9763788912854864
549.0 0.9863698549792239
550.0 0.987104631920397
551.0 0.9947035453447926
552.0 0.9824835288492441
553.0 0.9806591799795301
554.0 0.9748910598701219
555.0 0.968084953605838
556.0 0.9568909804671216
557.0 0.9435247398636963
558.0 0.9489140018553327
559.0 0.9597964635412113
560.0 0.9665476536105142
561.0 0.9642242627931881
562.0 0.9596817740697692
563.0 0.9636410158055009
564.0 0.9672297544981989
565.0 0.9679957698245119
566.0 0.9584375012797496
567.0 0.9603821419251741
568.0 0.9536180581071758
569.0 0.9468399143539754
570.0 0.9431460570058781
571.0 0.9699235261619779
572.0 0.9557434845455024
573.0 0.9304502292574248
574.0 0.9549335006973105
575.0 0.9544950244849553
576.0 0.9512951467070676
577.0 0.9530182258428939
578.0 0.9414446671980581
579.0 0.949373298537919
580.0 0.973771307407205
581.0 0.9655638363613811
582.0 0.9525596263307033
583.0 0.9374998449232981
584.0 0.9225211363783986
585.0 0.9258965143173358
586.0 0.9342048041452697
587.0 0.9569892016051085
588.0 0.9692766205194877
589.0 0.9788977133062131
590.0 0.9686961347922871
591.0 0.9655335078541919
592.0 0.9549185786654091
593.0 0.9570600536128326
594.0 0.9423577169623403
595.0 0.949060144068876
596.0 0.941965795841468
597.0 0.928218357012178
598.0 0.9276726955434192
599.0 0.9285348131505857
600.0 0.9337749225158211
601.0 0.9528149746906924
602.0 0.9647582728665594
603.0 0.9742369928521344
604.0 0.9686557976143577
605.0 0.9727749165460484
606.0 0.9927057111178408
607.0 0.9785395473042982
608.0 0.96793824052376
609.0 0.976372170220188
610.0 0.9642523149131164
611.0 0.9719650218912905
612.0 1.000998007011766
613.0 1.002115037746004
614.0 1.0187336954993724
615.0 0.9721866522947984
616.0 0.9867415222423952
617.0 0.9934292249050107
618.0 0.9799033328235319
619.0 0.9697247614229022
620.0 0.9755627656843473
621.0 0.9649196637650406
622.0 0.9606199507834411
623.0 0.9375803950975156
624.0 0.9224876242519298
625.0 0.9455323419556967
626.0 0.9463322339034471
627.0 0.9385344699473717
628.0 0.9395794870287604
629.0 0.9372821250429075
630.0 0.9336651829023566
631.0 0.9414169921791167
632.0 0.9480922950952859
633.0 0.9464641832000493
634.0 0.9369874358846328
635.0 0.9519386969550816
636.0 0.9496911089805437
637.0 0.94632519903232
638.0 0.9360557293783742
639.0 0.952024382436643
640.0 0.9561229164948797
641.0 0.9288563854276983
642.0 0.9211236689285511
643.0 0.9464239397875485
644.0 0.9317284108002498
645.0 0.93113562149095
646.0 0.9481021844196015
647.0 0.9635452208548813
648.0 0.9490809342477634
649.0 0.9353259677689676
650.0 0.9472620703077675
651.0 0.951361081188649
652.0 0.9543657291799972
653.0 0.9598506067167654
654.0 0.9635229671069945
655.0 0.9581797782726508
656.0 0.9666308200677458
657.0 0.9790242505793602
658.0 0.9748469026884209
659.0 0.9639588396913507
660.0 0.9563032563594875
661.0 0.9540618253635913
662.0 0.9626150642242866
663.0 0.9569136209848551
664.0 0.9597799653764101
665.0 0.967258982661909
666.0 0.9806750517789402
667.0 0.963865651188193
668.0 0.9475515417418083
669.0 0.9509418570841458
670.0 0.9423415845416316
671.0 0.9515624774483203
672.0 0.9471829739466436
673.0 0.9647157382130607
674.0 0.9592359282943741
675.0 0.9591470410382522
676.0 0.9667431327635155
677.0 0.9599653507690477
678.0 0.990597768884785
679.0 0.9820214892036603
680.0 0.9915800055617205
681.0 0.9961037838881793
682.0 1.0307874495694898
683.0 1.016266178346247
684.0 1.0084686699829384
685.0 1.0180811295655783
686.0 1.011364875447764
687.0 1.0108440596043655
688.0 1.0172023149599458
689.0 0.9924931384381978
690.0 0.9859330400758045
691.0 0.9805658565816332
692.0 0.9687154934574302
693.0 0.9702713031196677
694.0 0.9568745420039804
695.0 0.9576240446479247
696.0 0.9519598246242296
697.0 0.9745676476745707
698.0 0.9818428180703813
699.0 0.9952082399915717
700.0 1.008011251825184
701.0 0.9952242590668912
702.0 0.9992940705592126
703.0 0.9789722324122602
704.0 0.9651084666583081
705.0 0.950388106124074
706.0 0.9613131397244941
707.0 0.9648330536095472
708.0 0.9950604785771814
709.0 0.9922091148535518
710.0 0.9898135911953145
711.0 0.9732121295346261
712.0 0.9635434031315597
713.0 0.9513238597146794
714.0 0.9586649125122155
715.0 0.9569404917078153
716.0 0.9573547587864167
717.0 0.9572788244715621
718.0 0.9569895226687996
719.0 0.9696126889536776
720.0 0.9700652453585141
721.0 0.9680179537731286
722.0 0.9794420513525562
723.0 0.968810429266106
724.0 0.9620910161878478
725.0 0.9654871256485829
726.0 0.9915491397445274
727.0 0.969445997976005
728.0 0.9699477372777053
729.0 0.994851912690725
730.0 0.9952586159139514
731.0 0.9911888820958573
732.0 0.9728728498416718
733.0 0.9505927010861989
734.0 0.9490467228523614
735.0 0.9562158410091817
736.0 0.9471363066488874
737.0 0.9540227553286623
738.0 0.9388604738100064
739.0 0.9326560602532303
740.0 0.9361442557460681
741.0 0.9487339416553461
742.0 0.9456600408032886
743.0 0.9591219860417649
744.0 0.9576326501274233
745.0 0.9657580370979767
746.0 0.9740236181681945
747.0 0.9779290052667774
748.0 0.9961260599962405
749.0 1.0024988308176606
750.0 1.01013186904617
751.0 1.0247271327172416
752.0 1.0348734456812798
753.0 1.0328330241076182
754.0 1.0152162513343035
755.0 1.0160825191751257
756.0 1.0230997297061113
757.0 1.0341103509392193
758.0 1.036230065658081
759.0 1.0242982434007715
760.0 1.0087046189673796
761.0 0.9968736577837929
762.0 0.9977359975105349
763.0 0.979125398522533
764.0 0.9719089226660748
765.0 0.9844114105983485
766.0 1.0074756001357115
767.0 1.0207093483442553
768.0 1.0226796884337772
769.0 1.0048424537455107
770.0 1.0075038579314783
771.0 1.0066676191906276
772.0 1.0015630632931463
773.0 0.9758615637845971
774.0 0.9806158510305734
775.0 0.9480285653944552
776.0 0.9606907878989469
777.0 0.9731398391503735
778.0 0.9682020388590198
779.0 0.9673291297904745
780.0 0.9703658142139753
781.0 0.9670879558051755
782.0 0.9649362738351985
783.0 0.9880233475424491
784.0 0.9887837866568105
785.0 0.9795086751026814
786.0 0.9784609634941838
787.0 0.9831361446000025
788.0 0.9987206753549254
789.0 0.9909214178260534
790.0 1.002717647961758
791.0 1.0165443895004203
792.0 1.0048338387626559
793.0 1.0001269796823902
794.0 0.9917736164850434
795.0 0.9652241130545333
796.0 0.9751157045351189
797.0 0.995128948520704
798.0 0.9969826348780038
799.0 0.9870628867112986
800.0 0.9885067012035436
801.0 0.9891065079335609
802.0 0.9822487314003376
803.0 0.9876302241598935
804.0 0.9869407684243348
805.0 0.97995943446188
806.0 0.9545691230838793
807.0 0.9535222470079407
808.0 0.9447013040087422
809.0 0.9446312600174027
810.0 0.9658406039831624
811.0 0.9574756860523218
812.0 0.9427546174505638
813.0 0.9472707977426114
814.0 0.9614859323370408
815.0 0.9617570476061046
816.0 0.9727638484705811
817.0 0.9656669804464274
818.0 0.9516452264718346
819.0 0.9439913607011062
820.0 0.9577634900705905
821.0 0.9428393585191059
822.0 0.9250285762727335
823.0 0.9205720426045086
824.0 0.9324770040644349
825.0 0.9353258179881312
826.0 0.9155142341282645
827.0 0.9072564308834844
828.0 0.8919754112196301
829.0 0.8907618681787148
830.0 0.8781026516084234
831.0 0.9045713682033435
832.0 0.8901299590072014
833.0 0.8843038842296492
834.0 0.8890675283018942
835.0 0.906049740828862
836.0 0.9275844349848477
837.0 0.9312384978490066
838.0 0.9441480824592489
839.0 0.9458134232493594
840.0 0.95624214412835
841.0 0.9506574866857603
842.0 0.9412759370825569
843.0 0.9442078642767745
844.0 0.9495737211672652
845.0 0.9143013251880493
846.0 0.9110568941489298
847.0 0.904527132470116
848.0 0.8984019030726053
849.0 0.9020436904552046
850.0 0.8910360332049541
851.0 0.890470083226176
852.0 0.8825000872731602
853.0 0.8886241696390463
854.0 0.89690985830161
855.0 0.8985626834328849
856.0 0.8988635902236022
857.0 0.8991626122086529
858.0 0.9057628359144607
859.0 0.9021368187610136
860.0 0.912499976116018
861.0 0.9200549987536917
862.0 0.9010878603756212
863.0 0.8820359888537815
864.0 0.891985679088146
865.0 0.9170700891428479
866.0 0.931524439870455
867.0 0.9328205076641227
868.0 0.927238831754682
869.0 0.9218025628737202
870.0 0.8970551079017021
871.0 0.907290162281057
872.0 0.9065705952640355
873.0 0.9114479528067564
874.0 0.9068069914113419
875.0 0.9124642263605812
876.0 0.9385992907561376
877.0 0.929180125963193
878.0 0.9578063276617945
879.0 0.9695869963340625
880.0 0.980727246911252
881.0 0.9595198991534796
882.0 0.9785031738240779
883.0 0.9621211676465362
884.0 0.9691213314150959
885.0 0.9845471036616376
886.0 0.9852508546607943
887.0 0.984536544442034
888.0 0.9835231306283483
889.0 0.9623726137790036
890.0 0.9570176744150926
891.0 0.9303231783504392
892.0 0.9293709026604462
893.0 0.9254225543928316
894.0 0.9230315306624934
895.0 0.917115810571125
896.0 0.9234802929859155
897.0 0.913081353002396
898.0 0.9173485823392655
899.0 0.9155765949979575
900.0 0.9195662665421971
901.0 0.9198656393732726
902.0 0.9315335985453588
903.0 0.9220768629687658
904.0 0.9054620984369537
905.0 0.8953756215671811
906.0 0.8783995362731444
907.0 0.8710198914624512
908.0 0.8793612601906234
909.0 0.8795989187670296
910.0 0.8885155108381106
911.0 0.8824819884227264
912.0 0.8739014366521811
913.0 0.8841201052770404
914.0 0.8680687013920133
915.0 0.8815856182685889
916.0 0.9010826620565833
917.0 0.915305426327224
918.0 0.9122122947292327
919.0 0.8987786913255006
920.0 0.8942507741152743
921.0 0.9016353604256271
922.0 0.9026616041996416
923.0 0.8828629463934374
924.0 0.8866625674042139
925.0 0.9066204369177251
926.0 0.8968749003554117
927.0 0.9019438892895044
928.0 0.9056896046842622
929.0 0.9003193595901904
930.0 0.9013904192075003
931.0 0.9063545872312295
932.0 0.915899694280891
933.0 0.923529589022646
934.0 0.9269485465809358
935.0 0.9329505947123501
936.0 0.9475162990354267
937.0 0.9331337934790358
938.0 0.9324874950257709
939.0 0.9319350561402793
940.0 0.940632608782467
941.0 0.9502878640425074
942.0 0.9561969788509413
943.0 0.9792612484435909
944.0 0.9787557121489299
945.0 0.9768276486841861
946.0 0.9675760854264162
947.0 0.946917345134408
948.0 0.9575185481720639
949.0 0.9602469798264393
950.0 0.9618250010027731
951.0 0.9751242913073194
952.0 0.9853438715939944
953.0 0.9853855353623298
954.0 0.976911331782037
955.0 0.9464605627725554
956.0 0.9372122106282191
957.0 0.9460096037688042
958.0 0.9458529317531873
959.0 0.9456955620518904
960.0 0.9578067322158231
961.0 0.9658521416227501
962.0 0.9686038949849746
963.0 0.9671237417488386
964.0 0.9648569750370116
965.0 0.94878527377833
966.0 0.9673706623540326
967.0 0.9644519067892976
968.0 0.952491194644721
969.0 0.9519897986796797
970.0 0.9485759112898995
971.0 0.9562827262970803
972.0 0.9554388681340431
973.0 0.9588283800962218
974.0 0.9412171395878378
975.0 0.931167027877564
976.0 0.9195972967981273
977.0 0.9320335249417194
978.0 0.9387194148969271
979.0 0.9338888815380981
980.0 0.9432935129314073
981.0 0.9399847900604843
982.0 0.9359257609034242
983.0 0.9306375312820159
984.0 0.9232463765133208
985.0 0.941318359589473
986.0 0.9138344714577448
987.0 0.9362522920398645
988.0 0.9209793884596731
989.0 0.9514578643433644
990.0 0.9760264346833605
991.0 0.972795806426874
992.0 0.9702343142505342
993.0 0.9755624357372954
994.0 0.966140698912219
995.0 0.9668234357033935
996.0 0.9670186275050063
997.0 0.9740797064604662
998.0 0.9707902882931625
999.0 0.9595954431398542
1000.0 0.9523332054897382
1001.0 0.9565920731318318
1002.0 0.9521217518407186
1003.0 0.963192550075413
1004.0 0.9575016740949426
1005.0 0.960659505250592
1006.0 0.9606252503883566
1007.0 0.9645306843495012
1008.0 0.9438149782730362
1009.0 0.9384647556454875
1010.0 0.942047941823661
1011.0 0.9477915422768278
1012.0 0.9755424521947276
1013.0 0.9776229765655848
1014.0 0.9895938919921596
1015.0 0.9715588094678929
1016.0 0.9649548600590563
1017.0 0.9481275448098883
1018.0 0.9387070264862512
1019.0 0.929317996749808
1020.0 0.9375696024406788
1021.0 0.960756126772717
1022.0 0.9588206647062402
1023.0 0.9438490651644521
1024.0 0.9485002886436733
1025.0 0.9322216939508419
1026.0 0.9464128523004665
1027.0 0.9440323729125325
1028.0 0.9581995504268281
1029.0 0.940593729360551
1030.0 0.9308051090441756
1031.0 0.9361867325785415
1032.0 0.9323977747116878
1033.0 0.9391049188008134
1034.0 0.9545042758151798
1035.0 0.9354593010482253
1036.0 0.9224593247260371
1037.0 0.9127403208641287
1038.0 0.9166635852071832
1039.0 0.9155676558358037
1040.0 0.906715927668837
1041.0 0.9096993482887086
1042.0 0.9070473678793733
1043.0 0.9216381527362498
1044.0 0.9234470990409575
1045.0 0.9322981325005353
1046.0 0.9747365421131017
1047.0 0.9685112785443002
1048.0 0.9710560962904096
1049.0 0.9740244384143317
1050.0 0.9567930737581072
1051.0 0.9532442007287891
1052.0 0.9626387730518735
1053.0 0.937342394955777
1054.0 0.9354565317081811
1055.0 0.933900035388145
1056.0 0.9157661787363965
1057.0 0.9236967764757736
1058.0 0.9247728265888073
1059.0 0.9260908668593373
1060.0 0.9525977899173462
1061.0 0.9617747570564189
1062.0 0.9779168715979892
1063.0 0.9584201830229764
1064.0 0.9498168845576236
1065.0 0.9323942502161124
1066.0 0.9210348791744576
1067.0 0.9236321976728494
1068.0 0.9437124787017777
1069.0 0.9416554764275891
1070.0 0.9414825425511253
1071.0 0.967372893300946
1072.0 0.9676109371618831
1073.0 0.9613193168410294
1074.0 0.9573975551179139
1075.0 0.9661031504896478
1076.0 0.9758739376654166
1077.0 0.9558982532156435
1078.0 0.9592049321126513
1079.0 0.9686827788491621
1080.0 0.9662939537600606
1081.0 0.9894632842199099
1082.0 0.9884138951021779
1083.0 0.9746302579051089
1084.0 0.9660494645700572
1085.0 0.9534971688846186
1086.0 0.9679335162407771
1087.0 0.943922545749772
1088.0 0.9600112158282167
1089.0 0.9728085255598936
1090.0 0.9848207921062082
1091.0 0.9921548547607418
1092.0 0.9832877038221849
1093.0 0.9962968061606683
1094.0 0.9927329881905503
1095.0 0.9853586430970831
1096.0 0.9806673544976489
1097.0 0.9649092763725143
1098.0 0.9685321868934637
1099.0 0.9837539080900068
1100.0 0.9680911654717445
1101.0 0.9628354059634153
1102.0 0.9574520273303737
1103.0 0.9593599382998799
1104.0 0.9542111725738753
1105.0 0.9322077635906059
1106.0 0.9333972954802189
1107.0 0.9385905976014965
1108.0 0.9248185804989101
1109.0 0.9384584197177045
1110.0 0.9593473792208845
1111.0 0.9547368153373534
1112.0 0.9612321663603158
1113.0 0.965697434306063
1114.0 0.9626150430561176
1115.0 0.9449316381668826
1116.0 0.9379732995483563
1117.0 0.9680733709954209
1118.0 0.9819317485246447
1119.0 0.99406438143097
1120.0 0.9996469247951436
1121.0 0.9855199812650248
1122.0 0.9906382985762143
1123.0 0.9869167607162412
1124.0 0.9712424376843034
1125.0 0.9739518444984965
1126.0 0.9770134109174118
1127.0 0.9631888728570821
1128.0 0.9642446972751401
1129.0 0.9715743821483608
1130.0 0.9519438833583012
1131.0 0.9556659951134513
1132.0 0.9670812537355806
1133.0 0.9694191889976175
1134.0 0.9731709029149422
1135.0 0.9667661353726016
1136.0 0.9426617654826328
1137.0 0.9414109192317011
1138.0 0.9502815003690867
1139.0 0.9622692404174454
1140.0 0.979048994620778
1141.0 0.9708458533184432
1142.0 0.964020400810458
1143.0 0.9603144571013855
1144.0 0.9667191253830346
1145.0 0.9436475392834851
1146.0 0.9567399612772851
1147.0 0.949149553351656
1148.0 0.9368344299926884
1149.0 0.9396967060687291
1150.0 0.9363783412721997
1151.0 0.9358827459841139
1152.0 0.9516846463621013
1153.0 0.9500506192613001
1154.0 0.9431550740209114
1155.0 0.9561010859867899
1156.0 0.9577180313780277
1157.0 0.9627390506713394
1158.0 0.9636378209295356
1159.0 0.9461625773446206
1160.0 0.9577141921342969
1161.0 0.9621451866038543
1162.0 0.9483194499726298
1163.0 0.9384827883478157
1164.0 0.9380160466367038
1165.0 0.929729355533893
1166.0 0.9384141716689207
1167.0 0.9656248586885298
1168.0 0.9673522330297393
1169.0 0.9724268757645278
1170.0 0.9677601116713956
1171.0 0.9779433063836747
1172.0 0.9840579413290815
1173.0 0.9867150072562858
1174.0 0.988176385628074
1175.0 0.9775208726079393
1176.0 0.9930143951467443
1177.0 0.968656484809179
1178.0 0.9780131026657939
1179.0 0.9702013522593596
1180.0 0.9559046910100024
1181.0 0.9517466455267265
1182.0 0.9605444322060428
1183.0 0.9631513086664196
1184.0 0.9521501365034319
1185.0 0.9626328249625795
1186.0 0.9552771211525541
1187.0 0.970926645678607
1188.0 0.9649743690856581
1189.0 0.9703147677981695
1190.0 0.972068745972248
1191.0 0.968408424117419
1192.0 0.9821886180521007
1193.0 0.9813433020986626
1194.0 0.979473867504241
1195.0 0.9840167198937488
1196.0 0.9991372124977295
1197.0 0.9914525112546542
1198.0 0.9887219084008395
1199.0 0.9772449349343013
1200.0 0.9594963090360398
1201.0 0.9701949370535827
1202.0 0.9625654358600588
1203.0 0.9559182714381471
1204.0 0.9580557654078058
1205.0 0.9509487590927627
1206.0 0.9647706624831429
1207.0 0.9493300062104606
1208.0 0.9491222584882291
1209.0 0.9367093620154009
1210.0 0.9307837289763846
1211.0 0.9269085325847511
1212.0 0.9253835345033863
1213.0 0.9256702715074235
1214.0 0.9326545363045937
1215.0 0.9110340436527176
1216.0 0.8981102764759568
1217.0 0.9047998934145338
1218.0 0.904929685326945
1219.0 0.9022988118185818
1220.0 0.8856534531624485
1221.0 0.8776306221845707
1222.0 0.8721890044043507
1223.0 0.8665604848582815
1224.0 0.8701937790012384
1225.0 0.8749901728929366
1226.0 0.883655888369753
1227.0 0.8913079758122959
1228.0 0.8812848986287287
1229.0 0.8853229145296746
1230.0 0.8910934906959003
1231.0 0.8896317670427255
1232.0 0.8976490463884834
1233.0 0.8971772606060975
1234.0 0.9002938527022692
1235.0 0.8846138130589163
1236.0 0.9025295451671106
1237.0 0.9162040102372334
1238.0 0.895030557983809
1239.0 0.9032701663844787
1240.0 0.8990837572137617
1241.0 0.9104312836901791
1242.0 0.9029307303766918
1243.0 0.8743243653711987
1244.0 0.8737245661852722
1245.0 0.8808007406589567
1246.0 0.9009577007908263
1247.0 0.9220305392483079
1248.0 0.9405956981511417
1249.0 0.9161539255417714
1250.0 0.9343912157177314
1251.0 0.9516586356068529
1252.0 0.9435162211965574
1253.0 0.953667297422385
1254.0 0.9505782962657767
1255.0 0.9184618087174451
1256.0 0.9287859593368901
1257.0 0.943137586959575
1258.0 0.9315684177669719
1259.0 0.9404218883398994
1260.0 0.9323677080078812
1261.0 0.9391353692720011
1262.0 0.9170272178734991
1263.0 0.9033213189341793
1264.0 0.9327411772757402
1265.0 0.9257895412529722
1266.0 0.929477225659841
1267.0 0.9375077195769908
1268.0 0.9263367488219265
1269.0 0.9435781072792221
1270.0 0.9526068463674908
1271.0 0.9489448061614436
1272.0 0.9530608742293947
1273.0 0.9530387134344205
1274.0 0.9674363052581356
1275.0 0.9755336985349141
1276.0 0.9855743006810309
1277.0 0.9822838538901928
1278.0 0.97229487031292
1279.0 0.9704175537778641
1280.0 0.969104488326377
1281.0 0.9543241872951025
1282.0 0.9470004154981728
1283.0 0.9528451611905828
1284.0 0.9443977163853461
1285.0 0.9353320223898688
1286.0 0.9493344828141487
1287.0 0.9551535367633568
1288.0 0.951001721456994
1289.0 0.9377101969618797
1290.0 0.9343236886567748
1291.0 0.9317968284052649
1292.0 0.958650638379072
1293.0 0.9465935350949826
1294.0 0.9618280456749966
1295.0 0.9571489539524514
1296.0 0.9523305871301948
1297.0 0.9585729314802229
1298.0 0.9565922050890097
1299.0 0.9503508780393316
1300.0 0.949865454336078
1301.0 0.9533820521763751
1302.0 0.9538097335629431
1303.0 0.9670544558197195
1304.0 0.976821077809195
1305.0 0.9732384319494537
1306.0 0.9656163409583429
1307.0 0.9652318608865791
1308.0 0.9759178121137847
1309.0 0.9519205077785966
1310.0 0.9450705054930882
1311.0 0.9443849965276222
1312.0 0.9503248354669183
1313.0 0.9357196390311661
1314.0 0.9305228556504772
1315.0 0.943467646793744
1316.0 0.9232580890946233
1317.0 0.9604289725411761
1318.0 0.96561440892572
1319.0 0.9693753360536614
1320.0 0.9863379976853915
1321.0 0.9665418601033865
1322.0 0.9507406852043893
1323.0 0.95265617294009
1324.0 0.9736878177457523
1325.0 0.9692669398756607
1326.0 0.9872325827315217
1327.0 0.9934824597577003
1328.0 0.9849762451202334
1329.0 0.9723823408457994
1330.0 0.9926611224988522
1331.0 0.9836955008545454
1332.0 0.9788549716278752
1333.0 0.9773357134919664
1334.0 0.9852722966977965
1335.0 0.9875865665027362
1336.0 0.9887224399540415
1337.0 0.966207211264688
1338.0 0.9665363478055038
1339.0 0.9650132920617744
1340.0 0.9561369291634018
1341.0 0.968020285287241
1342.0 0.9658450385160616
1343.0 0.9599145036715967
1344.0 0.9571367896554437
1345.0 0.9510329659282316
1346.0 0.9507290924630144
1347.0 0.9479969434885985
1348.0 0.9322549839760728
1349.0 0.9169783757182994
1350.0 0.9046994132948685
1351.0 0.9156393811453801
1352.0 0.9164114553975103
1353.0 0.9274542530216052
1354.0 0.9222146616600426
1355.0 0.92546302402077
1356.0 0.9226480090052519
1357.0 0.9344605938566521
1358.0 0.9445598573453922
1359.0 0.9590479339331083
1360.0 0.9449669665936401
1361.0 0.9262852672407329
1362.0 0.9340867935069548
1363.0 0.9294174092850724
1364.0 0.9151218287604536
1365.0 0.9170973108597267
1366.0 0.9189822365901621
1367.0 0.904346348263276
1368.0 0.9014130753121306
1369.0 0.8970993976496684
1370.0 0.8932444177863819
1371.0 0.8951138140985077
1372.0 0.9063468796022198
1373.0 0.936724429104504
1374.0 0.945090785536253
1375.0 0.9495904885595939
1376.0 0.9499070077801383
1377.0 0.953738313845947
1378.0 0.9756269454567461
1379.0 0.9951154107524083
1380.0 0.9918812685029966
1381.0 0.9838973773082662
1382.0 0.9794079006269323
1383.0 0.9806292021005554
1384.0 0.9793089720448392
1385.0 0.9844975845154285
1386.0 0.9759736881609035
1387.0 0.9774298182935887
1388.0 0.9582675520549666
1389.0 0.9688429595425679
1390.0 0.9559275648864057
1391.0 0.9684071816640598
1392.0 0.962045295408922
1393.0 0.9617099623287443
1394.0 0.9700727082767866
1395.0 0.9716103497630606
1396.0 0.9823251928062338
1397.0 0.9815472565740709
1398.0 0.9902983193020425
1399.0 0.9857108522657956
1400.0 0.974190900647948
1401.0 0.9551495926837802
1402.0 0.9576946269412836
1403.0 0.9642966361486822
1404.0 0.9616818717565548
1405.0 0.9944196456124674
1406.0 0.9828710753287924
1407.0 0.9924625678884643
1408.0 0.9951219176365287
1409.0 1.002055094111974
1410.0 1.0068002456359788
1411.0 1.0120593104803832
1412.0 1.0004080549455345
1413.0 0.9810190413518232
1414.0 0.9449927039110351
1415.0 0.9521256853928625
1416.0 0.9606164377391238
1417.0 0.9615772760827319
1418.0 0.9540409052663067
1419.0 0.9566004970782782
1420.0 0.946197024623582
1421.0 0.9666242286598962
1422.0 0.974848958049041
1423.0 0.9880644147294042
1424.0 0.9941724607721572
1425.0 1.0081824649006776
1426.0 0.9807370099686665
1427.0 0.9778473900962918
1428.0 0.9990856849269297
1429.0 0.9916275392663693
1430.0 0.9839783794863507
1431.0 0.9826658080949274
1432.0 0.9695876812287908
1433.0 0.9684842509833127
1434.0 0.9768728628955513
1435.0 0.9859469550793062
1436.0 0.9699418441857371
1437.0 0.988844619436105
1438.0 0.9739127357439958
1439.0 0.9532569638915375
1440.0 0.9538623566273394
1441.0 0.9510153238799448
1442.0 0.9643485787305641
1443.0 0.9752066293533433
1444.0 0.951425080845772
1445.0 0.9548391823696823
1446.0 0.9614733295821065
1447.0 0.962179159378252
1448.0 0.9471276576246501
1449.0 0.9479608468839459
1450.0 0.9470197595096819
1451.0 0.9587673562718362
1452.0 0.9624496376525871
1453.0 0.982795471195567
1454.0 0.9707460428287087
1455.0 0.980729837429361
1456.0 0.9703129766995117
1457.0 0.9710781138024697
1458.0 0.963680509152503
1459.0 0.9575616952682047
1460.0 0.9641768374684355
1461.0 0.9695945664942981
1462.0 0.9690021977265684
1463.0 0.967727686592089
1464.0 0.965174773459994
1465.0 0.9611925616493208
1466.0 0.957987823652411
1467.0 0.9631957629623878
1468.0 0.9758004165872581
1469.0 0.9666194986967435
1470.0 0.979235686467011
1471.0 0.9988582859275239
1472.0 0.984349274358585
1473.0 0.986262285448829
1474.0 0.9817802229606905
1475.0 0.987044796577347
1476.0 0.9753882037243262
1477.0 0.9609422916834038
1478.0 0.9658142193304977
1479.0 0.9504877783315901
1480.0 0.9666357669312873
1481.0 0.9672328651666776
1482.0 0.9636883007812423
1483.0 0.9759065155012427
1484.0 0.9501996975127327
1485.0 0.9614404206359841
1486.0 0.9544758959868178
1487.0 0.9662791098673361
1488.0 0.9677088264805812
1489.0 0.9665864826199295
1490.0 0.9533318672637348
1491.0 0.9599896510112466
1492.0 0.9404630514984451
1493.0 0.9372096794525773
1494.0 0.9375467755180263
1495.0 0.9432327584586568
1496.0 0.9252164294387961
1497.0 0.9163417111027925
1498.0 0.9318699438487454
1499.0 0.9283703384029985
1500.0 0.9308281407800919
1501.0 0.9224969696985106
1502.0 0.9341886957489246
1503.0 0.9537592325042633
1504.0 0.9407461740913338
1505.0 0.9324651374654032
1506.0 0.935112997213821
1507.0 0.9422891009131291
1508.0 0.9409887460819831
1509.0 0.94175025357927
1510.0 0.9496032028782807
1511.0 0.9456014772909158
1512.0 0.9465391618614089
1513.0 0.9658162574961586
1514.0 0.9631722939603267
1515.0 0.9687283709307332
1516.0 0.9808079292542573
1517.0 0.9625290912778277
1518.0 0.9492472894354392
1519.0 0.9630552224531342
1520.0 0.9766551791757727
1521.0 0.9821770602573009
1522.0 0.972622786255088
1523.0 0.9537008870558136
1524.0 0.9604618781972766
1525.0 0.9622394549620671
1526.0 0.9431682779518955
1527.0 0.942847893662411
1528.0 0.9537580581545486
1529.0 0.9860981560636615
1530.0 0.9959393300216709
1531.0 0.9940113753606479
1532.0 0.9803788694247257
1533.0 0.9762872724034709
1534.0 0.9754808053945997
1535.0 0.9706795870651446
1536.0 0.9569053794155897
1537.0 0.9493386064823154
1538.0 0.9694870874286183
1539.0 0.9509689929095902
1540.0 0.9747597499548878
1541.0 0.9604838992343604
1542.0 0.9587967836335951
1543.0 0.9590937492736037
1544.0 0.9707732266060601
1545.0 0.9382537960724336
1546.0 0.943114381056102
1547.0 0.9535249998389107
1548.0 0.9419607933649342
1549.0 0.9628432135165543
1550.0 0.9537265668280458
1551.0 0.9624049193720333
1552.0 0.9829130169666511
1553.0 0.9713872987097512
1554.0 0.9851499098773289
1555.0 0.9744469610559076
1556.0 0.9508587122939426
1557.0 0.9451442577997213
1558.0 0.9400511973997927
1559.0 0.9450435997833457
1560.0 0.9476548888981966
1561.0 0.9539590463714432
1562.0 0.9572565244377023
1563.0 0.9599597825490889
1564.0 0.9574572173698437
1565.0 0.96952645909917
1566.0 0.9524155589016114
1567.0 0.9404196625846982
1568.0 0.9369586186537475
1569.0 0.9355053738257173
1570.0 0.9540395558042272
1571.0 0.962833590670747
1572.0 0.9823724817717793
1573.0 0.9849380769510591
1574.0 0.9618338361354424
1575.0 0.9468121098984289
1576.0 0.9545185973991324
1577.0 0.9556193905334414
1578.0 0.9533744805574427
1579.0 0.9619088546648136
1580.0 0.9393117534690513
1581.0 0.9455111060978236
1582.0 0.9508201631853627
1583.0 0.9356805200415762
1584.0 0.962142887413372
1585.0 0.9681635406539002
1586.0 0.990140031691042
1587.0 0.981657919811085
1588.0 0.9740587366734555
1589.0 0.9866360511918405
1590.0 0.9737105386632994
1591.0 0.9729041504909113
1592.0 0.9734520015483495
1593.0 0.9729152357390263
1594.0 0.9870392733421831
1595.0 0.9879571165493184
1596.0 0.9976500226225552
1597.0 1.0007349541293173
1598.0 0.9989322991851886
1599.0 0.9833704045646428
1600.0 0.9791771102131943
1601.0 0.9477510364824446
1602.0 0.9620756456414956
1603.0 0.9486261598180757
1604.0 0.9554075102272799
1605.0 0.9243476351836749
1606.0 0.9281815256939945
1607.0 0.9103786705181849
1608.0 0.9195325846601288
1609.0 0.9107261560453137
1610.0 0.9226389163507609
1611.0 0.9087989378706665
1612.0 0.9314271541341104
1613.0 0.9176230409322417
1614.0 0.9184567026992996
1615.0 0.904840834208166
1616.0 0.9047712212181089
1617.0 0.901269990667954
1618.0 0.914289600851137
1619.0 0.9203722631488904
1620.0 0.9296551714822193
1621.0 0.9136831029992875
1622.0 0.9233439558813169
1623.0 0.9174442652011716
1624.0 0.9261094387820148
1625.0 0.9273336958790436
1626.0 0.9174998364058276
1627.0 0.9208433336489451
1628.0 0.9097029817027164
1629.0 0.9006095428274128
1630.0 0.8939867102761674
1631.0 0.8919259416320553
1632.0 0.8971607564031283
1633.0 0.909766168666498
1634.0 0.8932062760097281
1635.0 0.8940433985084498
1636.0 0.9111893598161185
1637.0 0.9211698435762434
1638.0 0.9293657622443723
1639.0 0.9302170396606491
1640.0 0.9275324366908894
1641.0 0.9199154958579931
1642.0 0.9146061755736012
1643.0 0.928151537563431
1644.0 0.9405653607616253
1645.0 0.9425447494879204
1646.0 0.9560982370542593
1647.0 0.9578547105785603
1648.0 0.967507832570927
1649.0 0.9568789728763359
1650.0 0.9716535665310959
1651.0 0.97684919071668
1652.0 0.9671236459571405
1653.0 0.9669357860241238
1654.0 0.9771195787503494
1655.0 0.9836311845132091
1656.0 0.994227024598001
1657.0 0.9802638536404544
1658.0 0.9682833688808448
1659.0 0.968848488403044
1660.0 0.9854215221470104
1661.0 0.9727094405115283
1662.0 0.9801776343057946
1663.0 0.9907739704348948
1664.0 0.9919408336054145
1665.0 0.9718603263973646
1666.0 0.9627269379227732
1667.0 0.9598429401206227
1668.0 0.9724074760232794
1669.0 0.9699994236719425
1670.0 0.9653613591612478
1671.0 0.9701055750313538
1672.0 0.9979930674126353
1673.0 0.9900162600219208
1674.0 0.981809362524913
1675.0 0.9955499493697332
1676.0 0.9809098405797079
1677.0 0.9769135063811645
1678.0 0.9613306022337124
1679.0 0.9765303979418644
1680.0 0.9731695553119357
1681.0 0.9524213310729251
1682.0 0.9607633875376983
1683.0 0.9747162416377035
1684.0 0.9793448420431705
1685.0 1.0026375583416953
1686.0 0.9857956668172594
1687.0 0.9994314432103039
1688.0 0.9910199126809521
1689.0 0.9950623630526835
1690.0 0.9874584512172181
1691.0 0.9783980057710785
1692.0 0.9965295456790988
1693.0 0.9873397575884626
1694.0 0.9847303487704316
1695.0 0.9773887030704336
1696.0 0.9789644121805559
1697.0 0.973859580131742
1698.0 0.9858947919330259
1699.0 0.9955286485679
1700.0 0.9940183426219239
1701.0 0.9963142656843577
1702.0 1.0040316873261506
1703.0 1.0013982914182915
1704.0 1.014041878147943
1705.0 1.0083921143677683
1706.0 0.99884887792244
1707.0 1.0043909320805036
1708.0 1.0023704766926766
1709.0 1.0115344894966147
1710.0 0.9988491050704817
1711.0 1.007052608476565
1712.0 1.010797891399335
1713.0 1.0204445385684207
1714.0 1.0117339428532701
1715.0 1.0027824360326334
1716.0 0.9894184270329414
1717.0 0.9943182514806759
1718.0 0.992120418211192
1719.0 0.9899710390455511
1720.0 0.9992058767645403
1721.0 0.9942458283294734
1722.0 0.9874252738758044
1723.0 0.9804395465573561
1724.0 0.988575116720962
1725.0 0.9722395070489117
1726.0 0.9752364393637697
1727.0 0.9607128412017939
1728.0 0.9798492390339139
1729.0 0.9767964097041115
1730.0 0.9815494908614628
1731.0 1.0085365309954033
1732.0 1.0254798889691592
1733.0 1.0175104628045801
1734.0 1.019804440471573
1735.0 1.01747373559925
1736.0 1.00407397332694
1737.0 0.9941952769588147
1738.0 0.9990666529097754
1739.0 0.9878952191266102
1740.0 0.9854926077874733
1741.0 0.9930064994793767
1742.0 0.989350583722411
1743.0 0.9921879883321999
1744.0 0.9738186565095033
1745.0 1.0047856890480416
1746.0 1.007051433111159
1747.0 0.989158763981513
1748.0 0.9693954180343279
1749.0 0.9715343146263568
1750.0 0.9689600318089745
1751.0 0.9860569193950732
1752.0 1.0014859689279443
1753.0 1.0103150391999658
1754.0 1.0166127914665164
1755.0 1.0117510847180369
1756.0 1.02566115043799
1757.0 1.01683822952174
1758.0 0.9939066067485799
1759.0 0.987738331866409
1760.0 0.9848180412284762
1761.0 0.9720104395074814
1762.0 0.9619652451500394
1763.0 0.932813316482679
1764.0 0.9347995802082482
1765.0 0.9431399954076445
1766.0 0.9614325114842966
1767.0 0.9819312662809253
1768.0 0.9777585235252102
1769.0 0.9839432746434469
1770.0 0.9841797851219389
1771.0 0.9853607507181611
1772.0 1.0051430653458975
1773.0 1.0020656607876213
1774.0 1.0032707038366082
1775.0 1.0079597778960847
1776.0 1.008451033782447
1777.0 1.009114838233606
1778.0 0.999414644757243
1779.0 0.993359941470654
1780.0 0.9900816603299255
1781.0 0.9616260173562751
1782.0 0.9630240595200288
1783.0 0.9645453102286009
1784.0 0.9663240519687728
1785.0 0.9855152094629733
1786.0 0.9860071728177383
1787.0 0.9842020947837409
1788.0 0.9976047905394788
1789.0 0.9969741311944542
1790.0 0.991040547056666
1791.0 0.9895682716227345
1792.0 0.988485476264124
1793.0 0.9928613337023693
1794.0 0.9859524252615761
1795.0 0.9813760363871111
1796.0 0.9802710950700331
1797.0 0.983435995584531
1798.0 1.0186867445165146
1799.0 1.0144260288405706
1800.0 1.0161747896158662
1801.0 0.9825941548695845
1802.0 0.9911323657487635
1803.0 0.9893484906346011
1804.0 0.9772282373997964
1805.0 0.974293679545335
1806.0 0.9957015166120418
1807.0 0.9672188535854345
1808.0 0.9653950955864478
1809.0 0.9809932908741121
1810.0 0.9736707483048814
1811.0 0.9753633327375473
1812.0 0.9819614108379797
1813.0 0.9957383836725482
1814.0 0.9798164444546933
1815.0 0.9907666471628949
1816.0 0.9651402633955202
1817.0 0.9559947607549624
1818.0 0.9596848394746894
1819.0 0.9972623314665287
1820.0 0.9829769111232267
1821.0 0.9791516476653538
1822.0 0.9842500360768789
1823.0 0.9975430284957991
1824.0 1.0278604036350365
1825.0 1.0278902807625743
1826.0 1.006765026695056
1827.0 0.9838437049834845
1828.0 0.9843767136506202
1829.0 0.9835390977052502
1830.0 0.9863015507824832
1831.0 0.9818401018274251
1832.0 0.9962634522032163
1833.0 0.9880844707177523
1834.0 0.9665866337318573
1835.0 0.9562114517535761
1836.0 0.9521742629876687
1837.0 0.962871079269634
1838.0 0.9892442275081089
1839.0 0.9831283813291041
1840.0 0.9799144155944948
1841.0 0.9655431096146148
1842.0 0.9587368708598145
1843.0 0.9278710492457158
1844.0 0.9223520627098344
1845.0 0.9266220261846833
1846.0 0.9155371453868636
1847.0 0.9238378580922293
1848.0 0.8997884874619795
1849.0 0.9335891160003532
1850.0 0.9145351134065602
1851.0 0.9318224007680534
1852.0 0.9327732700315285
1853.0 0.94970416738949
1854.0 0.9675005970999955
1855.0 0.943717924253129
1856.0 0.9526116608086486
1857.0 0.9519025630941851
1858.0 0.974231727940758
1859.0 0.9676325735425622
1860.0 0.9664850032512116
1861.0 0.9741299646377912
1862.0 0.9819055612363098
1863.0 0.9846075253297499
1864.0 0.9636559044678853
1865.0 0.9515151765834652
1866.0 0.9629343789438438
1867.0 0.9632040977064896
1868.0 0.9754195507859738
1869.0 0.9769897633590754
1870.0 0.9873488171125103
1871.0 1.01173769240316
1872.0 1.0140008346757594
1873.0 0.9912431397669865
1874.0 1.0008815738928938
1875.0 1.003361427703396
1876.0 0.9877738034614506
1877.0 0.98528987871398
1878.0 0.9971916997733118
1879.0 0.9826202901610259
1880.0 0.9868891237653183
1881.0 0.9843009414317836
1882.0 0.985674157194758
1883.0 0.9798295564803539
1884.0 0.9793967575927992
1885.0 0.9786707149369798
1886.0 0.9784705706356173
1887.0 0.961670470801964
1888.0 0.9651576735987284
1889.0 0.9717296966394121
1890.0 0.9603376455394794
1891.0 0.9613695718369873
1892.0 0.9739696375376609
1893.0 0.9728365807110105
1894.0 0.9802705111155288
1895.0 0.9877769557749732
1896.0 0.9779596550111596
1897.0 0.992155270111841
1898.0 0.9749501974731961
1899.0 0.9803064313274061
1900.0 0.9856722117788985
1901.0 0.9784717428402032
1902.0 0.9820971932078587
1903.0 0.9837406524163953
1904.0 0.9681190956414951
1905.0 0.9701231397566012
1906.0 0.9675945183639568
1907.0 0.964843282726331
1908.0 0.9565510909213459
1909.0 0.9421929902356385
1910.0 0.9474689666546929
1911.0 0.9526991750622129
1912.0 0.9555325671158534
1913.0 0.9620433355369231
1914.0 0.9486183047227372
1915.0 0.9351234318614159
1916.0 0.950552498403089
1917.0 0.9460584067375221
1918.0 0.9524055317656298
1919.0 0.9629758302012471
1920.0 0.954445342814666
1921.0 0.9465118362709577
1922.0 0.9623697621562585
1923.0 0.9919015674164925
1924.0 0.9911902696367113
1925.0 0.9913701217835431
1926.0 0.9744458958605726
1927.0 0.9693800249007557
1928.0 0.9650063733590898
1929.0 0.9722260695897672
1930.0 0.9688496245932621
1931.0 0.9538335236069179
1932.0 0.9389425008051212
1933.0 0.9204744166167194
1934.0 0.9388714786146185
1935.0 0.9263790938359892
1936.0 0.9218883306047388
1937.0 0.9108423900570093
1938.0 0.9249628611978513
1939.0 0.9226716079789767
1940.0 0.9242122597097658
1941.0 0.9260007558153088
1942.0 0.9111287365667369
1943.0 0.9090295440370186
1944.0 0.9141064323239995
1945.0 0.9261432154441953
1946.0 0.929931090651422
1947.0 0.9225183894479901
1948.0 0.9058559307368045
1949.0 0.9031464354950763
1950.0 0.9008884778661091
1951.0 0.913721754486874
1952.0 0.9328973091951098
1953.0 0.9446991607840098
1954.0 0.9447296230476974
1955.0 0.9417129629688852
1956.0 0.9522192209773822
1957.0 0.9486152516042383
1958.0 0.9708273459244723
1959.0 0.9653353959377627
1960.0 0.9582456384098347
1961.0 0.9780521763002753
1962.0 0.9650806372062373
1963.0 0.9599546438797285
1964.0 0.971251984307693
1965.0 0.980126018767679
1966.0 0.9755715269419891
1967.0 0.9763194319126016
1968.0 0.982973899291957
1969.0 0.9775263892270676
1970.0 0.9780422462071566
1971.0 0.963770147963376
1972.0 0.973238597695457
1973.0 0.9821681821853139
1974.0 0.9666327381655876
1975.0 0.9641702061967834
1976.0 0.960628200693308
1977.0 0.9717704143574591
1978.0 0.9463908441746719
1979.0 0.9394105440372493
1980.0 0.9426954998310546
1981.0 0.9410236936837562
1982.0 0.9270304601003356
1983.0 0.9264343366488591
1984.0 0.934934507577297
1985.0 0.9205865939471337
1986.0 0.9073247417005442
1987.0 0.9137600165596107
1988.0 0.9136342498177598
1989.0 0.8965980296796433
1990.0 0.9124699928675447
1991.0 0.9072279499065958
1992.0 0.9489565795585667
1993.0 0.9507992016807734
1994.0 0.9671378475797046
1995.0 0.9646855953204335
1996.0 0.9511556605468622
1997.0 0.9592278866618125
1998.0 0.9717121017065595
1999.0 0.9774197945982996
2000.0 0.9699252353355717
2001.0 0.9579731404365568
2002.0 0.9495243984598805
2003.0 0.961773581293149
2004.0 0.981234260890665
2005.0 0.9869367032327228
2006.0 1.0160549189077726
2007.0 0.9967835888546105
2008.0 0.9782409925408219
2009.0 0.9648867993713303
2010.0 0.9662580170555775
2011.0 0.9461503432964014
2012.0 0.9476237583678275
2013.0 0.937436475738741
2014.0 0.9481180572977175
2015.0 0.9666764203761066
2016.0 0.963538735017958
2017.0 0.957798883117612
2018.0 0.9571849549887984
2019.0 0.9438955607613835
2020.0 0.9586270324671256
2021.0 0.952023499824301
2022.0 0.9391739776355067
2023.0 0.9271775328342272
2024.0 0.9421252700292155
2025.0 0.9469158191832131
2026.0 0.9495534790441775
2027.0 0.9510185765534744
2028.0 0.9509168000699875
2029.0 0.9678082970992647
2030.0 0.9669733532527512
2031.0 0.9661802407580671
2032.0 0.9636840834714165
2033.0 0.9694585027139635
2034.0 0.959201522870511
2035.0 0.9738473299838878
2036.0 0.9798521494908163
2037.0 0.9617251974452777
2038.0 0.9626853484110589
2039.0 0.9486658406873897
2040.0 0.9356798934996304
2041.0 0.9308148144227543
2042.0 0.9262518685834651
2043.0 0.9340380253738292
2044.0 0.9438951579232411
2045.0 0.9249572391098271
2046.0 0.931338792554907
2047.0 0.9290881665851527
2048.0 0.9296273301789044
2049.0 0.9511520473084701
2050.0 0.9452392117193291
2051.0 0.9531549564327382
2052.0 0.9544690270984937
2053.0 0.9668990749880075
2054.0 0.9726715235739111
2055.0 0.9717771814955855
2056.0 0.9727673691739154
2057.0 0.9853772560420678
2058.0 1.003034888429475
2059.0 0.9967430220679528
2060.0 0.9778638187092874
2061.0 0.9669442980801805
2062.0 0.9504344911493142
2063.0 0.9679658958959196
2064.0 0.978515368644729
2065.0 0.9731446924818068
2066.0 0.9707989304644651
2067.0 0.9824755132420769
2068.0 0.9695586326074539
2069.0 0.9829542288683115
2070.0 0.9689605533216634
2071.0 0.9663359167454187
2072.0 0.9521704290489363
2073.0 0.9579007192373534
2074.0 0.9565067517004111
2075.0 0.9603496126239603
2076.0 0.9511666210555765
2077.0 0.9422226798019903
2078.0 0.9464579491199763
2079.0 0.9510310433590815
2080.0 0.9592532098389379
2081.0 0.9749989803265375
2082.0 0.9865781320418551
2083.0 1.0006632823547117
2084.0 0.9970173843776703
2085.0 0.9838829426794655
2086.0 0.9833456047235692
2087.0 0.9605561267833862
2088.0 0.9558965295845047
2089.0 0.9711598433855814
2090.0 0.9663587041268851
2091.0 0.9680098171542099
2092.0 0.9645692767959797
2093.0 0.9860851252950769
2094.0 0.9867930937094188
2095.0 0.9782215124638475
2096.0 0.9613648392558712
2097.0 0.96458432844159
2098.0 0.952763373163163
2099.0 0.9554056846834836
2100.0 0.9503337525799627
2101.0 0.9359652035336165
2102.0 0.9570695032629072
2103.0 0.956241770707468
2104.0 0.9400623939207048
2105.0 0.9426565267427428
2106.0 0.9474984876546128
2107.0 0.9403328766876037
2108.0 0.9451979259469271
2109.0 0.9456915711623145
2110.0 0.948999093322964
2111.0 0.9545271333483173
2112.0 0.9720865037905446
2113.0 0.9717245522987742
2114.0 0.9641797251797067
2115.0 0.9640386687023457
2116.0 0.9498889047414065
2117.0 0.9499661929276609
2118.0 0.9643553498152688
2119.0 0.9623802242393433
2120.0 0.9543168928522222
2121.0 0.9579302404276151
2122.0 0.9596729780687363
2123.0 0.9778070574711993
2124.0 0.9806414669335775
2125.0 0.9717047228826526
2126.0 0.9820702212951341
2127.0 0.9777428270276893
2128.0 0.9627446287247461
2129.0 0.9725541299450284
2130.0 0.9679276335471589
2131.0 0.9415370287075102
2132.0 0.9349844823145383
2133.0 0.9561355525068789
2134.0 0.9479899143461766
2135.0 0.9546936858185571
2136.0 0.9607431303989771
2137.0 0.9611490009624296
2138.0 0.9548529657902437
2139.0 0.9761179393471512
2140.0 0.9721715569492408
2141.0 0.9818793005760387
2142.0 0.9940763727355565
2143.0 0.9828071511075388
2144.0 0.9868082693770244
2145.0 0.9794081622049635
2146.0 0.9748430163965844
2147.0 0.9919049697221907
2148.0 1.0020519433205246
2149.0 1.016139563491505
2150.0 1.0133283472476955
2151.0 0.9984197143703272
2152.0 1.0182784152172477
2153.0 1.0035301326052832
2154.0 0.9895207715972688
2155.0 0.9757706897245892
2156.0 0.9719016961356818
2157.0 0.972697416758359
2158.0 0.9606511696200775
2159.0 0.9655989379520683
2160.0 0.9661401395920188
2161.0 0.9844377639990501
2162.0 0.990038687346223
2163.0 0.9768343550890007
2164.0 0.9885050948789909
2165.0 0.9816462332353311
2166.0 0.9724759672938819
2167.0 0.972732163031121
2168.0 0.9626871480449786
2169.0 0.9797093083500169
2170.0 0.9816436683382168
2171.0 0.9919395622436484
2172.0 0.988511554071381
2173.0 1.0008764347170578
2174.0 0.9780504942907345
2175.0 0.9748700267295669
2176.0 0.9754875179739175
2177.0 0.9736788582333172
2178.0 0.9688168136385581
2179.0 0.9390538739905898
2180.0 0.955744852160664
2181.0 0.9395195026901846
2182.0 0.9493902481816848
2183.0 0.9493970175075228
2184.0 0.9513592578715967
2185.0 0.9394305982207666
2186.0 0.9741767680109451
2187.0 0.9590949465653613
2188.0 0.9489157829887533
2189.0 0.9183273972510027
2190.0 0.9291613223379054
2191.0 0.8969750603064208
2192.0 0.8963272242296435
2193.0 0.8905725059488026
2194.0 0.903760893838623
2195.0 0.9213697134460576
2196.0 0.9260183304263059
2197.0 0.9415500167688707
2198.0 0.9575661951880283
2199.0 0.9701272084423088
2200.0 0.9748894641333596
2201.0 0.9746554346981808
2202.0 0.9849874234760148
2203.0 0.9847558460029674
2204.0 0.989429688870725
2205.0 0.9980494374629807
2206.0 0.9889165278952412
2207.0 0.9759806659142723
2208.0 0.980927000354348
2209.0 0.9971215150476862
2210.0 0.9909766798118091
2211.0 1.0116718950672825
2212.0 1.0267633762002077
2213.0 1.0188093645102667
2214.0 1.0093149982593708
2215.0 1.0285332592094423
2216.0 1.013502015515332
2217.0 1.012581934488522
2218.0 1.0054614380397044
2219.0 0.9805803238048136
2220.0 0.9861860767122648
2221.0 0.9646917738696761
2222.0 0.9571869065095875
2223.0 0.9646015956368694
2224.0 0.9808667125753191
2225.0 0.9642383903014397
2226.0 0.9768790794206208
2227.0 0.98159716039477
2228.0 0.9845350713602311
2229.0 0.9673867257985407
2230.0 0.9616245272210691
2231.0 0.9646772756859037
2232.0 0.9625386451341257
2233.0 0.9647959539656954
2234.0 0.9537352109041104
2235.0 0.9710284679748646
2236.0 0.9614293356670431
2237.0 0.9529873884973508
2238.0 0.9486813388518576
2239.0 0.9558665814391556
2240.0 0.9594726195112226
2241.0 0.9915520314878782
2242.0 0.9921776091066434
2243.0 0.9782607073263178
2244.0 0.964302524965072
2245.0 0.9618723755466098
2246.0 0.954155436810295
2247.0 0.9309258959551746
2248.0 0.9510162136045601
2249.0 0.936058138012031
2250.0 0.9419635468583716
2251.0 0.9101785274221756
2252.0 0.9073653664312141
2253.0 0.9079726552971797
2254.0 0.9277539781368487
2255.0 0.9341029595215883
2256.0 0.9383035619312693
2257.0 0.9518284756786191
2258.0 0.9680215200838977
2259.0 0.9609213796524051
2260.0 0.9874470345790274
2261.0 0.9820261083890459
2262.0 0.9764388446870308
2263.0 0.9816054482946424
2264.0 0.985376645380529
2265.0 0.9786587603575692
2266.0 0.9712132262122349
2267.0 0.9766056191462924
2268.0 0.9874480529643421
2269.0 0.9900538611889246
2270.0 0.9968526602972048
2271.0 0.9833584809148622
2272.0 0.9818455149723855
2273.0 0.9870454604403358
2274.0 0.9831798389852618
2275.0 0.9663687584079081
2276.0 0.9797115766923339
2277.0 0.9767762862343989
2278.0 0.957328550843769
2279.0 0.9471568450040924
2280.0 0.9334059394481848
2281.0 0.9273557433040314
2282.0 0.9144572450106402
2283.0 0.9219551240855249
2284.0 0.9183766249331518
2285.0 0.9225673123520955
2286.0 0.9210722521282735
2287.0 0.9035615541981125
2288.0 0.9017152189424605
2289.0 0.9125475912114822
2290.0 0.9057515820196793
2291.0 0.9130421929760969
2292.0 0.885691664430263
2293.0 0.8966371279395272
2294.0 0.8861757820988748
2295.0 0.894583863089944
2296.0 0.913320506797308
2297.0 0.9308635317428602
2298.0 0.9373472897396976
2299.0 0.9323640106299396
2300.0 0.9271615936811081
2301.0 0.9258037174931826
2302.0 0.9344353166653759
2303.0 0.9387315389240063
2304.0 0.937060863179294
2305.0 0.9500604380285967
2306.0 0.9636574998403946
2307.0 0.9890038220131132
2308.0 0.9728482277523665
2309.0 0.9815238192875787
2310.0 0.9765631786116771
2311.0 0.9690497091868349
2312.0 0.9628505504569539
2313.0 0.9573979532575189
2314.0 0.9529619775551973
2315.0 0.9469079235428604
2316.0 0.95329011785785
2317.0 0.9449855246970211
2318.0 0.9472691193564093
2319.0 0.9550662397705729
2320.0 0.9528416238860464
2321.0 0.9423691058613534
2322.0 0.9583776134947086
2323.0 0.9463904538430226
2324.0 0.9447472548078368
2325.0 0.9470131745078495
2326.0 0.9430676626495332
2327.0 0.9377694126080917
2328.0 0.9397771745343088
2329.0 0.9360677032856698
2330.0 0.9394672637508924
2331.0 0.950002578560556
2332.0 0.9354843972267208
2333.0 0.9259611790667787
2334.0 0.9151846422912499
2335.0 0.9352170322216121
2336.0 0.9354704620107235
2337.0 0.960030416478526
2338.0 0.9636955210766736
2339.0 0.9620342768248443
2340.0 0.9655496618180059
2341.0 0.9780742550039079
2342.0 0.9883817254795986
2343.0 0.9896203219366386
2344.0 1.0069580017302828
2345.0 1.002822429420015
2346.0 0.9873608823129318
2347.0 1.0087650494232698
2348.0 0.9930070312757445
2349.0 0.9791025419074725
2350.0 0.9769336342095375
2351.0 1.0073052657700863
2352.0 1.0029988601240576
2353.0 0.999653315185318
2354.0 0.9930349343534332
2355.0 0.978749540289187
2356.0 0.9896919446906823
2357.0 1.002479995743801
2358.0 1.0086070998983192
2359.0 1.0067587418513706
2360.0 0.9970882765857189
2361.0 1.0145115501400066
2362.0 1.0032098779604495
2363.0 0.9985329218183111
2364.0 0.9862104349654469
2365.0 0.9938917360408629
2366.0 0.9771485547982927
2367.0 0.9915353545030895
2368.0 0.9700388974086402
2369.0 0.9783430018513017
2370.0 0.9668367831658353
2371.0 0.9754465351606989
2372.0 0.979659367038994
2373.0 0.9727686207971027
2374.0 0.9663054099071748
2375.0 0.9683545467612031
2376.0 0.9697618536201613
2377.0 0.9785762719363769
2378.0 0.964347090587084
2379.0 0.961781720785031
2380.0 0.9491777257510453
2381.0 0.9432723317737421
2382.0 0.9448036918534995
2383.0 0.9631743192535713
2384.0 0.9482909396817905
2385.0 0.9714158449921596
2386.0 0.9625344101888926
2387.0 0.9887976548417908
2388.0 0.9874249161839795
2389.0 0.9941532069429148
2390.0 1.0027030209198815
2391.0 1.0039022515873508
2392.0 1.0133079332126762
2393.0 1.0169688851753704
2394.0 0.9975031301875742
2395.0 1.018586194354174
2396.0 1.0271962241220216
2397.0 1.0171450919905605
2398.0 1.0263519862757646
2399.0 1.0213132143738686
2400.0 1.0205415527899404
2401.0 1.0313522571303537
2402.0 1.0184244827344355
2403.0 1.0105928006372291
2404.0 1.0096044622700904
2405.0 0.9905910777284076
2406.0 0.9981917340385031
2407.0 0.9861948636421178
2408.0 0.9902130217719615
2409.0 1.0035168593810377
2410.0 1.004264696339948
2411.0 1.0006954160833907
2412.0 0.9944471294249629
2413.0 0.9975928666787114
2414.0 0.9880328817507513
2415.0 0.9681309022449058
2416.0 0.9842580773030531
2417.0 0.9744151706658923
2418.0 0.9623245456349011
2419.0 0.9578183660707771
2420.0 0.9570468612339382
2421.0 0.9643463045875725
2422.0 0.997632299723661
2423.0 1.001591364706411
2424.0 0.9981307197217009
2425.0 0.9879140265956641
2426.0 0.982786198830596
2427.0 0.986256613276187
2428.0 0.9740617222146353
2429.0 0.9668393380527786
2430.0 0.9925721184767766
2431.0 0.9807171977783845
2432.0 0.9845992523065709
2433.0 1.0070358903288428
2434.0 1.0025792601932135
2435.0 0.9952967410832729
2436.0 0.993473188757207
2437.0 0.9592054204267146
2438.0 0.968716979169628
2439.0 0.9864090310675362
2440.0 0.9869370306842222
2441.0 0.992525855363751
2442.0 0.9822494973458331
2443.0 0.9792870370356279
2444.0 0.9699045414694994
2445.0 0.9764044119534405
2446.0 0.9599933654401701
2447.0 0.9680066666910125
2448.0 0.9649224218764874
2449.0 0.9878653113849498
2450.0 0.992556923341629
2451.0 1.0020034897133063
2452.0 0.9997763062280264
2453.0 0.9809529176526486
2454.0 0.9894152080120009
2455.0 0.991886487439132
2456.0 0.976820375242645
2457.0 0.9643879194596694
2458.0 0.9490242025491182
2459.0 0.9725029560715772
2460.0 0.9683385320202514
2461.0 0.9627167313772246
2462.0 0.942602651753065
2463.0 0.9602713905690743
2464.0 0.9670651165329167
2465.0 0.9671713110667879
2466.0 0.9551860921881705
2467.0 0.935940012160436
2468.0 0.9399287774777333
2469.0 0.9101672139222934
2470.0 0.9075197252662441
2471.0 0.9083927402545762
2472.0 0.8981095090735925
2473.0 0.9014434992792866
2474.0 0.8969321261568484
2475.0 0.8989925192427967
2476.0 0.918375588767744
2477.0 0.9586136392770912
2478.0 0.9517529963969764
2479.0 0.9392308684418482
2480.0 0.9271399217161729
2481.0 0.9186538534559393
2482.0 0.9132072751372403
2483.0 0.911727429513196
2484.0 0.9346522412887399
2485.0 0.932297134401282
2486.0 0.9258190608294941
2487.0 0.9547978262319436
2488.0 0.9609699934509737
2489.0 0.9582317491505021
2490.0 0.9717434362888684
2491.0 0.9631681541512922
2492.0 0.9800911707546612
2493.0 0.9840765232834949
2494.0 0.9670597717272391
2495.0 0.959061578003632
2496.0 0.961114028448689
2497.0 0.9431008952153697
2498.0 0.933506043302847
2499.0 0.9069612537356951
2500.0 0.9064559335044035
2501.0 0.9144759464935776
2502.0 0.9136382650586194
2503.0 0.9320663592281233
2504.0 0.927783553565272
2505.0 0.9484927556634546
2506.0 0.9504239373577184
2507.0 0.9552780257292339
2508.0 0.9795773055336727
2509.0 0.9864973199558065
2510.0 0.995470908955397
2511.0 0.9825044465332393
2512.0 0.9824792191044128
2513.0 0.9567801042155031
2514.0 0.9798047826838088
2515.0 0.9676304048353174
2516.0 0.9698299872402847
2517.0 0.9646045001262264
2518.0 0.9565950421459531
2519.0 0.9513335273805685
2520.0 0.9674584262035989
2521.0 0.9702779037678109
2522.0 0.9833616733059637
2523.0 0.9682946451794704
2524.0 0.9624942808013545
2525.0 0.9640857910452156
2526.0 0.9622679341296767
2527.0 0.9694338059074769
2528.0 0.9658565715283199
2529.0 0.9706349498299944
2530.0 0.9741927971228147
2531.0 0.9896323733251119
2532.0 0.962838991981252
2533.0 0.9754875412023887
2534.0 0.9801678733499187
2535.0 0.9796577452957083
2536.0 0.9683056221404506
2537.0 0.9708860824241452
2538.0 0.9537376859527769
2539.0 0.9354200141793815
2540.0 0.9285892532029955
2541.0 0.94217895911904
2542.0 0.933658997841429
2543.0 0.924698478504539
2544.0 0.9205868022975203
2545.0 0.90522751858015
2546.0 0.9176508218053929
2547.0 0.9202665551236533
2548.0 0.9127110625980702
2549.0 0.9216469254139092
2550.0 0.9073554734824967
2551.0 0.8804680175361682
2552.0 0.881076512992847
2553.0 0.8743770570601888
2554.0 0.88263624770583
2555.0 0.8661782372994178
2556.0 0.865494771200934
2557.0 0.879668524628665
2558.0 0.8762604011277023
2559.0 0.8799694419170583
2560.0 0.8758349090678956
2561.0 0.8923227016445197
2562.0 0.9029499160302427
2563.0 0.9178212106091859
2564.0 0.9322994938355613
2565.0 0.918635581539416
2566.0 0.9200604201620205
2567.0 0.9025860381670441
2568.0 0.9204724770231236
2569.0 0.9023337010661819
2570.0 0.9061089848988939
2571.0 0.9293310453128987
2572.0 0.9365331643757198
2573.0 0.9519240614397291
2574.0 0.959305778371631
2575.0 0.9638515570147694
2576.0 0.9529012875097707
2577.0 0.9483525853954831
2578.0 0.9493085471343887
2579.0 0.9492387963416711
2580.0 0.9784685064899579
2581.0 0.9834742488338856
2582.0 0.9688762198678024
2583.0 0.9712659309673286
2584.0 0.9757516601578808
2585.0 0.976548701627944
2586.0 0.9679012161839118
2587.0 0.970419265257825
2588.0 0.9777685332914727
2589.0 0.9640121691914398
2590.0 0.9611128335208656
2591.0 0.962552896607963
2592.0 0.944999773393312
2593.0 0.9530656217414926
2594.0 0.9738656348208096
2595.0 0.9815982196604821
2596.0 0.975143254877417
2597.0 0.9817847321202118
2598.0 0.9657448232248125
2599.0 0.9618707693035654
2600.0 0.9819750769126786
2601.0 0.9746040084530373
2602.0 0.97457874558102
2603.0 0.9649259145062169
2604.0 0.945817286502483
2605.0 0.9516631907786358
2606.0 0.9366721330416524
2607.0 0.9302277952768716
2608.0 0.9347673872851143
2609.0 0.9606531096060129
2610.0 0.9494994305386972
2611.0 0.9611769502351148
2612.0 0.9697745151451022
2613.0 0.9639939161247163
2614.0 0.985132838809353
2615.0 0.9662155934620011
2616.0 0.9656487616237539
2617.0 0.967568774746543
2618.0 0.9769609587435392
2619.0 0.9729418444871964
2620.0 0.9418033842685715
2621.0 0.9718803431971456
2622.0 0.9597807395477806
2623.0 0.9537071808122386
2624.0 0.9449192083931448
2625.0 0.9481951688011906
2626.0 0.9529456005365671
2627.0 0.9454940464370132
2628.0 0.9452942185858134
2629.0 0.9437663763269942
2630.0 0.9388769131061798
2631.0 0.9435291494330613
2632.0 0.9564612776667933
2633.0 0.9605577905862864
2634.0 0.9564194798919097
2635.0 0.9574893002164198
2636.0 0.951715607697763
2637.0 0.9446219304125817
2638.0 0.9338619866062883
2639.0 0.9511874934568944
2640.0 0.9409484341929337
2641.0 0.9565462956567025
2642.0 0.9572452355061328
2643.0 0.9495488687323623
2644.0 0.9479687529775545
2645.0 0.934771648513343
2646.0 0.9534271671138616
2647.0 0.9641958570972117
2648.0 0.9824161085090053
2649.0 0.982467843011616
2650.0 0.97360449197877
2651.0 0.9795171947684229
2652.0 0.9923578847531898
2653.0 0.9829496833697616
2654.0 0.9678011907554375
2655.0 0.9764944328611795
2656.0 0.9469203027690378
2657.0 0.9425551110110713
2658.0 0.9438360898905482
2659.0 0.9708195538811477
2660.0 0.97095841893486
2661.0 0.9700843405934068
2662.0 0.9727741814655065
2663.0 0.9741458741577131
2664.0 0.988279352222014
2665.0 0.9598191730090052
2666.0 0.9679811552023766
2667.0 0.9737059762559508
2668.0 0.9713855331452759
2669.0 0.9522835375112864
2670.0 0.9419904437131089
2671.0 0.9603505629974615
2672.0 0.9773876610397727
2673.0 0.976305295167832
2674.0 0.9487763140846696
2675.0 0.9515967305967777
2676.0 0.9438329552893128
2677.0 0.9501000800454962
2678.0 0.9502073472578717
2679.0 0.9582508411578556
2680.0 0.9502789173067807
2681.0 0.951639715321195
2682.0 0.9690633788745198
2683.0 0.9600669180269396
2684.0 0.9479066317612261
2685.0 0.9614564966886594
2686.0 0.9646569587880929
2687.0 0.9849305165996658
2688.0 0.984094647725683
2689.0 0.9984323226613357
2690.0 0.9885630398698911
2691.0 0.9879747479088484
2692.0 0.9778875100005777
2693.0 0.9797678131170382
2694.0 0.9825860813570856
2695.0 0.982868838747272
2696.0 0.9729284876782147
2697.0 0.9809779931120219
2698.0 0.9712193262511933
2699.0 0.9629195586343373
2700.0 0.9563577092414299
2701.0 0.9641941953735182
2702.0 0.9653099452555273
2703.0 0.9765073567730506
2704.0 0.9571215613655675
2705.0 0.9513219560539268
2706.0 0.9470104092289429
2707.0 0.9532532566678258
2708.0 0.9479511519489492
2709.0 0.9320218964952645
2710.0 0.9200310283717273
2711.0 0.9368217124097111
2712.0 0.9361068851948792
2713.0 0.9561507987563858
2714.0 0.9215566057290088
2715.0 0.9307760484743065
2716.0 0.9441158942925778
2717.0 0.9466401378592936
2718.0 0.9481207891594066
2719.0 0.9340381166936205
2720.0 0.9360565530621751
2721.0 0.9359261380141207
2722.0 0.9315806716555157
2723.0 0.9184525681111229
2724.0 0.8951230299393073
2725.0 0.8908795992664598
2726.0 0.9024048624624766
2727.0 0.9043773695032415
2728.0 0.9194051148731528
2729.0 0.9214880828617383
2730.0 0.9628763449353205
2731.0 0.9621269682997093
2732.0 0.9480508307895036
2733.0 0.9404596528990525
2734.0 0.9491356416502523
2735.0 0.9650586708005353
2736.0 0.9731864027631076
2737.0 0.9461468859542956
2738.0 0.9362701751511636
2739.0 0.9079498962880619
2740.0 0.9084059429664937
2741.0 0.9204934643556697
2742.0 0.9101506763499015
2743.0 0.9263179969349903
2744.0 0.9256836141055617
2745.0 0.9110552780400919
2746.0 0.918511574607016
2747.0 0.9155412890806325
2748.0 0.8904205967718422
2749.0 0.8833213553993067
2750.0 0.8806857246980236
2751.0 0.8956528988764354
2752.0 0.8836461086228722
2753.0 0.8763624739426872
2754.0 0.8976286954127266
2755.0 0.8998301841535422
2756.0 0.9260672145853167
2757.0 0.9248615855458269
2758.0 0.9354066424745607
2759.0 0.9275233111603057
2760.0 0.9240013975910601
2761.0 0.9221507736869944
2762.0 0.9342549990089047
2763.0 0.9156518898425456
2764.0 0.9088188570331865
2765.0 0.9107355304870097
2766.0 0.9308471115786038
2767.0 0.933102977107332
2768.0 0.9344743886870355
2769.0 0.9516179737669674
2770.0 0.9538310872975554
2771.0 0.9494115007615698
2772.0 0.9722794602575802
2773.0 0.9609221385536566
2774.0 0.9864369112837809
2775.0 1.005332894638007
2776.0 1.0224462713445894
2777.0 1.0020347781847092
2778.0 0.9923388783811063
2779.0 0.9784399083960006
2780.0 0.9839814121280284
2781.0 0.9828617370379835
2782.0 0.973771314261224
2783.0 0.9728841122159114
2784.0 0.9535015402081678
2785.0 0.9670956026750638
2786.0 0.9806331029565276
2787.0 0.9739430927506929
2788.0 0.9740314592370364
2789.0 0.9690994029210274
2790.0 0.972584458588762
2791.0 0.9636912416125402
2792.0 0.9678737034483949
2793.0 0.9765753817851568
2794.0 0.986047069096933
2795.0 0.9789637752525101
2796.0 0.9638620280215247
2797.0 0.9823282580532995
2798.0 0.9896825525688507
2799.0 0.9826393267660822
2800.0 0.9814957474018635
2801.0 0.9806924914966123
2802.0 0.9886656769488436
2803.0 0.970079505121954
2804.0 0.9722087692571062
2805.0 0.9734372650545939
2806.0 0.9692708493530956
2807.0 0.9945625098814352
2808.0 0.9991222684618822
2809.0 0.995482998353474
2810.0 0.975261905176868
2811.0 0.9863661110687383
2812.0 1.0113209107501122
2813.0 1.0207171474630823
2814.0 1.0164934867871243
2815.0 1.0294188960482995
2816.0 1.035279108803578
2817.0 1.022340572838138
2818.0 1.0318448833974627
2819.0 1.0506819140443526
2820.0 1.0470833149687935
2821.0 1.056571863574258
2822.0 1.030010040784503
2823.0 1.0074003958485378
2824.0 1.0188856378697015
2825.0 1.0397406018719126
2826.0 1.0188402402799037
2827.0 1.0168817201748444
2828.0 1.0191082785641035
2829.0 1.0331560832349926
2830.0 1.0222247256499308
2831.0 1.0186236391832375
2832.0 1.0057292278354304
2833.0 0.9875335660699369
2834.0 0.9935923217059569
2835.0 0.9994718098373221
2836.0 0.9949149246531238
2837.0 1.00563298559565
2838.0 1.0043159597974671
2839.0 1.0120668812904234
2840.0 0.9924533468972436
2841.0 0.9742827624259933
2842.0 0.9625059949023269
2843.0 0.9573886790754695
2844.0 0.9537482607634311
2845.0 0.9607591435545565
2846.0 0.9555787101061547
2847.0 0.9413153407853223
2848.0 0.9610990337826537
2849.0 0.9709785056450814
2850.0 0.977567504040268
2851.0 0.9748018139561783
2852.0 0.9843260266458677
2853.0 0.9617627700969553
2854.0 0.9581929327015265
2855.0 0.9548508970489751
2856.0 0.9758779662089199
2857.0 0.9839299991755327
2858.0 0.9684724832621905
2859.0 0.9769888617595036
2860.0 0.9803011053757066
2861.0 0.9772124476796786
2862.0 0.9723211253371327
2863.0 0.9791850845030188
2864.0 0.9814161041933656
2865.0 0.9950742811245933
2866.0 0.9796203855478925
2867.0 0.9717259123040984
2868.0 0.9644853186526541
2869.0 0.9554828444129138
2870.0 0.9756873738335189
2871.0 0.9751189284257962
2872.0 0.9804320115833842
2873.0 1.0032124278539392
2874.0 1.011059521937936
2875.0 1.0011287006470746
2876.0 0.9961690981501479
2877.0 0.9814170017641022
2878.0 0.9674375493333989
2879.0 0.9498515806545113
2880.0 0.9433591846592799
2881.0 0.9466973022304227
2882.0 0.9244524543498466
2883.0 0.9316584178024468
2884.0 0.9402819333977476
2885.0 0.9477918506376971
2886.0 0.9657913012410152
2887.0 0.9544246627954058
2888.0 0.9595387384163269
2889.0 0.9706120265508155
2890.0 0.9719362975941271
2891.0 0.982655448944422
2892.0 0.9631937500034804
2893.0 0.9632125902369474
2894.0 0.9648609476072576
2895.0 0.973903059434621
2896.0 0.9582181796156114
2897.0 0.9497205622079339
2898.0 0.9513979264873307
2899.0 0.9641501151613205
2900.0 0.9622896113713759
2901.0 0.9619064264437794
2902.0 0.9413773123148961
2903.0 0.9436315508260037
2904.0 0.9442845503310734
2905.0 0.9557948173654014
2906.0 0.9802529768481005
2907.0 0.9848313370985939
2908.0 0.9909489535016377
2909.0 0.9929923805223456
2910.0 0.9910190184914265
2911.0 1.0042688439434573
2912.0 0.997366072747119
2913.0 0.9921594246305039
2914.0 0.9947315489499919
2915.0 0.9792938407608023
2916.0 0.9744744870084115
2917.0 0.9800926955697877
2918.0 0.9695825856128346
2919.0 0.947512760619213
2920.0 0.9401171156681574
2921.0 0.9467534918733888
2922.0 0.9650637224755847
2923.0 0.9683766821221742
2924.0 0.9657762741434572
2925.0 0.9689005591775942
2926.0 0.9646911072052576
2927.0 0.9800393212094383
2928.0 0.9900234303874846
2929.0 0.9919407113571557
2930.0 0.995063780310199
2931.0 0.9824188936594329
2932.0 0.9813249934648333
2933.0 0.9706505280613674
2934.0 0.9641571272671244
2935.0 0.9749564624425385
2936.0 0.9873713090164984
2937.0 0.973627998726046
2938.0 0.9685645415041385
2939.0 0.9655454081042729
2940.0 0.9710481681317982
2941.0 0.952143603201433
2942.0 0.9425097504490434
2943.0 0.9579368468565319
2944.0 0.9641187281239947
2945.0 0.9596333695662379
2946.0 0.9600390439254494
2947.0 0.9827605749925773
2948.0 0.9799891328577519
2949.0 0.9885812095931721
2950.0 0.9814987652597316
2951.0 0.9847029473174722
2952.0 0.9603865210493217
2953.0 0.9721439828040713
2954.0 0.9696418190413633
2955.0 0.987199602298305
2956.0 0.9783255851718572
2957.0 0.9724336576526011
2958.0 0.9744738450022113
2959.0 0.9746571574076842
2960.0 0.9641373574972967
2961.0 0.9505865497189603
2962.0 0.9390733171538944
2963.0 0.9446861896784575
2964.0 0.9391921969763191
2965.0 0.9495774307222572
2966.0 0.9346010153577344
2967.0 0.905350027475618
2968.0 0.8811684635982605
2969.0 0.8949957408253318
2970.0 0.8956079633923666
2971.0 0.9112874783169213
2972.0 0.9170398499590299
2973.0 0.9301816504574825
2974.0 0.9342859305375782
2975.0 0.9541606756575124
2976.0 0.9451811881163058
2977.0 0.943028292255352
2978.0 0.9414827016677337
2979.0 0.937889316310866
2980.0 0.9433443263872074
2981.0 0.955944336771946
2982.0 0.9687360757904864
2983.0 0.9653345356836465
2984.0 0.969088500479937
2985.0 0.9829349369431706
2986.0 0.9914584102528975
2987.0 0.9740567851982493
2988.0 0.97274110601893
2989.0 0.9755967211096557
2990.0 0.9892828707806072
2991.0 0.9789760855099837
2992.0 0.9769573146703033
2993.0 0.9695090752593313
2994.0 0.9894853281606112
2995.0 0.9752663191804135
2996.0 0.9609793838298074
2997.0 0.9512211461214326
2998.0 0.9536035012686834
2999.0 0.9707793207729569
3000.0 0.9717313201231507
3001.0 0.9629994290081815
3002.0 0.9596859725561139
3003.0 0.9613433921214927
3004.0 0.9677494250269024
3005.0 0.9700886940011983
3006.0 0.9969538596484899
3007.0 1.0050795890622866
3008.0 1.0056761275412915
3009.0 0.9869228122053062
3010.0 1.0046297711764314
3011.0 0.9872877957140185
3012.0 0.9919093980028236
3013.0 0.9887596630428517
3014.0 0.9786952010846056
3015.0 0.9506975481956499
3016.0 0.9479249610826559
3017.0 0.9516523939720261
3018.0 0.9562829793390417
3019.0 0.9528803266101493
3020.0 0.973523326731903
3021.0 0.9657287726027566
3022.0 0.9845490938737967
3023.0 0.9930361981189076
3024.0 0.9886218830269572
3025.0 1.0170806794447327
3026.0 1.0039909239098357
3027.0 0.9861911797547964
3028.0 1.0104507516852457
3029.0 1.0161194812072734
3030.0 1.0085039118039816
3031.0 1.0063287771807425
3032.0 1.0090779850352347
3033.0 1.0175258132170453
3034.0 1.040430937100885
3035.0 1.0142677438189032
3036.0 1.0110783303005033
3037.0 1.0080958374763904
3038.0 1.0078087533547806
3039.0 1.0099599547446039
3040.0 1.0151052936311435
3041.0 1.0075229547364697
3042.0 0.9994319965119699
3043.0 0.9967409034916204
3044.0 0.9906634090804343
3045.0 1.0090375002307284
3046.0 1.0140327544320122
3047.0 1.0055898462595105
3048.0 1.0140237894950839
3049.0 1.016420646311753
3050.0 1.0134005767305352
3051.0 0.998841955969487
3052.0 0.9898646517458131
3053.0 0.9868973069331023
3054.0 0.9794403063892008
3055.0 0.9874027914861623
3056.0 0.9704906726221199
3057.0 0.9707814816534578
3058.0 0.9622230364755897
3059.0 0.9601270649455266
3060.0 0.9733932692938849
3061.0 0.9693663493835002
3062.0 0.9831552353908408
3063.0 1.0096126571767723
3064.0 1.000432780831301
3065.0 1.0008266619823303
3066.0 0.9887063004261332
3067.0 0.9994893870905541
3068.0 0.9719007235270872
3069.0 0.9679737132055521
3070.0 0.9983612359891749
3071.0 0.9751697670274249
3072.0 0.9578213302935363
3073.0 0.9442818800057179
3074.0 0.9426385577931592
3075.0 0.9344734229713128
3076.0 0.9369036243348656
3077.0 0.9542802281221936
3078.0 0.9415053136788517
3079.0 0.9362087175178541
3080.0 0.9298572809517497
3081.0 0.9226385713391541
3082.0 0.9247785028117834
3083.0 0.9251075989284457
3084.0 0.9201207246582405
3085.0 0.9199764801442605
3086.0 0.9320989008262771
3087.0 0.9264502908762801
3088.0 0.9081115215214229
3089.0 0.9148050880040101
3090.0 0.9365353283766605
3091.0 0.9493548662104956
3092.0 0.9606687861731812
3093.0 0.9542579947311525
3094.0 0.9478378813512537
3095.0 0.9517159131352247
3096.0 0.9599396342787154
3097.0 0.9494035634352166
3098.0 0.959718694556152
3099.0 0.935374597198825
3100.0 0.9762620621262699
3101.0 0.9657396333948929
3102.0 0.9446828292902169
3103.0 0.963433864681862
3104.0 0.9329849153461248
3105.0 0.9335901597301819
3106.0 0.9333961131839066
3107.0 0.9553719956640846
3108.0 0.9796903131772717
3109.0 0.963765348131697
3110.0 0.9372561296978658
3111.0 0.933790025586363
3112.0 0.9268484234808042
3113.0 0.9306517595245374
3114.0 0.930129075235554
3115.0 0.9412562543988923
3116.0 0.9306157405055877
3117.0 0.9314385185840258
3118.0 0.9307567842403557
3119.0 0.9283357162003062
3120.0 0.9306662881055271
3121.0 0.9320415460089537
3122.0 0.9697894342518107
3123.0 0.9601481710932356
3124.0 0.9477801579981188
3125.0 0.9682583963454322
3126.0 0.943986414578745
3127.0 0.9452827309514197
3128.0 0.9288796810669483
3129.0 0.9199733631501568
3130.0 0.933619842346533
3131.0 0.9451945484626878
3132.0 0.9387026963885914
3133.0 0.9360709306760426
3134.0 0.9518414502474822
3135.0 0.9487653218359524
3136.0 0.9470242265185196
3137.0 0.9523987728940358
3138.0 0.962018831939989
3139.0 0.9434252546583387
3140.0 0.9426716852133618
3141.0 0.92399648208494
3142.0 0.9314653500129004
3143.0 0.9298278827511274
3144.0 0.9239264536613996
3145.0 0.9338282323550956
3146.0 0.9069397204715646
3147.0 0.9282736574788626
3148.0 0.9322326649040367
3149.0 0.922908523584908
3150.0 0.9082273564994784
3151.0 0.9151152602998748
3152.0 0.8960831197025477
3153.0 0.8959148503611983
3154.0 0.9172002720227311
3155.0 0.9238511117030404
3156.0 0.9295957068835993
3157.0 0.9286605376906326
3158.0 0.939946749311767
3159.0 0.9392678419027247
3160.0 0.9444461933786602
3161.0 0.9758384558831963
3162.0 0.9893778923162785
3163.0 0.9957790471787377
3164.0 1.0111257646377472
3165.0 1.0116775339434392
3166.0 1.0202614828303278
3167.0 1.0043229906942828
3168.0 1.0114585820155406
3169.0 1.0056578793429376
3170.0 1.0090436447370545
3171.0 0.9999578335674499
3172.0 0.979951215651519
3173.0 0.9800687226154
3174.0 0.9932366744127282
3175.0 0.9812025037945684
3176.0 1.0014719621166555
3177.0 0.9977391000729401
3178.0 0.995125448079708
3179.0 1.0142547756541922
3180.0 1.0067478204385265
3181.0 1.0021839713430716
3182.0 1.0054172214858583
3183.0 1.0093609220646158
3184.0 0.9907039126186419
3185.0 0.9810142755640102
3186.0 0.9742871518879419
3187.0 0.9727348707879255
3188.0 0.9754889607212884
3189.0 0.9462636696099016
3190.0 0.9586728618241857
3191.0 0.9694559851496919
3192.0 0.9870208309258632
3193.0 0.9810078255455756
3194.0 0.9820636906754501
3195.0 0.9899187187519403
3196.0 0.9899187345827235
3197.0 0.9773863576802839
3198.0 0.9850544627295518
3199.0 0.9961159711829204
3200.0 1.0040285209518687
3201.0 1.001821123407847
3202.0 1.0088170570817188
3203.0 1.00250504426452
3204.0 0.9887660569456924
3205.0 0.9782952700896068
3206.0 0.9579736163138748
3207.0 0.9784700150136271
3208.0 0.9768925148689134
3209.0 0.9787457238764805
3210.0 0.9643080679998519
3211.0 0.9687695878281438
3212.0 0.9754276472722528
3213.0 0.9723690343535493
3214.0 0.9766931584872289
3215.0 0.9942041132096442
3216.0 0.9729017963163576
3217.0 0.997052638844138
3218.0 0.9989353090938126
3219.0 1.002534871597247
3220.0 1.0052387399268685
3221.0 1.006875223320486
3222.0 0.9913480084437711
3223.0 0.9855811128374061
3224.0 0.9942090152605296
3225.0 0.9864028971529816
3226.0 0.9805240997968175
3227.0 0.9797396751583214
3228.0 0.9827584166690444
3229.0 0.9711468104339218
3230.0 0.9917716093142792
3231.0 0.9877068378134407
3232.0 0.9638989322347437
3233.0 0.9481871330623652
3234.0 0.9586421245813501
3235.0 0.9775604501482089
3236.0 0.9655407476466745
3237.0 0.9729198720998091
3238.0 0.969189009708065
3239.0 0.9663984402428568
3240.0 0.9631539741764771
3241.0 0.9731401486448712
3242.0 0.965832763193155
3243.0 0.9753342695861358
3244.0 0.9852081096057642
3245.0 0.9649002192448559
3246.0 0.9717582268805497
3247.0 0.9875432145165692
3248.0 1.0018064472530726
3249.0 0.9992404886457296
3250.0 0.9822967941281077
3251.0 0.9618783815623623
3252.0 0.9591851929225438
3253.0 0.9635706701721791
3254.0 0.9704561548175915
3255.0 0.9987940127684649
3256.0 1.0050221633866583
3257.0 1.0325318971254718
3258.0 1.0272180136518014
3259.0 1.0304915484697337
3260.0 1.0146692479263593
3261.0 1.0116884205970709
3262.0 1.0158639682132669
3263.0 1.011807404810058
3264.0 1.0095665548990491
3265.0 1.0168851857334988
3266.0 1.0032513330246615
3267.0 1.0090430155239911
3268.0 1.0008645092530781
3269.0 1.006426860754642
3270.0 1.010780509574928
3271.0 0.9872884126529311
3272.0 1.0007576828879567
3273.0 0.9914419131397159
3274.0 0.992877326101582
3275.0 0.9598582132976337
3276.0 0.9516135620992936
3277.0 0.9596176063035186
3278.0 0.9483174932367737
3279.0 0.9372756355058123
3280.0 0.9398036556292702
3281.0 0.9437647805740198
3282.0 0.9720569378764952
3283.0 0.976169386239987
3284.0 0.9722150676726298
3285.0 0.9737713530050867
3286.0 0.9626206948181648
3287.0 0.9690075673979605
3288.0 0.9631293073700962
3289.0 0.9706737449647038
3290.0 0.968014754037549
3291.0 0.9816902687199107
3292.0 0.9553874986523185
3293.0 0.9762151045670346
3294.0 0.9723465663717856
3295.0 0.9687154208629469
3296.0 1.0040410276063485
3297.0 1.0125181132359136
3298.0 1.023946944037724
3299.0 1.0273290823444643
3300.0 1.0229722589293264
3301.0 1.016279770235013
3302.0 1.016349089460595
3303.0 1.0174949334952774
3304.0 1.0118674378505728
3305.0 1.0014999278251422
3306.0 0.979103738681896
3307.0 0.9850527132569727
3308.0 0.9887752159122162
3309.0 0.9760023027674697
3310.0 0.968154163566944
3311.0 0.9774713830105615
3312.0 0.9788731042886306
3313.0 0.9639180635653123
3314.0 0.970832292898247
3315.0 0.9697232692793447
3316.0 0.9838398663414294
3317.0 0.9761869073650227
3318.0 0.9863448775797735
3319.0 0.9895017084694964
3320.0 0.9551700831865219
3321.0 0.9353709306280924
3322.0 0.9179641593977508
3323.0 0.9034929607496671
3324.0 0.8963653567745521
3325.0 0.9120132789655647
3326.0 0.9211840185660742
3327.0 0.9399849950320188
3328.0 0.9247517893889203
3329.0 0.9359867214008357
3330.0 0.9342303097078319
3331.0 0.9412872363517429
3332.0 0.942347148864739
3333.0 0.9528728758282297
3334.0 0.9267554816296476
3335.0 0.945675510230832
3336.0 0.9416855729035513
3337.0 0.9249620337022003
3338.0 0.9254013631846956
3339.0 0.9311985816145703
3340.0 0.9627175175940993
3341.0 0.9663710399918113
3342.0 0.9695490136788312
3343.0 0.950862614998171
3344.0 0.9343721272368374
3345.0 0.9438112834716982
3346.0 0.9393866170307321
3347.0 0.9367848705918538
3348.0 0.9371293978572561
3349.0 0.9353112967817984
3350.0 0.9259615649967541
3351.0 0.9245108452525743
3352.0 0.928485847201253
3353.0 0.9398368713623825
3354.0 0.9447520936485647
3355.0 0.9368829645612458
3356.0 0.9487207676330055
3357.0 0.9224498811606001
3358.0 0.9236281848584993
3359.0 0.9200055678544533
3360.0 0.9270429390049324
3361.0 0.9200887880077593
3362.0 0.919193129283434
3363.0 0.9211396257495034
3364.0 0.9114902346118724
3365.0 0.9095036649169627
3366.0 0.8829653775747447
3367.0 0.9009947961729716
3368.0 0.8981072281974715
3369.0 0.8885151084317402
3370.0 0.8979575292347723
3371.0 0.9042222591314333
3372.0 0.9083975284304394
3373.0 0.9017946630335008
3374.0 0.9233237254896111
3375.0 0.9360673129492584
3376.0 0.9206340697563759
3377.0 0.911833083746837
3378.0 0.9100490951484138
3379.0 0.9046294361263725
3380.0 0.8945037816246512
3381.0 0.8932214518326547
3382.0 0.8955378404842858
3383.0 0.882924383567404
3384.0 0.8803187541802098
3385.0 0.878768325142665
3386.0 0.8926005966083178
3387.0 0.8779749698745218
3388.0 0.8756624021013488
3389.0 0.8697777239306795
3390.0 0.870423236753399
3391.0 0.8572969474666307
3392.0 0.844232368279987
3393.0 0.8574085865897414
3394.0 0.8362159444164963
3395.0 0.8267386319281107
3396.0 0.8225322359146181
3397.0 0.823215274106605
3398.0 0.8335605978419067
3399.0 0.8607532891675298
3400.0 0.8520722994670569
3401.0 0.8411785918404335
3402.0 0.8454393651115367
3403.0 0.8398436308738306
3404.0 0.8514990233174377
3405.0 0.8559445841715609
3406.0 0.858104850947587
3407.0 0.870457708969383
3408.0 0.862229786085663
3409.0 0.8815588329205772
3410.0 0.8680414783971437
3411.0 0.8666853662670568
3412.0 0.8508685216460335
3413.0 0.841754646809504
3414.0 0.8294850342919649
3415.0 0.8281431427676524
3416.0 0.7959200474643258
3417.0 0.8033832044058891
3418.0 0.795652466294508
3419.0 0.8019496561007206
3420.0 0.8000684693628276
3421.0 0.7943762847255126
3422.0 0.7712356329543877
3423.0 0.7540003299877223
3424.0 0.7360277752618788
3425.0 0.716359444990357
3426.0 0.696283539614236
3427.0 0.6548186468518594
3428.0 0.6205032823085929
3429.0 0.5655708162336132
3430.0 0.5167112421543472
3431.0 0.4640971018488268
3432.0 0.407144193074726
3433.0 0.36068877564708124
3434.0 0.29945984770586
3435.0 0.235334986472327
3436.0 0.1692025582553534
3437.0 0.10966647147051681
3438.0 0.059269081065807805
3439.0 0.0264628436605588
3440.0 0.0110415901598716
3441.0 0.0034674618698878
3442.0 0.0006083780813344001
3443.0 8.23350199524e-05
3444.0 1.11428332456e-05
3445.0 1.5080184934e-06
3446.0 2.0408811e-07
3447.0 2.76203222e-08
3448.0 3.7380042e-09
3450.0 6.8464e-11
