t/tau_0 k_BT_k/epsilon

0.1 1.0218707012337866
0.2 1.0172037770737976
0.3 1.0171287739656234
0.4 1.0105882856565493
0.5 1.014854337725984
0.6 1.0145738473332249
0.7 1.0169396503604824
0.8 1.0172419881270707
0.9 1.0222308769375892
1.0 1.0182987540715214
1.1 1.0124493049113064
1.2 1.0065387498645477
1.3 1.0071877485906096
1.4 1.0067626896501571
1.5 1.0004477905070195
1.6 0.9982935193448261
1.7 0.9980492350089281
1.8 0.9929276397341716
1.9 0.9912461867179768
2.0 0.9852074286163169
2.1 0.9881373910252984
2.2 0.9940857391217159
2.3 0.9998704395460256
2.4 0.9971849841987283
2.5 0.9910128453915432
2.6 0.9912796202787311
2.7 0.9876521033432997
2.8 0.9874936724564062
2.9 0.9800280469469754
3.0 0.9790677988485171
3.1 0.9831886682038018
3.2 0.9810613922363149
3.3 0.980592188468455
3.4 0.9890689245921418
3.5 0.9891722653545987
3.6 0.9863349134450505
3.7 0.9850606504551294
3.8 0.9844212871102194
3.9 0.9792743270030219
4.0 0.984094288315841
4.100000000000001 0.9783195736174299
4.2 0.9777505303445284
4.3 0.9682175573214759
4.4 0.9698604527272053
4.5 0.9586022202687985
4.600000000000001 0.9585866745657772
4.7 0.9594840976565653
4.800000000000001 0.9575836234308606
4.9 0.9601025599729498
5.0 0.9620906850021476
5.100000000000001 0.9609579001393511
5.2 0.96360683389629
5.300000000000001 0.9601558675551731
5.4 0.9564229272093542
5.5 0.9567763758812324
5.600000000000001 0.9632731392930737
5.7 0.9611903128994055
5.800000000000001 0.9631828784396486
5.9 0.9580670421543929
6.0 0.9616970888842433
6.100000000000001 0.9619371629821106
6.2 0.9646439464378321
6.300000000000001 0.9644301459611636
6.4 0.9629079257135211
6.5 0.9648380465415316
6.600000000000001 0.9690814881413562
6.7 0.9635371036023195
6.800000000000001 0.9668684582269943
6.9 0.9699096525257929
7.0 0.9740468374716565
7.100000000000001 0.9740733208973843
7.2 0.9760865814800962
7.300000000000001 0.9767306828367586
7.4 0.9772455547221395
7.5 0.9814025750228179
7.600000000000001 0.9786126471395364
7.7 0.9789096443065519
7.800000000000001 0.9758386786181275
7.9 0.9763110741137944
8.0 0.979937956859434
8.1 0.9721929697504554
8.200000000000001 0.9689175047100912
8.3 0.9667921286508095
8.4 0.974469938489553
8.5 0.9728349794725334
8.6 0.9724790954347633
8.700000000000001 0.9711928217584338
8.8 0.977177547254878
8.9 0.9767813597868724
9.0 0.9727395494206341
9.1 0.9721183281655261
9.200000000000001 0.9712021110466228
9.3 0.98049980963783
9.4 0.9811624757222155
9.5 0.9820108806438558
9.600000000000001 0.9812377405318147
9.700000000000001 0.9803827387679324
9.8 0.9798578763159382
9.9 0.9776487307430886
10.0 0.9779982775104186
11.0 0.9738889994843921
12.0 0.9867449341587555
13.0 0.981319821415935
14.0 0.9770241796885684
15.0 0.9891377738038358
16.0 0.9848055547103257
17.0 0.9869647937122409
18.0 0.9586203828454438
19.0 0.954674059400016
20.0 0.9619296354906712
21.0 0.9494357481818554
22.0 0.9513654880526923
23.0 0.9643876565769254
24.0 0.9753463914277833
25.0 0.9818515718671247
26.0 0.9598418621678582
27.0 0.961755450454173
28.0 0.9567350055769825
29.0 0.9651684378733931
30.0 0.9503309409030505
31.0 0.9498241078960804
32.0 0.9416980420546166
33.0 0.9530850709994481
34.0 0.9652843331642741
35.0 0.9671924075989307
36.0 0.9621556512014979
37.0 0.987495980774821
38.0 0.9878171601072612
39.0 0.9878139819942925
40.0 0.9883298517151342
41.0 0.9905406076979215
42.0 0.9854353897812445
43.0 0.9678606452010481
44.0 0.9833072176468086
45.0 0.9773436930201769
46.0 0.9752768522754336
47.0 0.9732815743147315
48.0 0.9977270692109631
49.0 0.9965681978666663
50.0 1.0034172596449022
51.0 0.9986852516154062
52.0 0.9768756291489996
53.0 0.9863478593595675
54.0 0.9976723371192284
55.0 0.985691233693298
56.0 0.9996187498411295
57.0 0.9880243454766754
58.0 0.9713463518239038
59.0 0.9595458180061665
60.0 0.9672847404577579
61.0 0.9783111057137146
62.0 0.980930767947361
63.0 0.9859136833521298
64.0 0.9640312926098836
65.0 0.948832270251821
66.0 0.955587315814625
67.0 0.9620766908860572
68.0 0.9391621344764202
69.0 0.9550508194507452
70.0 0.9675433292367666
71.0 0.9799692025362926
72.0 0.9815235860179177
73.0 0.9931144839043918
74.0 0.9936933829605469
75.0 0.9784421420290362
76.0 1.0009163250819957
77.0 1.0003791250499035
78.0 0.9871566096381825
79.0 0.981058173103895
80.0 0.9727601771689116
81.0 0.9722570374317246
82.0 0.9841145124236255
83.0 0.9763053284304984
84.0 0.9729463127910163
85.0 0.9773683435699405
86.0 0.9705573912611246
87.0 0.9565369653419671
88.0 0.9447671630671323
89.0 0.9257866561153729
90.0 0.923163406146332
91.0 0.9194593263174753
92.0 0.9377914232531859
93.0 0.9185789972707091
94.0 0.9265336240916806
95.0 0.9110276333067985
96.0 0.8976945494264308
97.0 0.920261145578708
98.0 0.9119563283264757
99.0 0.9267374392507858
100.0 0.9297061393837824
101.0 0.9228522474344093
102.0 0.9488428955882409
103.0 0.9530260162488977
104.0 0.9711868749074737
105.0 0.9659844265332002
106.0 0.9545506714383215
107.0 0.944839946704619
108.0 0.9592190362018396
109.0 0.9775501826811235
110.0 0.9903435496056205
111.0 0.9914857025077739
112.0 0.992871712962074
113.0 0.986693003841322
114.0 0.9826283877436272
115.0 0.9895054918619897
116.0 0.9670645202439461
117.0 0.970966304989401
118.0 0.9742727353106275
119.0 0.9544134086977873
120.0 0.9770099350608982
121.0 0.9833078026766874
122.0 0.967144185096136
123.0 0.9808132002529627
124.0 0.9792999317186386
125.0 0.9769232013981058
126.0 0.9886116023456906
127.0 0.9958757215027548
128.0 0.9983689226643981
129.0 0.9832568054826705
130.0 0.9692082428361977
131.0 0.9806631267329182
132.0 0.9664356579393729
133.0 0.9515012326008913
134.0 0.9533922138746537
135.0 0.9431249879048427
136.0 0.9632063170737757
137.0 0.9793696615786682
138.0 0.9698179908576938
139.0 0.9611014112057505
140.0 0.9626906247263294
141.0 0.9610754624235242
142.0 0.9649639844226675
143.0 0.9588490484653915
144.0 0.9590611294203326
145.0 0.9662762025388411
146.0 0.9744203953581186
147.0 0.9838901269943306
148.0 0.9641382735802928
149.0 0.9644822018955823
150.0 0.9806530833799124
151.0 0.9721616641095409
152.0 0.9701338912857487
153.0 0.9697389412630534
154.0 0.9809024008063449
155.0 0.9772039854534154
156.0 0.9747290482701407
157.0 0.9753460259550867
158.0 0.9665142859263758
159.0 0.9685541698201787
160.0 0.9721189123941054
161.0 0.9588968296410127
162.0 0.9518885867722237
163.0 0.9590941825543602
164.0 0.9565675510847486
165.0 0.938658283695314
166.0 0.9317096967898699
167.0 0.9497119595636079
168.0 0.9610700762136283
169.0 0.9799238385627769
170.0 0.9778300168685317
171.0 0.9810840119797193
172.0 0.99283733481687
173.0 0.9910158557315396
174.0 0.9851651187266623
175.0 0.9783065196427467
176.0 0.9788130047203374
177.0 0.9702009802189562
178.0 0.9719727153215454
179.0 0.9647083742617077
180.0 0.9539872548110548
181.0 0.9494560290030221
182.0 0.9381061121908534
183.0 0.9419346686562635
184.0 0.9443940394110104
185.0 0.923893730344685
186.0 0.9355390396443566
187.0 0.9555837716242873
188.0 0.9552211258381631
189.0 0.9474076790828573
190.0 0.9439461729258827
191.0 0.9364550803774119
192.0 0.943575288851816
193.0 0.9345316368397943
194.0 0.9425689052636874
195.0 0.9561482820003715
196.0 0.934209017587962
197.0 0.9327897156058406
198.0 0.9406682474120324
199.0 0.9578206056909144
200.0 0.9568240840257787
201.0 0.9589067701048289
202.0 0.9689676382740439
203.0 0.9840635954101031
204.0 0.9931837563710539
205.0 1.012004784665574
206.0 0.9918889315707569
207.0 0.9857389804106986
208.0 0.9905770500183284
209.0 0.979341764724172
210.0 0.9769073929975581
211.0 0.976697819871276
212.0 0.9646517802141099
213.0 0.9583475223987785
214.0 0.9530044025852771
215.0 0.9746885159342191
216.0 0.9910446315975703
217.0 0.9799842800361741
218.0 0.9749531131894658
219.0 0.9809409277218262
220.0 0.9702936055660002
221.0 0.9744663816853402
222.0 0.9873123443135456
223.0 0.9908270069448456
224.0 1.0019071638972403
225.0 1.0040817889182423
226.0 0.9939713303828064
227.0 0.9895510440291112
228.0 0.986827245755309
229.0 1.0029533801525545
230.0 1.0090392580130705
231.0 0.9955381628187266
232.0 0.9719181763122566
233.0 0.9310138102582041
234.0 0.9271617123955018
235.0 0.9279344753909993
236.0 0.935281598590125
237.0 0.9568961000486134
238.0 0.9514319061361485
239.0 0.9463819289062945
240.0 0.9570853959876751
241.0 0.9551446549298989
242.0 0.9800773451237728
243.0 0.9881111322364676
244.0 0.998635457646003
245.0 0.9904641200382335
246.0 0.9863757165119387
247.0 0.9909576718773547
248.0 1.0012423906914147
249.0 1.009151135779605
250.0 1.0138058731211559
251.0 1.0089978351910198
252.0 0.997767517498005
253.0 0.9952962874636351
254.0 0.9835651793215158
255.0 0.9737953249006411
256.0 0.9688544486465229
257.0 0.9772655920279127
258.0 0.9590133329186081
259.0 0.9742507155783231
260.0 0.9846546059107231
261.0 0.9658074859302687
262.0 0.9668862905324127
263.0 0.9678061546372538
264.0 0.9456394759804565
265.0 0.9547403914215089
266.0 0.9640892393847613
267.0 0.9496576950850153
268.0 0.9542979950912285
269.0 0.9609950673502548
270.0 0.9405052677718094
271.0 0.9618279051780932
272.0 0.9408552964909195
273.0 0.9460933962494578
274.0 0.961840555191858
275.0 0.9784201577714186
276.0 0.9835896528327177
277.0 1.0045729110151311
278.0 0.996721127113131
279.0 0.9884340897758536
280.0 0.998286905113595
281.0 1.0029031816221152
282.0 0.9886930047315635
283.0 0.9966507053991821
284.0 0.9990362288787982
285.0 0.9864271794416162
286.0 0.9737631723479735
287.0 0.9798403377306129
288.0 0.9748724233362248
289.0 0.9578275669876828
290.0 0.948875453343218
291.0 0.9285928546107032
292.0 0.9334966800878923
293.0 0.9337621940462109
294.0 0.9361256989950067
295.0 0.9008194993163701
296.0 0.8782665214445935
297.0 0.8837399348472681
298.0 0.8822485985604189
299.0 0.8677338324897322
300.0 0.8933349934137773
301.0 0.8785598854489802
302.0 0.8944981532758771
303.0 0.890930573555144
304.0 0.8946536276960911
305.0 0.8851566314293027
306.0 0.8856489156067857
307.0 0.9036746391580982
308.0 0.8876143063067399
309.0 0.8767730917652017
310.0 0.879424304484943
311.0 0.8865714359366965
312.0 0.880942932825513
313.0 0.8932593278718469
314.0 0.8779685785918634
315.0 0.8829028415957781
316.0 0.9008276776857048
317.0 0.9072695944478919
318.0 0.9123463061634307
319.0 0.9067373924416712
320.0 0.9134698909528405
321.0 0.9263541458739619
322.0 0.9544521796550214
323.0 0.9631635562350664
324.0 0.9599112838624333
325.0 0.9749611580887179
326.0 0.967375816892137
327.0 0.9681452703341931
328.0 0.9732727639328169
329.0 0.9803112164230903
330.0 0.97032667563717
331.0 0.9500386839707442
332.0 0.9594729404154071
333.0 0.9585085230953722
334.0 0.955689537323336
335.0 0.946933316206515
336.0 0.934281136598716
337.0 0.9427836174113529
338.0 0.9466787158759257
339.0 0.9569939517251911
340.0 0.944076050431795
341.0 0.940937667921566
342.0 0.9487945438376562
343.0 0.9545372988687533
344.0 0.946983150892686
345.0 0.9408113101914879
346.0 0.9402172617104834
347.0 0.944019833454355
348.0 0.934217835250972
349.0 0.9322718443747163
350.0 0.9226051980116738
351.0 0.9308325795611218
352.0 0.9293003966419837
353.0 0.9372520057438696
354.0 0.9588044984641201
355.0 0.9708762470041963
356.0 0.9800982964758933
357.0 0.9925457794482904
358.0 1.021108180193988
359.0 1.0030359072761919
360.0 1.0100426886566336
361.0 1.003337987714105
362.0 1.0051256542744498
363.0 1.0030889172928243
364.0 1.0139433482138842
365.0 1.0270140567186519
366.0 1.0189797213993272
367.0 1.0192503804425823
368.0 1.004586035499398
369.0 0.9805653458664196
370.0 0.9841245833257789
371.0 0.9836695691969146
372.0 0.9947140796637406
373.0 0.9926056000738888
374.0 0.9868304728616115
375.0 0.9958873772188657
376.0 0.9954581253478996
377.0 0.9911956834071669
378.0 0.9947714817582962
379.0 0.9885251898848544
380.0 1.0086300007654974
381.0 1.0093246057344962
382.0 1.0117898342857188
383.0 0.9951034010256616
384.0 1.0073239984201041
385.0 1.0025272739538775
386.0 1.007507725407552
387.0 1.025867959380102
388.0 1.0312275169324105
389.0 1.0003255539114375
390.0 0.9981909716644989
391.0 1.0056381247746098
392.0 1.0052679894787464
393.0 1.011743113395815
394.0 1.0051569019156559
395.0 1.0146587811888916
396.0 1.0338460225087815
397.0 1.0245842903476567
398.0 1.0237389299507313
399.0 1.0313245086722178
400.0 1.0188418872629663
401.0 1.015483409235362
402.0 0.9918448950988697
403.0 0.9851898213743183
404.0 0.9836378864096093
405.0 0.9784736153093473
406.0 0.9678409550059772
407.0 0.9903610682503023
408.0 0.9763842200937916
409.0 0.9700149973576548
410.0 0.9561272682462277
411.0 0.9621105157317726
412.0 0.952649859371444
413.0 0.9654636280440153
414.0 0.952739900791433
415.0 0.9266269838297321
416.0 0.9169766170476729
417.0 0.9177595303049246
418.0 0.9139606339073225
419.0 0.9065917170801254
420.0 0.917748221307623
421.0 0.9287588311275992
422.0 0.90653350418304
423.0 0.9074162174877136
424.0 0.9060242601080646
425.0 0.9016114127603405
426.0 0.9192962395279409
427.0 0.9362610937892196
428.0 0.9505708020857682
429.0 0.9751466631267576
430.0 0.9913927360939854
431.0 0.9836755393672576
432.0 0.9809067662535027
433.0 0.9796300631549277
434.0 0.9798405152198016
435.0 0.9895816437743294
436.0 0.9834240356843136
437.0 0.9780869430468112
438.0 0.9739308508420954
439.0 0.9658680783357395
440.0 0.9610424182842137
441.0 0.9658464775650375
442.0 0.9631192845196151
443.0 0.9637312493369578
444.0 0.9591228617596117
445.0 0.9696781470549738
446.0 0.981506695914347
447.0 0.9676018922869998
448.0 0.9754831589144584
449.0 0.9687375848617077
450.0 0.9625395161899901
451.0 0.9571175653471151
452.0 0.9473680100808369
453.0 0.9344594673556357
454.0 0.9175540568107191
455.0 0.9393309813676239
456.0 0.9554800277752843
457.0 0.9737234284566092
458.0 0.9632068470370024
459.0 0.9718270400254905
460.0 0.9806183573766292
461.0 0.9828969300206072
462.0 0.9927098652869992
463.0 0.9762045748825307
464.0 0.9755185180686995
465.0 0.9633482813355478
466.0 0.9865420348047582
467.0 0.9889784485152306
468.0 0.9895723972593424
469.0 0.9855852252380097
470.0 0.9991925945488316
471.0 0.991637046759372
472.0 0.9989551177696422
473.0 0.9936633569348899
474.0 0.9857465111652752
475.0 0.9726038521788863
476.0 0.9654541369113112
477.0 0.9632515272822119
478.0 0.953199983661882
479.0 0.9594520745832096
480.0 0.9443793080885632
481.0 0.9366767929984465
482.0 0.9623048883110611
483.0 0.9593725824094743
484.0 0.9663389881531671
485.0 0.9684545091176744
486.0 0.9787706606523864
487.0 0.9600744663105727
488.0 0.9459400956634679
489.0 0.9401959425594821
490.0 0.9677811860646764
491.0 0.9752522427834563
492.0 0.9838237665490034
493.0 0.9889913046909438
494.0 0.9694884035160445
495.0 0.9893301066780715
496.0 0.9865715020876239
497.0 0.990516690437976
498.0 0.974848905416913
499.0 0.9990568723817594
500.0 1.0073638219163379
501.0 0.9995841297472128
502.0 1.0133320701387662
503.0 1.0153218149608076
504.0 0.9973316192923164
505.0 0.9708139670375766
506.0 0.9530396632874918
507.0 0.9611334016184465
508.0 0.9872775480710979
509.0 0.99014976045509
510.0 0.9897381837129837
511.0 0.9776471986749009
512.0 0.9868716108413089
513.0 0.9797083606442186
514.0 0.9682166239914093
515.0 0.9345923095503718
516.0 0.9310800712913034
517.0 0.9452903067942924
518.0 0.943812147091457
519.0 0.9510887418000449
520.0 0.9605568077079758
521.0 0.9424422941301864
522.0 0.9418771453649295
523.0 0.9601546111629229
524.0 0.9664674335148791
525.0 0.9619468904318161
526.0 0.9809672138140252
527.0 1.0051839813796135
528.0 0.9901772239348073
529.0 0.9722728545088986
530.0 0.9621772404359303
531.0 0.9708717315964209
532.0 0.974164501084716
533.0 0.9579870254882611
534.0 0.9592730181562252
535.0 0.9794610927958749
536.0 1.0050537278505813
537.0 1.0023588386030435
538.0 1.0039219236202848
539.0 0.9837357292718327
540.0 0.975388182187797
541.0 0.9833266449735827
542.0 0.9809426167014731
543.0 0.9947484307630488
544.0 1.0049962892644675
545.0 0.9999165365472763
546.0 1.0051361099889151
547.0 1.0111161151153787
548.0 1.0178017991924801
549.0 1.011349567931444
550.0 1.0096475284650552
551.0 1.0176486947401833
552.0 1.0087198281762992
553.0 1.0063679655239988
554.0 1.0112928993639119
555.0 0.9933105187106763
556.0 0.9884701329083843
557.0 0.9581831946867352
558.0 0.9759531860511814
559.0 0.9628961412146172
560.0 0.9752458230858944
561.0 0.9827230984409718
562.0 0.9934251498472317
563.0 0.992175988715131
564.0 0.9904142669017009
565.0 0.9883475761925803
566.0 0.9928853065923677
567.0 0.9747903111419756
568.0 0.979889437484092
569.0 0.9944322074433002
570.0 0.999193020763629
571.0 0.9906621304541895
572.0 0.9883120537912159
573.0 0.9985605590005742
574.0 0.989742301020858
575.0 0.9771778458155177
576.0 0.9771848198392226
577.0 0.9707544032477005
578.0 0.9887084283290981
579.0 0.993221877966454
580.0 0.9750391862696702
581.0 0.9517772424073068
582.0 0.9497957899657556
583.0 0.9553769844497602
584.0 0.9694594005430291
585.0 0.9711463593803892
586.0 0.9696721086721427
587.0 0.9585221574360011
588.0 0.9415086540188158
589.0 0.9243302822474533
590.0 0.9318276541905737
591.0 0.942324130168459
592.0 0.9538522659253914
593.0 0.9494281189878333
594.0 0.9385547040020228
595.0 0.9665552542926354
596.0 0.9564365713968114
597.0 0.9536560649861755
598.0 0.9628162713685198
599.0 0.9764239952597752
600.0 0.9857269081858758
601.0 0.9792754588074463
602.0 1.0087803889367222
603.0 1.012687423500169
604.0 0.9960225303677271
605.0 1.0022948269153964
606.0 0.9943249021597017
607.0 0.9844977611534714
608.0 0.9882651104846779
609.0 0.9765188232045497
610.0 0.9991501874215152
611.0 1.0055977468688293
612.0 0.9967194745825025
613.0 1.0073954579433546
614.0 1.0038073053009056
615.0 1.0073141558530339
616.0 1.0041191944719186
617.0 1.0184972426741887
618.0 1.0023691287518899
619.0 1.0100351630859192
620.0 1.0002863863807354
621.0 1.0150647294735966
622.0 1.02775296010187
623.0 1.0449278321163002
624.0 1.0245582576359067
625.0 1.001693213128041
626.0 0.978620734695682
627.0 0.9819922260082847
628.0 0.9956164083492893
629.0 0.9938279822295293
630.0 1.0021127836124966
631.0 1.0025381726572387
632.0 0.987532398064492
633.0 0.9545303000516501
634.0 0.9500754524438462
635.0 0.9521629771123876
636.0 0.9643263922548456
637.0 0.9702792833502858
638.0 0.9717186079063109
639.0 0.9737405543266245
640.0 0.983721837380588
641.0 0.9729420172515727
642.0 0.9788595996554381
643.0 0.9696169833144046
644.0 0.9693578755145307
645.0 0.9717636432148679
646.0 0.9558469136038854
647.0 0.952652199502622
648.0 0.9647766194405507
649.0 0.9546471542954839
650.0 0.9493184788107663
651.0 0.9476709383863318
652.0 0.9413872252099162
653.0 0.9351776525883395
654.0 0.9477309819829877
655.0 0.9596446945016496
656.0 0.95067155767088
657.0 0.9545245013706761
658.0 0.9533013922199636
659.0 0.9691623711045869
660.0 0.9677775452391627
661.0 0.9439784974548596
662.0 0.939027862767057
663.0 0.9412059412190249
664.0 0.930487042606875
665.0 0.9278851055527866
666.0 0.9132569079961126
667.0 0.9248219317316095
668.0 0.9393027239676928
669.0 0.949141284504097
670.0 0.9375235020139667
671.0 0.957321239779103
672.0 0.9724027719240944
673.0 0.9722231728021219
674.0 0.9504308686238152
675.0 0.9566376712364099
676.0 0.9607607897754583
677.0 0.9570572192842928
678.0 0.9578825414916674
679.0 0.9394330201757913
680.0 0.9232800095544516
681.0 0.9353380131469535
682.0 0.9508153668836486
683.0 0.9671217507074333
684.0 0.9738418711181938
685.0 0.9758309252080986
686.0 0.9886318794036546
687.0 0.9960871340195535
688.0 0.9912177169257355
689.0 0.9777603675417115
690.0 0.9596612670435997
691.0 0.9715313352193558
692.0 0.970143893948924
693.0 0.99024066178237
694.0 0.9911060993871115
695.0 0.9933353135648947
696.0 0.9787079676379061
697.0 0.9640395106143185
698.0 0.9612905991211141
699.0 0.969385724612
700.0 0.9714947309284551
701.0 0.977415499562816
702.0 0.9742489047160227
703.0 0.9887762900704054
704.0 0.992592196849882
705.0 0.998129323908775
706.0 0.9932919801008175
707.0 0.9843308004863486
708.0 0.9917649785768117
709.0 0.9853435029907187
710.0 0.9931837057391046
711.0 1.010176999941048
712.0 0.9902261421486914
713.0 0.9818981698646695
714.0 0.9726623255367463
715.0 0.9594382483746962
716.0 0.9558394117732687
717.0 0.9536514483816717
718.0 0.9620566196823435
719.0 0.9628870939456297
720.0 0.9413930514683815
721.0 0.9445754918218212
722.0 0.9552997007117824
723.0 0.9572290477444225
724.0 0.9641393889009453
725.0 0.9557300303534756
726.0 0.9461703743398487
727.0 0.951543547367318
728.0 0.9619687588303361
729.0 0.9636340373527228
730.0 0.9502470942892751
731.0 0.9542433355555255
732.0 0.9543071187959778
733.0 0.9537900398345108
734.0 0.9493684824270183
735.0 0.9635353174671213
736.0 0.9613579193988443
737.0 0.9669529210121468
738.0 0.9785087049420994
739.0 0.9714677862082868
740.0 0.9901682163692165
741.0 0.964514865504795
742.0 0.9875026920408245
743.0 0.9841439102222654
744.0 0.9865228370742318
745.0 0.9798840137104031
746.0 0.9766770231781898
747.0 0.9751961504815443
748.0 0.9916549177865897
749.0 0.9899401690561218
750.0 0.9904321729289336
751.0 1.0032498118824396
752.0 0.9979474641527741
753.0 0.9973260002059557
754.0 0.9720680630668573
755.0 0.970255347008529
756.0 0.9470963716405165
757.0 0.9584277582264292
758.0 0.9557814013408719
759.0 0.9511807937085986
760.0 0.9661559775517394
761.0 0.9746017077544937
762.0 0.9902188493067994
763.0 0.970261875094079
764.0 0.9768566642119876
765.0 0.9820550698093451
766.0 0.9920558997395448
767.0 0.9792632676930486
768.0 0.9647096140713135
769.0 0.9688883073744823
770.0 0.9598502576997843
771.0 0.976893103398643
772.0 0.964495386372708
773.0 0.9700370227033384
774.0 0.9849409782959364
775.0 0.9895460295308911
776.0 0.9899995288769128
777.0 0.9835504847263501
778.0 0.9903403699550302
779.0 0.9800007731785977
780.0 0.9663865748040041
781.0 0.9660179852532276
782.0 0.9705356870103492
783.0 1.005276706025421
784.0 0.999873817186512
785.0 0.994439529527177
786.0 0.9921773714799818
787.0 0.9774945689023612
788.0 0.95984495361065
789.0 0.9749148740895326
790.0 0.9765433201189854
791.0 0.9703691465570904
792.0 0.9828306359501285
793.0 0.9783056343054337
794.0 0.9672625483359478
795.0 0.9668781959130701
796.0 0.9724359051046575
797.0 0.9527736833030284
798.0 0.950234097304566
799.0 0.9504546171186318
800.0 0.932767189737256
801.0 0.9410346111430747
802.0 0.9511791484398499
803.0 0.9580544920069155
804.0 0.9597724823529112
805.0 0.9434171437271784
806.0 0.9459562490915703
807.0 0.9653353201245597
808.0 0.9522939890699943
809.0 0.9375765534926052
810.0 0.9533366637784733
811.0 0.9664197870234282
812.0 0.9679663995256735
813.0 0.968519128594042
814.0 0.9867840561300133
815.0 0.9690911281124371
816.0 0.9603544794083414
817.0 0.9770506506729228
818.0 0.9639842561791667
819.0 0.9620952603648713
820.0 0.9843724513920928
821.0 0.9710648087522475
822.0 0.9770914472959538
823.0 0.9884209678318461
824.0 0.9778084739571188
825.0 0.9924365062198974
826.0 0.9811389875754468
827.0 0.9927325581225261
828.0 1.0005272833722176
829.0 0.9649042688153612
830.0 0.9890628364535207
831.0 1.0065761720631465
832.0 1.01126258905602
833.0 1.0196733808614147
834.0 1.0285114990049409
835.0 1.03398143675674
836.0 1.0287603818403421
837.0 1.0179711240262699
838.0 1.0036180951812466
839.0 1.0041356369377656
840.0 1.013429299144201
841.0 1.0008454113022849
842.0 1.005682372103132
843.0 1.009961749697497
844.0 1.013414435452535
845.0 1.0213277533961003
846.0 1.0114627188239749
847.0 1.0234664706805434
848.0 1.01006142919252
849.0 1.0279475378025795
850.0 1.0196980243922684
851.0 1.0166910812765875
852.0 1.0057465318137617
853.0 0.9965589986397072
854.0 0.987545507547793
855.0 0.9799074051981709
856.0 0.9671111962109634
857.0 0.98707910815238
858.0 0.9891576416889775
859.0 0.9952894153919342
860.0 0.9871666630345592
861.0 0.9753435260871548
862.0 0.9839717217425464
863.0 0.9866410737350799
864.0 0.9584863507716206
865.0 0.9579215112204276
866.0 0.9790207555828936
867.0 0.9866852818025341
868.0 1.00981832057624
869.0 1.0197276431857687
870.0 1.0378039718741694
871.0 1.021189395948643
872.0 1.0266607823043863
873.0 1.0125869873548876
874.0 0.9833908297650694
875.0 0.9750943628526592
876.0 0.9684687303698338
877.0 0.9882103527395634
878.0 0.9893433338842437
879.0 0.9786832354171533
880.0 0.9824163472697315
881.0 0.9847775995724932
882.0 0.9731349716388369
883.0 0.9992050932898288
884.0 1.0184901164071178
885.0 1.0299560856585335
886.0 1.0156426854622813
887.0 1.0020735008743131
888.0 1.0046823192314387
889.0 1.0253829857481787
890.0 1.0308116743868099
891.0 1.0297481631996799
892.0 1.0367071991797956
893.0 1.0286220789966252
894.0 1.0237487686417004
895.0 1.0404023366509279
896.0 1.043210821661549
897.0 1.0403912012004253
898.0 1.0307849578209436
899.0 1.0333424017471917
900.0 1.0209463973760404
901.0 1.0154260500138936
902.0 1.0259593054142535
903.0 1.02698618275596
904.0 1.0085729107421928
905.0 1.0300595244374977
906.0 1.011493981598352
907.0 1.017430397424135
908.0 1.022245774369081
909.0 1.0255644334370089
910.0 1.0048785498005206
911.0 1.0091649128059395
912.0 0.9951050292957749
913.0 1.0044570005659552
914.0 1.008299580300807
915.0 1.0229121834088009
916.0 1.0205849179843354
917.0 1.0245852404694848
918.0 1.0002182345534103
919.0 1.0135893819121868
920.0 1.0231517970121229
921.0 1.0041075887990514
922.0 1.004510338257333
923.0 1.0122148054700901
924.0 1.0030937732159053
925.0 1.0149558875111617
926.0 0.9828866187298505
927.0 0.9935756615932945
928.0 0.9835453280406637
929.0 0.9819841800335947
930.0 0.9931949248730205
931.0 0.9957792034161009
932.0 1.0150862240940017
933.0 0.9996445393714873
934.0 0.9897397090130624
935.0 0.9934778678225831
936.0 0.997891717955733
937.0 1.004108531053156
938.0 1.0154664105975666
939.0 1.0041933441448547
940.0 0.9987815620027767
941.0 0.9978006920867635
942.0 0.9730339910510051
943.0 0.9806227814164676
944.0 0.9855687001467945
945.0 1.0158636880298975
946.0 1.009268861452335
947.0 1.0070374512354046
948.0 1.0221679067291076
949.0 1.004886906596246
950.0 1.0077927599904069
951.0 0.9979850354266675
952.0 0.987933779358112
953.0 0.982473219786369
954.0 0.9771677106971843
955.0 0.9769795336495098
956.0 0.9860140756921524
957.0 0.9678820195979926
958.0 0.9744996652150348
959.0 0.9471271052965708
960.0 0.9632126601742861
961.0 0.9566290738041632
962.0 0.9367447872348661
963.0 0.9462377319691923
964.0 0.943548488667945
965.0 0.9479553837831476
966.0 0.9503195191183762
967.0 0.9657280136707534
968.0 0.960990936648412
969.0 0.9666541013364162
970.0 0.9732684509709586
971.0 0.9716647525177858
972.0 0.9593238754729578
973.0 0.9710523822289907
974.0 0.9679893549439148
975.0 0.9651693702283849
976.0 0.9717242955627251
977.0 0.9581667065205759
978.0 0.9496441254821744
979.0 0.9300540634449022
980.0 0.9355886392523942
981.0 0.9177933301260952
982.0 0.9196780156340341
983.0 0.9322852501251117
984.0 0.9475056108124622
985.0 0.94906766619964
986.0 0.9608782553271664
987.0 0.9747638030452714
988.0 0.9567631070206778
989.0 0.9595976405303752
990.0 0.9639247791835593
991.0 0.9579872598157356
992.0 0.9607591471958139
993.0 0.9602599105515972
994.0 0.9616901564076583
995.0 0.9656793303844667
996.0 0.9798649398496254
997.0 1.0039320244075953
998.0 0.9826188759578528
999.0 1.0046429524803302
1000.0 1.0041572373799013
1001.0 1.0048427348392575
1002.0 0.9818458981439628
1003.0 0.9683768691892369
1004.0 0.9529467824828576
1005.0 0.950775305132589
1006.0 0.9325089901225209
1007.0 0.926558754097629
1008.0 0.9291379941491609
1009.0 0.9484660679421445
1010.0 0.9620703809059121
1011.0 0.9666548181202973
1012.0 0.9628770849203857
1013.0 0.9844489948885016
1014.0 0.970264418086194
1015.0 0.9798473115109495
1016.0 0.9884514999955185
1017.0 0.9808733489264414
1018.0 0.9928744411487168
1019.0 0.9919245118604326
1020.0 1.0039609786573584
1021.0 0.998016761612931
1022.0 1.0033065160480281
1023.0 0.9823314987165634
1024.0 0.9739439282070916
1025.0 0.9703416483941256
1026.0 0.9761547763381595
1027.0 0.9401884236190625
1028.0 0.9490165760113332
1029.0 0.9483422669104359
1030.0 0.9400650884793977
1031.0 0.9440631494592914
1032.0 0.9367749978660671
1033.0 0.9336210703859369
1034.0 0.9355972795636965
1035.0 0.9473256383528286
1036.0 0.9725320633316181
1037.0 0.9663967049795463
1038.0 0.9691086501589025
1039.0 0.9935030517758285
1040.0 0.9858605744067939
1041.0 0.9974891770553853
1042.0 0.9973401861709237
1043.0 0.9991881910801622
1044.0 0.977271981468728
1045.0 0.9860798082639368
1046.0 0.997563400877055
1047.0 0.9753771404189532
1048.0 0.9941929928127301
1049.0 1.0110941803752191
1050.0 1.0175801388799692
1051.0 1.0282125907081696
1052.0 1.0268879371899393
1053.0 1.0427241437219994
1054.0 1.024332987858001
1055.0 1.0045118323467412
1056.0 1.005349709551244
1057.0 0.9886603371969814
1058.0 0.9782743974680168
1059.0 0.9855232316895979
1060.0 0.9724628576538837
1061.0 0.9784323874764876
1062.0 0.9851335775446091
1063.0 0.9881796200756858
1064.0 0.9679347972918206
1065.0 0.9712483515654868
1066.0 0.9544527919712944
1067.0 0.9673760156369269
1068.0 0.9621308593604037
1069.0 0.9542124414510649
1070.0 0.9603513858047712
1071.0 0.9653490605337932
1072.0 0.9813236929917624
1073.0 0.9615111106322078
1074.0 0.9457614341453702
1075.0 0.9471765092549129
1076.0 0.9654689381355788
1077.0 0.9456784959911863
1078.0 0.9356984155564003
1079.0 0.9216791387652439
1080.0 0.9327560492461245
1081.0 0.9468993674227584
1082.0 0.9517839341962586
1083.0 0.9563758157629598
1084.0 0.971550809868497
1085.0 0.973653042377036
1086.0 0.9753296786526718
1087.0 0.9633626195665508
1088.0 0.9644348047482435
1089.0 0.9659980268964752
1090.0 0.977869140478956
1091.0 0.9679002132423953
1092.0 0.9630096516710841
1093.0 0.9727437271445553
1094.0 0.964429081737768
1095.0 0.9686822364407593
1096.0 0.9497137899031325
1097.0 0.9487640341057186
1098.0 0.9571475044526746
1099.0 0.9563167491264772
1100.0 0.9602359912801326
1101.0 0.9692734983601531
1102.0 0.9988165964135686
1103.0 0.9963826986804776
1104.0 0.9784221088020383
1105.0 0.9782293932909379
1106.0 0.9585860977128435
1107.0 0.9453288203112548
1108.0 0.9433185463200383
1109.0 0.9584170175608634
1110.0 0.9418638997756927
1111.0 0.9581830951710465
1112.0 0.969926571604222
1113.0 0.970778870177415
1114.0 0.9716064480687813
1115.0 0.9592668992636575
1116.0 0.9648375707052079
1117.0 0.9704865909806797
1118.0 0.9393176987175771
1119.0 0.9453109188081109
1120.0 0.9441124458267842
1121.0 0.9372790982584076
1122.0 0.943056684661187
1123.0 0.9534776174591743
1124.0 0.9656663492365041
1125.0 0.9484923246333041
1126.0 0.957670669482737
1127.0 0.939409586240922
1128.0 0.9569765685573864
1129.0 0.9373914851357725
1130.0 0.9339791032364493
1131.0 0.9356093521410314
1132.0 0.9463172550165415
1133.0 0.9652938850530546
1134.0 0.9693460083729635
1135.0 0.9679683141708392
1136.0 0.9533251376015794
1137.0 0.9780042835417253
1138.0 0.9695402578576126
1139.0 0.9693587269183587
1140.0 0.9634476806626427
1141.0 0.9453355669947576
1142.0 0.9495634182208275
1143.0 0.9519750761244122
1144.0 0.952382957753754
1145.0 0.9474200083855967
1146.0 0.9321207890841506
1147.0 0.9350457912336472
1148.0 0.9310647946410449
1149.0 0.9108424796638674
1150.0 0.9105989599912221
1151.0 0.9198955355870533
1152.0 0.9016036622044338
1153.0 0.9096163692261457
1154.0 0.8988742678185014
1155.0 0.9118254153683862
1156.0 0.9001845836722688
1157.0 0.9095653650762561
1158.0 0.8944129734129094
1159.0 0.8855907543193583
1160.0 0.896570049176544
1161.0 0.9133418006327865
1162.0 0.9187704127027017
1163.0 0.9502404543787316
1164.0 0.9488733566955669
1165.0 0.9676362834228094
1166.0 0.9625590919293259
1167.0 0.9595473279738493
1168.0 0.9592081671727055
1169.0 0.9585406540022465
1170.0 0.9590510547288295
1171.0 0.9498293341486936
1172.0 0.9595906362927484
1173.0 0.9848957778251435
1174.0 0.9697455686186766
1175.0 0.9633224751840668
1176.0 0.9669212963293727
1177.0 0.9641407630992427
1178.0 0.980669757223448
1179.0 0.9689351493116366
1180.0 0.9909553860084088
1181.0 0.9927496759945067
1182.0 0.9769994600172429
1183.0 0.9647437024031612
1184.0 0.9540501730151953
1185.0 0.9479718216289517
1186.0 0.94725666750396
1187.0 0.9220196397285216
1188.0 0.9127193899846098
1189.0 0.9041411390820648
1190.0 0.9168392701867646
1191.0 0.9265188922516838
1192.0 0.9307481304062734
1193.0 0.9243463886115247
1194.0 0.9437290580468775
1195.0 0.9348175420876446
1196.0 0.9421018125852048
1197.0 0.96644670702207
1198.0 0.978162312002587
1199.0 0.9866637794310323
1200.0 0.9664021247949892
1201.0 0.9859059168929829
1202.0 0.9882744220283991
1203.0 0.9932437713732674
1204.0 0.9744112810238539
1205.0 0.980796046890094
1206.0 0.9970934133331623
1207.0 0.9899226408579656
1208.0 0.9803243172806013
1209.0 0.9853413440568317
1210.0 0.983371259722795
1211.0 0.9566332820649734
1212.0 0.979844091517142
1213.0 0.9822823497054433
1214.0 0.9722792440485811
1215.0 0.9808471137269212
1216.0 0.9893889113211992
1217.0 1.0062107188913094
1218.0 0.9953101767390043
1219.0 1.0045566854471137
1220.0 1.0027390707684056
1221.0 0.9982789311281988
1222.0 1.0149278441396492
1223.0 0.9974505747418648
1224.0 0.9959587899489877
1225.0 0.9789774023923201
1226.0 0.9879640901929531
1227.0 0.9631614081879055
1228.0 0.9812649190640927
1229.0 0.9867957161988992
1230.0 0.9792568098177898
1231.0 0.978184231091617
1232.0 0.9804053062121015
1233.0 0.9738316597988421
1234.0 0.9524390139798143
1235.0 0.9591951711885193
1236.0 0.9602491033976399
1237.0 0.962483963220698
1238.0 0.9383402033991246
1239.0 0.9610165688192829
1240.0 0.9460323354650765
1241.0 0.9525129671323025
1242.0 0.9668642139194716
1243.0 0.969273189815231
1244.0 0.96101885868738
1245.0 0.9414994082611712
1246.0 0.9628375327997963
1247.0 0.9687566233075691
1248.0 0.9614355798666144
1249.0 0.9576222000352785
1250.0 0.9636275053625043
1251.0 0.9536870006292715
1252.0 0.9554402723164624
1253.0 0.9657163876867306
1254.0 0.9620311263912195
1255.0 0.9758323337245477
1256.0 0.9547859617254659
1257.0 0.9319318101401415
1258.0 0.9139266910253385
1259.0 0.9244857761413513
1260.0 0.9316457979478333
1261.0 0.9497869207707804
1262.0 0.9490781913273892
1263.0 0.9412071886370036
1264.0 0.9398858014394627
1265.0 0.9516524844043024
1266.0 0.950579243111479
1267.0 0.958418136959656
1268.0 0.9674466846147199
1269.0 0.9663222453837141
1270.0 0.9555794036495866
1271.0 0.9907003766439051
1272.0 0.9762920760755366
1273.0 0.9906911761646875
1274.0 0.993413648965087
1275.0 1.0162256501898734
1276.0 1.0262920936323643
1277.0 1.0192251665377712
1278.0 1.01354047118642
1279.0 1.0026069883295539
1280.0 0.9960601579353163
1281.0 0.9888615098593663
1282.0 0.9796903969606487
1283.0 0.9615988553280493
1284.0 0.970473357267088
1285.0 0.965255416703422
1286.0 0.973736144354236
1287.0 0.9607440816448214
1288.0 0.9800698992414103
1289.0 0.9760430152876282
1290.0 0.9842551218445663
1291.0 0.9927267577987168
1292.0 0.9920331957458295
1293.0 1.0102169722819245
1294.0 1.0149337696566747
1295.0 1.0046678211730034
1296.0 1.0132752737065764
1297.0 1.0060215782336672
1298.0 0.9954100466040401
1299.0 1.0060894640828448
1300.0 0.9902407040323637
1301.0 0.9950533896224533
1302.0 0.9870547753436074
1303.0 0.9997957244279256
1304.0 0.9970538726894222
1305.0 0.9841491149833287
1306.0 0.9790266791848152
1307.0 0.9917455097382624
1308.0 0.9882211286200124
1309.0 0.9990745588920777
1310.0 0.9974429869343909
1311.0 0.9968877291069752
1312.0 0.980801498753169
1313.0 0.9785363754491634
1314.0 0.9671683024710986
1315.0 0.9842477292637135
1316.0 0.9780161386592617
1317.0 0.9755463403214086
1318.0 0.9799782179946641
1319.0 0.982663936812829
1320.0 0.9847884159053664
1321.0 0.9773739296239308
1322.0 0.9858509016717732
1323.0 1.021311284477431
1324.0 1.014921374470622
1325.0 1.0027423531928576
1326.0 0.9994470638970967
1327.0 1.0178805078154576
1328.0 1.0191314809178258
1329.0 1.0182185774280803
1330.0 1.0012632406135915
1331.0 1.0000047776864054
1332.0 1.0060675753323665
1333.0 0.991831246990089
1334.0 0.9955840735768499
1335.0 0.9899014386723438
1336.0 1.0044940660284682
1337.0 0.9957213531385056
1338.0 0.9742648178021287
1339.0 0.9942612676117475
1340.0 0.979810467778878
1341.0 0.9894246659539594
1342.0 0.9993795348266257
1343.0 0.9849998846265509
1344.0 0.9788246827256402
1345.0 0.9876741570618582
1346.0 0.9759946516929071
1347.0 0.9739521576584454
1348.0 0.9653677617697184
1349.0 0.9504419609768506
1350.0 0.9514351894252645
1351.0 0.9447740224015038
1352.0 0.9395521466111154
1353.0 0.9387603239078798
1354.0 0.9657888417349305
1355.0 0.9507892714879261
1356.0 0.9486987910891432
1357.0 0.9526355651192688
1358.0 0.9448823366809442
1359.0 0.9381698061530738
1360.0 0.968044751433176
1361.0 0.9655568794446548
1362.0 0.9787621019526694
1363.0 0.961849298793964
1364.0 0.9776092333740675
1365.0 0.9840972568983096
1366.0 0.9766373962262836
1367.0 0.9737581708279691
1368.0 0.9734945714603571
1369.0 0.9652447771958019
1370.0 0.9497035807313348
1371.0 0.9374613848458303
1372.0 0.9638400664096294
1373.0 0.9943380234451651
1374.0 0.9910447280858458
1375.0 0.9936318633694873
1376.0 1.0075500941335214
1377.0 1.0002586247893803
1378.0 0.9859206318025485
1379.0 0.9776150776531903
1380.0 0.9687898798019029
1381.0 0.9358484412876308
1382.0 0.9409309509540323
1383.0 0.9216380543597934
1384.0 0.9263474652447986
1385.0 0.9422720569459049
1386.0 0.9402386326087049
1387.0 0.951149783146756
1388.0 0.9406851019664388
1389.0 0.9654167645877101
1390.0 0.9593799287505165
1391.0 0.9639436746334209
1392.0 0.9486420176218067
1393.0 0.938185749880649
1394.0 0.9275474794610625
1395.0 0.9420016686420863
1396.0 0.9383367050753402
1397.0 0.9229581592061006
1398.0 0.9168693733660864
1399.0 0.9227704556479086
1400.0 0.932267919346742
1401.0 0.9390845175818645
1402.0 0.9249239457758736
1403.0 0.930531388780843
1404.0 0.9265179577895548
1405.0 0.9491578543445376
1406.0 0.9616527056222974
1407.0 0.9625445977436848
1408.0 0.9806613668241069
1409.0 0.9819956233309062
1410.0 0.9860270782883237
1411.0 0.9809116788288508
1412.0 0.9647334160771187
1413.0 0.9897231861199163
1414.0 0.957788097725589
1415.0 0.9597611697792623
1416.0 0.9572422596708365
1417.0 0.9726398693763955
1418.0 0.9754538091544631
1419.0 0.9688009466935611
1420.0 0.9612719904462489
1421.0 0.9579566968089672
1422.0 0.9666344023607902
1423.0 0.9478069824165528
1424.0 0.9513402938105884
1425.0 0.9537418208643595
1426.0 0.9566805410269399
1427.0 0.9625993468666241
1428.0 0.9721236965954837
1429.0 0.9483964936365185
1430.0 0.9308126348714841
1431.0 0.9460562891425518
1432.0 0.9361597829742528
1433.0 0.9568341141681443
1434.0 0.9351630701864053
1435.0 0.9569323159702551
1436.0 0.9613386712593478
1437.0 0.9592113399444125
1438.0 0.9556219297652098
1439.0 0.958189899779488
1440.0 0.9396319144071381
1441.0 0.9225879514299192
1442.0 0.932803209589844
1443.0 0.9264358223403096
1444.0 0.933312347129645
1445.0 0.9290566366553987
1446.0 0.925614978232842
1447.0 0.9328447560245996
1448.0 0.9067850922996374
1449.0 0.9237584725805148
1450.0 0.9355769785951159
1451.0 0.9264103170470778
1452.0 0.921426182033468
1453.0 0.9137852913660028
1454.0 0.9077413887164569
1455.0 0.9229281265187682
1456.0 0.9034154389889982
1457.0 0.9064241840138398
1458.0 0.9104761420865145
1459.0 0.9048288563973401
1460.0 0.8975485367583653
1461.0 0.9169994267107665
1462.0 0.9219722385748066
1463.0 0.9492193560621838
1464.0 0.9740867324427092
1465.0 0.9603355121531261
1466.0 0.9628409625089157
1467.0 0.9633249147553272
1468.0 0.966208747033579
1469.0 0.9659519121358974
1470.0 0.9737562415588403
1471.0 0.9596464376518936
1472.0 0.9635798782319537
1473.0 0.9796624417666872
1474.0 0.97725178471288
1475.0 0.981150533570309
1476.0 0.9971538664962776
1477.0 0.9967446120889166
1478.0 1.0051856713403293
1479.0 1.0230825907292254
1480.0 1.0140400655075434
1481.0 1.0082620492239165
1482.0 0.9885162306641936
1483.0 0.9923524995025966
1484.0 0.9768019367077981
1485.0 0.9825584245037877
1486.0 0.9717559553434564
1487.0 0.9872365272682089
1488.0 0.9756306733590107
1489.0 0.9615849385502097
1490.0 0.9582804561368283
1491.0 0.9541371453431458
1492.0 0.9562386053862373
1493.0 0.9738386667487824
1494.0 0.9587229450282931
1495.0 0.9680827742230205
1496.0 0.9866449890104851
1497.0 0.9593290337314864
1498.0 0.9557774571853445
1499.0 0.955057803783774
1500.0 0.9693899870858276
1501.0 0.9664201955948858
1502.0 0.9579163985758392
1503.0 0.9687749692354913
1504.0 0.9671396771885277
1505.0 0.9614001019501524
1506.0 0.9695685796308773
1507.0 0.9859621399306929
1508.0 0.9763989106114075
1509.0 0.9696737438181975
1510.0 0.9749031850195603
1511.0 0.953188567380374
1512.0 0.9390580050324437
1513.0 0.959661587977765
1514.0 0.9589337344104006
1515.0 0.9612879790090221
1516.0 0.959245404574949
1517.0 0.9598770877538975
1518.0 0.9750549746618757
1519.0 0.9856215278777105
1520.0 0.9830113501509741
1521.0 0.9904011686561789
1522.0 0.9812539444824744
1523.0 0.9884707456021466
1524.0 0.9748286224265682
1525.0 0.9827042644183855
1526.0 0.9900437987019789
1527.0 0.9886424694935416
1528.0 0.9933435073358036
1529.0 0.9755929349679114
1530.0 0.9684170819976711
1531.0 0.9682090046410787
1532.0 0.9676064534142421
1533.0 0.9646026200273455
1534.0 0.9688169154614361
1535.0 0.9874363354131956
1536.0 0.9819019590333131
1537.0 0.9955470738299219
1538.0 1.00002097734868
1539.0 0.9874882082302768
1540.0 0.965164045857008
1541.0 0.9498391619101852
1542.0 0.956493714948745
1543.0 0.9567703565274648
1544.0 0.9517539472684009
1545.0 0.9605704326728757
1546.0 0.9398349290037211
1547.0 0.9421759366252663
1548.0 0.9412585320704363
1549.0 0.941591224350651
1550.0 0.9430672299030018
1551.0 0.9275244989536189
1552.0 0.9380302502132054
1553.0 0.9492420665018058
1554.0 0.9400771089778737
1555.0 0.9441074095707742
1556.0 0.9702669245048099
1557.0 0.9514993189318062
1558.0 0.9391886987748969
1559.0 0.9653984530115267
1560.0 0.9634936007893202
1561.0 0.9797626687249423
1562.0 0.9861911986276901
1563.0 0.9964502192424156
1564.0 0.9918570533770451
1565.0 0.969206741720447
1566.0 0.9755134991752668
1567.0 0.9811085427649612
1568.0 0.9573383232468157
1569.0 0.9525313822885408
1570.0 0.9459163541835988
1571.0 0.9457092607964057
1572.0 0.9519239924305356
1573.0 0.972365416780588
1574.0 0.9671692846652886
1575.0 0.9635796956606425
1576.0 0.960220814028544
1577.0 0.9752560539244636
1578.0 0.9532356454667331
1579.0 0.9567812968314697
1580.0 0.9702508797429458
1581.0 0.9732362104216824
1582.0 0.9819926338633845
1583.0 0.9622632192866909
1584.0 0.9554337167620768
1585.0 0.9628176519056388
1586.0 0.9624791583337166
1587.0 0.9458346877977635
1588.0 0.9543904513608741
1589.0 0.9548389150429083
1590.0 0.9640988815809457
1591.0 0.9620543029868596
1592.0 0.9615619277213249
1593.0 0.9391740134742038
1594.0 0.9487912868355073
1595.0 0.9474301727099965
1596.0 0.9538453820672776
1597.0 0.9562084667216981
1598.0 0.9684487496480638
1599.0 0.9768046682197437
1600.0 0.966681468018143
1601.0 0.9805198483008241
1602.0 1.0077329332051685
1603.0 1.0075273003830796
1604.0 1.0149230679894008
1605.0 0.9911360133201198
1606.0 0.9936937120045306
1607.0 1.0016364833636016
1608.0 0.9954027148487097
1609.0 0.9945321883281715
1610.0 0.9852015745648025
1611.0 1.0009423057992026
1612.0 0.9876620271980647
1613.0 0.9788169366765785
1614.0 0.9724799079490694
1615.0 0.9531055308287841
1616.0 0.9515856934361094
1617.0 0.95150981871462
1618.0 0.9637260566252955
1619.0 0.9766830858689829
1620.0 0.9543512374664027
1621.0 0.9630434536312397
1622.0 0.9474248592096852
1623.0 0.975275297685512
1624.0 0.9761989918477173
1625.0 0.977005506519995
1626.0 0.9683167744293755
1627.0 0.9656944473747158
1628.0 0.9745706590086167
1629.0 0.9782611044212992
1630.0 0.9630176270942113
1631.0 0.9762364812107049
1632.0 0.9935128446223052
1633.0 0.9874233766575111
1634.0 0.9902799280876563
1635.0 0.9819317675899457
1636.0 0.9691303461640185
1637.0 0.9607105519497312
1638.0 0.9648814862868779
1639.0 0.9453686173219236
1640.0 0.9406790833502423
1641.0 0.9659458188763554
1642.0 0.96703321998113
1643.0 0.9678122145226526
1644.0 0.9829466914528879
1645.0 0.9952087978362831
1646.0 0.9878902154175696
1647.0 1.0030709681000578
1648.0 1.0029294316350172
1649.0 1.0064678476753437
1650.0 0.9913739772651612
1651.0 1.0001575445821076
1652.0 1.0108459658254414
1653.0 1.017435144699606
1654.0 0.9895002857778519
1655.0 1.0038669539848184
1656.0 1.0018344936195278
1657.0 0.9782355517924175
1658.0 0.9839715141810366
1659.0 0.9903698450908951
1660.0 0.9927173417797925
1661.0 0.9841330163428126
1662.0 0.9754677729320592
1663.0 0.9698877196539369
1664.0 0.9717387741761978
1665.0 0.9910325962062758
1666.0 0.9807892396017077
1667.0 0.9698912109937338
1668.0 0.9738473579133669
1669.0 0.9921677618415057
1670.0 0.9594602599769164
1671.0 0.9616295305860616
1672.0 0.965167088864583
1673.0 0.9668604690186481
1674.0 0.9530081350710846
1675.0 0.9599625886148784
1676.0 0.9591991930668973
1677.0 0.9614717049659502
1678.0 0.961071598673375
1679.0 0.9683040137396128
1680.0 0.9816572552973382
1681.0 0.9721738848634767
1682.0 0.957857104730927
1683.0 0.9567623899473341
1684.0 0.9741724767946724
1685.0 0.9986274746495007
1686.0 1.0269258558699401
1687.0 1.0132154901462995
1688.0 1.0050364604970636
1689.0 0.9902451101146793
1690.0 0.9717266299315339
1691.0 0.9712777145309364
1692.0 0.9439712245362435
1693.0 0.9315643959780916
1694.0 0.9339205218097086
1695.0 0.9274803040390305
1696.0 0.932172966234026
1697.0 0.9263862725515939
1698.0 0.9348316568146599
1699.0 0.931071601983971
1700.0 0.9499210845982482
1701.0 0.95002040036081
1702.0 0.9403789658050743
1703.0 0.9353136322252892
1704.0 0.937822576737051
1705.0 0.936074065370137
1706.0 0.9510110341072942
1707.0 0.9547361371868656
1708.0 0.9357117169508857
1709.0 0.9521656896068784
1710.0 0.9567050198110139
1711.0 0.9584203061629243
1712.0 0.9575960615897229
1713.0 0.9568327661736798
1714.0 0.9403247745840899
1715.0 0.9470666587732209
1716.0 0.958418445669647
1717.0 0.9705247042387258
1718.0 0.9806542589635893
1719.0 0.9672808439862258
1720.0 0.9738203864076878
1721.0 0.9811976901230782
1722.0 0.9821420529108525
1723.0 0.9893943619705192
1724.0 0.993953782838943
1725.0 0.9888645986919242
1726.0 0.9692959087862996
1727.0 0.9579842599837276
1728.0 0.948067156796738
1729.0 0.9485272715396448
1730.0 0.9366639695491188
1731.0 0.9284401585549578
1732.0 0.9243503422640202
1733.0 0.912877569143399
1734.0 0.9238548506989173
1735.0 0.9422919876656213
1736.0 0.9317099124926754
1737.0 0.9385440502473219
1738.0 0.9383663360688516
1739.0 0.9500803756509779
1740.0 0.9529257787821347
1741.0 0.9418644967844921
1742.0 0.9554424783921421
1743.0 0.9619355498359843
1744.0 0.9533428808268563
1745.0 0.9585620632131849
1746.0 0.9674845581482335
1747.0 0.9484229976169963
1748.0 0.9453819118841921
1749.0 0.9298897947394853
1750.0 0.9367319913726242
1751.0 0.9641437303146192
1752.0 0.9526656594773227
1753.0 0.9406007652032932
1754.0 0.9623471030020413
1755.0 0.9653718054593854
1756.0 0.9698224603521874
1757.0 0.9646942135360386
1758.0 0.9577908591720169
1759.0 0.9716936447660445
1760.0 0.944944932535209
1761.0 0.9550101215550123
1762.0 0.9750579891481636
1763.0 0.9710388112676439
1764.0 0.9615727254994461
1765.0 0.9690806935849585
1766.0 0.9729481879184622
1767.0 0.9851536153542069
1768.0 0.9876258514601786
1769.0 0.9935977546894131
1770.0 0.9930532353636498
1771.0 1.012444133070057
1772.0 1.0263740555920509
1773.0 1.0166038364601042
1774.0 1.0134651964112693
1775.0 0.9917744904687176
1776.0 0.9928282145760903
1777.0 0.9864229542195988
1778.0 0.9858863891186361
1779.0 0.977487416830893
1780.0 0.9847067942546632
1781.0 0.9998257772282289
1782.0 0.9838580616193463
1783.0 1.0012591692428254
1784.0 0.9881874782870799
1785.0 1.0068862229018791
1786.0 1.029427855724805
1787.0 1.0272536168944113
1788.0 1.037674709669926
1789.0 1.0390417625293638
1790.0 1.0164743615448528
1791.0 1.0138105687245496
1792.0 1.0275356632466366
1793.0 0.9920622038515973
1794.0 0.9951471686011087
1795.0 0.9952789259464632
1796.0 1.014267601946106
1797.0 1.0013138689115855
1798.0 1.00401506385237
1799.0 1.0030169508007625
1800.0 0.990253358915837
1801.0 1.0051028704618108
1802.0 1.0248294243840221
1803.0 1.0149302701492364
1804.0 1.01301482962449
1805.0 0.9909755180596942
1806.0 0.9903307651692508
1807.0 0.9909703626639754
1808.0 0.9777928022479531
1809.0 0.9760124295010602
1810.0 0.962012726710698
1811.0 0.9690587544322418
1812.0 0.9662644627626638
1813.0 0.9706265984584752
1814.0 0.9780119522064024
1815.0 0.9747588957857876
1816.0 0.9630217025461952
1817.0 0.9641809740222579
1818.0 0.9683232220122449
1819.0 0.960197993934457
1820.0 0.9406408880501254
1821.0 0.940720845624252
1822.0 0.9587637834367518
1823.0 0.9632330872570447
1824.0 0.9387590443553908
1825.0 0.9534746704005714
1826.0 0.9542096432661215
1827.0 0.9279788506041069
1828.0 0.9262970027253232
1829.0 0.9177315334533327
1830.0 0.9310183713327145
1831.0 0.9533317211835126
1832.0 0.9410375365318245
1833.0 0.9241194671556053
1834.0 0.9294481372926329
1835.0 0.9301971134361573
1836.0 0.9236071232350348
1837.0 0.9217792715966027
1838.0 0.8995042463350014
1839.0 0.8993008287399936
1840.0 0.9048686598638174
1841.0 0.9055379632098809
1842.0 0.8917059573404857
1843.0 0.8992799559982394
1844.0 0.8858233159618172
1845.0 0.8811757767401438
1846.0 0.8841859305691617
1847.0 0.8825234482922607
1848.0 0.861237900322597
1849.0 0.8640448809776522
1850.0 0.8456664794766459
1851.0 0.845684123677701
1852.0 0.8544176669533708
1853.0 0.8613277739884625
1854.0 0.8739684507512064
1855.0 0.8719009378879858
1856.0 0.8743221365568642
1857.0 0.8919923880753838
1858.0 0.9089177200413557
1859.0 0.9086752485406644
1860.0 0.920927536353843
1861.0 0.9167458922941213
1862.0 0.9178615328562648
1863.0 0.9132366525410731
1864.0 0.9221972343696587
1865.0 0.9122854207905695
1866.0 0.903290414162195
1867.0 0.8812320604717389
1868.0 0.8964794639519852
1869.0 0.8899734636089237
1870.0 0.9226948905667968
1871.0 0.9167211831464085
1872.0 0.9210686048759211
1873.0 0.9386893203025901
1874.0 0.944441309121187
1875.0 0.9496645802786026
1876.0 0.9622551727902128
1877.0 0.9493167970670469
1878.0 0.9600840367414621
1879.0 0.9395761771986267
1880.0 0.9600930771635066
1881.0 0.9811162101784452
1882.0 0.9825820969685495
1883.0 0.9665563512393464
1884.0 0.9617540756907899
1885.0 0.9648464893275189
1886.0 0.9676113388545758
1887.0 0.9444526601721662
1888.0 0.9601653701481933
1889.0 0.9582363456652356
1890.0 0.9495756143274321
1891.0 0.951996651240159
1892.0 0.9472293819453805
1893.0 0.9616517704536243
1894.0 0.9332287866116028
1895.0 0.9260320894731159
1896.0 0.9454538151076137
1897.0 0.9607088669324169
1898.0 0.9743483683330583
1899.0 0.9805089604548979
1900.0 0.9956860696758918
1901.0 0.9771423334682696
1902.0 0.9846955537407445
1903.0 0.9799723859414264
1904.0 0.9754451097970709
1905.0 0.9836049414031158
1906.0 0.9830134591347173
1907.0 0.9892159019658265
1908.0 0.9775880512362498
1909.0 0.9856048230831005
1910.0 0.9920279309987381
1911.0 0.9941517607142115
1912.0 0.9718313586480715
1913.0 0.9639381507750967
1914.0 0.9708638000916242
1915.0 0.9784041375901742
1916.0 0.966998773640643
1917.0 0.9828653933149509
1918.0 0.9936418129986032
1919.0 0.9964539581589827
1920.0 0.9878889745560471
1921.0 0.9944898457250533
1922.0 0.9872883221671851
1923.0 0.9749825085782466
1924.0 0.9780084475763337
1925.0 0.977868363647576
1926.0 0.959838360667416
1927.0 0.9573577908573198
1928.0 0.9418503995861313
1929.0 0.9512871328127914
1930.0 0.9654502045299237
1931.0 0.9701680175515627
1932.0 0.9718757070405163
1933.0 0.9621530429344025
1934.0 0.9398225911156818
1935.0 0.9409299061292102
1936.0 0.9327129213218468
1937.0 0.9374780771464554
1938.0 0.9368711400867242
1939.0 0.9406902960731814
1940.0 0.9550466820809291
1941.0 0.9242038724855632
1942.0 0.9242813019762404
1943.0 0.9349038792431633
1944.0 0.9411164020765155
1945.0 0.9460137825634037
1946.0 0.9617373241662465
1947.0 0.9739277837401199
1948.0 0.9822676498929923
1949.0 0.9880458779738621
1950.0 0.978278551791363
1951.0 0.9747956487936531
1952.0 0.9774280411154063
1953.0 0.9725086273412492
1954.0 0.9911498570039559
1955.0 0.9700412476284331
1956.0 0.9668634379539114
1957.0 0.9626188224571768
1958.0 0.9539882442003513
1959.0 0.9595832075338462
1960.0 0.9654086061355891
1961.0 0.9651587399943434
1962.0 0.9592464138832643
1963.0 0.9508072464560294
1964.0 0.9627603866834977
1965.0 0.9662819030505713
1966.0 0.9794674939325286
1967.0 0.9665719193067599
1968.0 0.9587642787255394
1969.0 0.9536563285766718
1970.0 0.958099986214861
1971.0 0.950544505445752
1972.0 0.9582417673459173
1973.0 0.9482570566464107
1974.0 0.9501977660759126
1975.0 0.9598703619670645
1976.0 0.961933731987061
1977.0 0.9655312828892011
1978.0 0.9696828413387092
1979.0 0.9632409840298619
1980.0 0.9780490620530108
1981.0 0.9616441069399407
1982.0 0.9620955606179985
1983.0 0.9601739458687376
1984.0 0.9594880779566555
1985.0 0.9739935575448995
1986.0 0.9585537643865883
1987.0 0.9597404434997262
1988.0 0.947406513638302
1989.0 0.9440064366271367
1990.0 0.9546230111042251
1991.0 0.9863973494171712
1992.0 0.9656332968291219
1993.0 0.9683232496704761
1994.0 0.9779542537097052
1995.0 0.9667142378541673
1996.0 0.9662975424141782
1997.0 0.9677788384308815
1998.0 0.9600521598265764
1999.0 0.9612085003472245
2000.0 0.9485491596760112
2001.0 0.9724321024554943
2002.0 0.9732643879089556
2003.0 0.99252695191421
2004.0 0.9846116915274002
2005.0 0.9767902550805658
2006.0 0.9744518340266607
2007.0 0.9776193265450479
2008.0 0.9747893480054103
2009.0 0.9781390584385721
2010.0 0.9879244722181774
2011.0 1.006410240459559
2012.0 0.9948631559598724
2013.0 0.9858859261467601
2014.0 0.9798726095405084
2015.0 0.9661746905295647
2016.0 0.9862494070457586
2017.0 0.964757432185672
2018.0 0.9719449507351973
2019.0 0.9756100774853396
2020.0 0.9717550938001598
2021.0 0.9832968935116959
2022.0 0.9749651189749899
2023.0 0.970523325359571
2024.0 0.9417914677050951
2025.0 0.9394273059692978
2026.0 0.9292941556289576
2027.0 0.9173330543972906
2028.0 0.9313978678366774
2029.0 0.9440485497046147
2030.0 0.9610262148570266
2031.0 0.9636218162008501
2032.0 0.9643608977110407
2033.0 0.9638956656287846
2034.0 0.9707894853244587
2035.0 0.9763264710145638
2036.0 0.9689211698916325
2037.0 0.9704987087729897
2038.0 0.9661271468756614
2039.0 0.9667913883950421
2040.0 0.9729985495891817
2041.0 0.9715724546626235
2042.0 0.9710614654111065
2043.0 0.9726139927739563
2044.0 0.9640151774804702
2045.0 0.9698217158424537
2046.0 0.9802267195324571
2047.0 0.962546593934585
2048.0 0.9717290228403913
2049.0 0.9691876509666795
2050.0 0.9623341047799296
2051.0 0.962157083635692
2052.0 0.9448384011866882
2053.0 0.925221284824716
2054.0 0.9413841237349448
2055.0 0.9663543118614651
2056.0 0.9629257969403862
2057.0 0.9438509516687409
2058.0 0.9536441161392032
2059.0 0.9526269524835937
2060.0 0.9708854793913171
2061.0 0.9568130229963568
2062.0 0.9565397929484687
2063.0 0.9464475028145285
2064.0 0.9409806812983594
2065.0 0.9547928476744426
2066.0 0.9485616378799595
2067.0 0.9518866704355429
2068.0 0.9726207564585325
2069.0 0.9642135724562741
2070.0 0.947728854493094
2071.0 0.9532753149609275
2072.0 0.9474035357981508
2073.0 0.9248211100099761
2074.0 0.9323229692348756
2075.0 0.9299304902288885
2076.0 0.9354416094631738
2077.0 0.918487758085225
2078.0 0.9253501805333887
2079.0 0.9205706992419781
2080.0 0.9262956320920704
2081.0 0.9248397018077714
2082.0 0.9447902685793842
2083.0 0.9588734605062429
2084.0 0.9407084707945842
2085.0 0.9441115296486545
2086.0 0.9529936306799369
2087.0 0.9643815931162865
2088.0 0.9687989888408419
2089.0 0.9797395008749383
2090.0 0.9764198223284352
2091.0 0.9820309298901695
2092.0 0.9697246353766603
2093.0 0.9788453889022785
2094.0 0.9819022324067893
2095.0 0.9719396746571862
2096.0 1.0161663230378115
2097.0 1.0273712268025508
2098.0 1.0035715120467252
2099.0 1.00811924400941
2100.0 0.9851318068926277
2101.0 0.9877100837191242
2102.0 0.9953153502727652
2103.0 1.0022421764924883
2104.0 1.0136704364183373
2105.0 1.0165601854334274
2106.0 1.0103914948609671
2107.0 1.0077119259633125
2108.0 1.0120542029588022
2109.0 1.0140253808686113
2110.0 1.0088729158643495
2111.0 0.9953079284104124
2112.0 1.010972231645248
2113.0 0.9694905699255237
2114.0 0.965335249756993
2115.0 0.9362387667865658
2116.0 0.955770196103491
2117.0 0.9849305251985131
2118.0 0.9967864173823745
2119.0 0.9678910346586462
2120.0 0.974537073758785
2121.0 0.9619768010262939
2122.0 0.9239976987106276
2123.0 0.9158678837200259
2124.0 0.9245562942125799
2125.0 0.9150722410259615
2126.0 0.9108880734095856
2127.0 0.9061023606688281
2128.0 0.9122780715830944
2129.0 0.8965076951276633
2130.0 0.9004390446138156
2131.0 0.9108589359202066
2132.0 0.914902487555068
2133.0 0.9213106442733363
2134.0 0.9351027635914442
2135.0 0.9325667062423504
2136.0 0.9106879576317745
2137.0 0.9298463294821702
2138.0 0.9533160859160276
2139.0 0.9577026604890172
2140.0 0.9593573951413236
2141.0 0.9709739890985368
2142.0 0.9473461618735944
2143.0 0.9327135167838156
2144.0 0.946115930554394
2145.0 0.9560091037912546
2146.0 0.9621260520720736
2147.0 0.9649569068260597
2148.0 0.9549168073687374
2149.0 0.9592894242319219
2150.0 0.9899760848928645
2151.0 0.9968667993154575
2152.0 0.9883383105675729
2153.0 0.9720072499629258
2154.0 0.948160634510591
2155.0 0.9415804602426279
2156.0 0.9305989720695671
2157.0 0.9306812984368621
2158.0 0.9418783648545647
2159.0 0.9364492665788529
2160.0 0.9372337845617092
2161.0 0.9373301694238403
2162.0 0.9531470953307821
2163.0 0.9397205465484684
2164.0 0.9260207179863684
2165.0 0.9169193990362194
2166.0 0.9243217319280372
2167.0 0.8932336735332187
2168.0 0.9033777299394954
2169.0 0.8994687907004426
2170.0 0.9041733749214262
2171.0 0.902644480620841
2172.0 0.88654307019204
2173.0 0.8979782595801691
2174.0 0.8837473614600798
2175.0 0.8889630066188363
2176.0 0.8773801057061188
2177.0 0.8981038112328769
2178.0 0.9078932394044511
2179.0 0.8983861051973566
2180.0 0.9235221739902668
2181.0 0.9440566161288085
2182.0 0.9294126767713878
2183.0 0.9394742968211467
2184.0 0.9425206797751686
2185.0 0.9298523598575377
2186.0 0.945018754180663
2187.0 0.9474906694555087
2188.0 0.9430075177245085
2189.0 0.9426868785775898
2190.0 0.9526207255027126
2191.0 0.9547098028144617
2192.0 0.9591034708945336
2193.0 0.9677818472624853
2194.0 0.9718974203963897
2195.0 0.9855362822937821
2196.0 1.00331558518551
2197.0 0.9624663546890835
2198.0 0.9515856960467894
2199.0 0.9519679651726728
2200.0 0.9577930932567791
2201.0 0.9497550254145078
2202.0 0.9592070683950749
2203.0 0.9574515582418043
2204.0 0.9753533113893258
2205.0 0.9732206565878572
2206.0 0.9808181414999465
2207.0 0.9538539874520197
2208.0 0.9476837987467308
2209.0 0.954264679890753
2210.0 0.9608522308505852
2211.0 0.9613366387457678
2212.0 0.9440276684667642
2213.0 0.9522625739997388
2214.0 0.9461468409768017
2215.0 0.9516465551560079
2216.0 0.940883425998725
2217.0 0.9535371467599839
2218.0 0.9500280191639066
2219.0 0.9617196709683864
2220.0 0.9508550860327784
2221.0 0.9452362324967725
2222.0 0.9620949453309627
2223.0 0.9407169013880907
2224.0 0.9292914824244969
2225.0 0.9388123906195863
2226.0 0.9689530203273946
2227.0 0.9698636751891483
2228.0 0.9845697802367624
2229.0 0.9802048382388386
2230.0 0.9853468228127437
2231.0 0.9613840005821412
2232.0 0.9726976558516114
2233.0 0.9705310792248474
2234.0 0.9737541958544075
2235.0 0.9741722134273996
2236.0 0.975054280817481
2237.0 0.9747956531519503
2238.0 0.9802942471610319
2239.0 0.9830655836832131
2240.0 0.9814207266343699
2241.0 0.9717723568970588
2242.0 0.9598902597119047
2243.0 0.9492450223391247
2244.0 0.9459231270052418
2245.0 0.9572367015736409
2246.0 0.9616177321686354
2247.0 0.9612979221705187
2248.0 0.9662398423294244
2249.0 0.9723691891925007
2250.0 0.9624461921013294
2251.0 0.9672612408258139
2252.0 0.988579911788066
2253.0 0.9922300282137432
2254.0 0.9855296928775857
2255.0 0.9942289299527285
2256.0 1.0058392215313725
2257.0 1.011737023650039
2258.0 1.0134707713407323
2259.0 0.9993223194648744
2260.0 1.0152312722294163
2261.0 1.0035587099214007
2262.0 0.9959504369651478
2263.0 0.9915481823717831
2264.0 0.9943028919610579
2265.0 1.0010328910026538
2266.0 0.9927455437346844
2267.0 0.9852328564646861
2268.0 0.9438209142796324
2269.0 0.9596540632809758
2270.0 0.9419405755952834
2271.0 0.9532819579085174
2272.0 0.948586227497004
2273.0 0.9426211926722028
2274.0 0.9581258860433399
2275.0 0.964265334204374
2276.0 0.9684014104780079
2277.0 0.9712709485463167
2278.0 0.9685656278225002
2279.0 0.9691391258476745
2280.0 0.9592633146251567
2281.0 0.9680638160161266
2282.0 0.9864046288938727
2283.0 0.9993716401766181
2284.0 1.0114270752718941
2285.0 1.0081146154122815
2286.0 1.0224759150728728
2287.0 1.0142385341128517
2288.0 1.028110118394611
2289.0 1.0092212184995262
2290.0 1.0241666075999631
2291.0 1.0092656001555027
2292.0 1.0186867149608907
2293.0 0.9946001749885397
2294.0 1.0002793509173675
2295.0 0.9726502810612866
2296.0 0.9801752228412421
2297.0 0.9840783897387568
2298.0 0.971323450191024
2299.0 0.9714528109297322
2300.0 0.9806798489849365
2301.0 0.9712677978499007
2302.0 0.9614655248587844
2303.0 0.9779906255176062
2304.0 0.9844400014191358
2305.0 0.9829338808974336
2306.0 0.9853024881165254
2307.0 0.9513565446110832
2308.0 0.9543563857196229
2309.0 0.9453979801858532
2310.0 0.9601692078013736
2311.0 0.9401196224248214
2312.0 0.9068138172814267
2313.0 0.9469763373947078
2314.0 0.9592917517011015
2315.0 0.9611225227646978
2316.0 0.9579305636356062
2317.0 0.9619312946678384
2318.0 0.9564274715437723
2319.0 0.956533578583568
2320.0 0.966057120689636
2321.0 0.9775749799189765
2322.0 0.9694141762575278
2323.0 0.9535985508427558
2324.0 0.9689484234592255
2325.0 0.9643380744350877
2326.0 0.9916707878638528
2327.0 0.9829913580871044
2328.0 0.9909338158752838
2329.0 0.9969130226011806
2330.0 1.0073480967313033
2331.0 1.0125037403590382
2332.0 1.0251920443432465
2333.0 1.0243959261255131
2334.0 1.0145293457789486
2335.0 1.0148786211738055
2336.0 1.0068862126715894
2337.0 1.0107217629513279
2338.0 0.9932741179495277
2339.0 1.0089660183323792
2340.0 0.9915638443992588
2341.0 1.0000046703429184
2342.0 1.0259562428683586
2343.0 1.00939038994389
2344.0 0.991404811586629
2345.0 0.9948660686840922
2346.0 1.0012744035558285
2347.0 0.9760203140804202
2348.0 0.9691144005506102
2349.0 0.967602870205466
2350.0 0.9744653550071719
2351.0 0.9677814386330554
2352.0 0.9571209223215555
2353.0 0.9660611883016872
2354.0 0.9594140842519433
2355.0 0.9531806048511475
2356.0 0.9444085922585735
2357.0 0.9483006420893595
2358.0 0.937681873940073
2359.0 0.9352813860573492
2360.0 0.9142793925274708
2361.0 0.9046478955935902
2362.0 0.895862076261664
2363.0 0.907951005767606
2364.0 0.9103814289534681
2365.0 0.8973177215077939
2366.0 0.9011882778099125
2367.0 0.8968720938271533
2368.0 0.8946339323225786
2369.0 0.9081324897836393
2370.0 0.9022440193011223
2371.0 0.9101620856283992
2372.0 0.8971819041041332
2373.0 0.9254781202900284
2374.0 0.9241579966290505
2375.0 0.9298042594708347
2376.0 0.9335247876570889
2377.0 0.9422245591963785
2378.0 0.9368869255155914
2379.0 0.9473248424985746
2380.0 0.9624142978178549
2381.0 0.9459619258813928
2382.0 0.9519272166822021
2383.0 0.9518588627575444
2384.0 0.9314181493553797
2385.0 0.9291396213155745
2386.0 0.9188928593025396
2387.0 0.9164660273912559
2388.0 0.9271134685005494
2389.0 0.9296883265292035
2390.0 0.9487708718997322
2391.0 0.9494646168052647
2392.0 0.9461259600322933
2393.0 0.9201758148708077
2394.0 0.9141613103796123
2395.0 0.9286532712116671
2396.0 0.9316786440231584
2397.0 0.9349951331352653
2398.0 0.9283124065248904
2399.0 0.904513785742792
2400.0 0.9099221425836344
2401.0 0.9143083371938099
2402.0 0.9124116600013341
2403.0 0.8901105937609994
2404.0 0.8669597630748835
2405.0 0.8610576941485866
2406.0 0.8403365669671246
2407.0 0.8276807318843147
2408.0 0.8315962443247811
2409.0 0.8335348454617701
2410.0 0.8421734029868684
2411.0 0.8264812228202887
2412.0 0.8116840437419596
2413.0 0.8183355305189458
2414.0 0.8225033803618181
2415.0 0.817605092172544
2416.0 0.8277312146315822
2417.0 0.8239643183672978
2418.0 0.8237940905848433
2419.0 0.8400090983675229
2420.0 0.8232642138294354
2421.0 0.8145876622229762
2422.0 0.8000316604776204
2423.0 0.789713117188106
2424.0 0.7965091663867174
2425.0 0.8008054334259895
2426.0 0.8149142744885054
2427.0 0.7802351939567121
2428.0 0.7884277114147462
2429.0 0.7716025653274182
2430.0 0.7489256863740178
2431.0 0.7508466495263598
2432.0 0.741051437295205
2433.0 0.7316397046130129
2434.0 0.7216824348862664
2435.0 0.6906988503213194
2436.0 0.7028387658145484
2437.0 0.6651589912217613
2438.0 0.6483164304011348
2439.0 0.6175299753660479
2440.0 0.578356450399606
2441.0 0.5415658528530523
2442.0 0.5015712567609362
2443.0 0.46664031547592444
2444.0 0.4212604713417526
2445.0 0.3669782525750764
2446.0 0.3184146339182984
2447.0 0.2712348229581352
2448.0 0.231052634946422
2449.0 0.186402001905871
2450.0 0.1389342388479772
2451.0 0.101539722946998
2452.0 0.0613413914162804
2453.0 0.0290254445568
2454.0 0.007965923225954399
2455.0 0.0016627840108272
2456.0 0.0002250333450666
2457.0 3.04549514922e-05
2458.0 4.121629486200001e-06
2459.0 5.578018940000001e-07
2460.0 7.54902774e-08
2461.0 1.0216498e-08
