t/tau_0 k_BT_k/epsilon

0.1 1.0619589320259282
0.2 1.0548956007696122
0.3 1.0551441858990191
0.4 1.0522453102539226
0.5 1.0502129525558397
0.6 1.0492766142208025
0.7 1.0443193027775097
0.8 1.0418629524006042
0.9 1.0389945799578133
1.0 1.0410709134463554
1.1 1.03929809415432
1.2 1.0401434758469523
1.3 1.038159815437616
1.4 1.0327996289938741
1.5 1.0365973553057644
1.6 1.0410204210482326
1.7 1.0400090458560611
1.8 1.038353915349035
1.9 1.034871738328854
2.0 1.0346225530775743
2.1 1.035367425578335
2.2 1.038916813547924
2.3 1.0394955396740058
2.4 1.0371366296250148
2.5 1.0351839669933212
2.6 1.0338483234163969
2.7 1.0325963020055948
2.8 1.0350905406562247
2.9 1.029061900446451
3.0 1.028658448329589
3.1 1.0298829248152215
3.2 1.0281479578985988
3.3 1.024805373058603
3.4 1.022819009509082
3.5 1.0173206529694638
3.6 1.0180727057572325
3.7 1.0187518435105274
3.8 1.0181107742386388
3.9 1.022170459993521
4.0 1.0184032721981526
4.100000000000001 1.018278745624705
4.2 1.021750786027694
4.3 1.0247149559733375
4.4 1.023278231524669
4.5 1.0245455173591718
4.600000000000001 1.0225916830937292
4.7 1.0227782804757097
4.800000000000001 1.0253500817329517
4.9 1.026825626277244
5.0 1.0257889874885158
5.100000000000001 1.0257084765789581
5.2 1.0237761046683023
5.300000000000001 1.0227886674609357
5.4 1.0214494232617326
5.5 1.0192471216037173
5.600000000000001 1.0114644931867187
5.7 1.0138924929523652
5.800000000000001 1.011303001000916
5.9 1.008510590576147
6.0 1.0106163517008178
6.100000000000001 1.0117511347596706
6.2 1.0139016721521785
6.300000000000001 1.010401366501652
6.4 1.0064186628084384
6.5 1.0025436358521678
6.600000000000001 1.002717563068295
6.7 1.0064525826846507
6.800000000000001 1.004763459068181
6.9 1.0056351497757101
7.0 1.001996711140892
7.100000000000001 1.0015071287365662
7.2 1.0028721886745775
7.300000000000001 1.001263151948082
7.4 1.0039045731009235
7.5 0.9994332334840837
7.600000000000001 0.9974683237674933
7.7 0.9930529316958457
7.800000000000001 0.9958025974568946
7.9 0.9962206022890999
8.0 0.9972093035197677
8.1 0.999961758586287
8.200000000000001 1.0001251776810018
8.3 0.9984747918473372
8.4 0.995477233494839
8.5 0.9947834843081246
8.6 0.9901113493131095
8.700000000000001 0.988359645415074
8.8 0.9911622983315335
8.9 0.9915352102928354
9.0 0.9918566647758207
9.1 0.9940736806049942
9.200000000000001 0.9943564329360891
9.3 0.9951300294914643
9.4 0.9970265663113175
9.5 0.9943279766857893
9.600000000000001 0.9913843149513694
9.700000000000001 0.9918027597256888
9.8 0.9919294024828685
9.9 0.9942662195663556
10.0 0.9955230967471932
11.0 1.0088216221870845
12.0 0.9945821668151936
13.0 1.0041495355630654
14.0 1.0070630847798578
15.0 1.0057261145932836
16.0 1.0002191140731636
17.0 0.9933513560113264
18.0 0.9824741045055927
19.0 0.961709556962606
20.0 0.9667222200208189
21.0 0.9737256167960082
22.0 0.9688632292217442
23.0 0.9521643522636936
24.0 0.9499655925857313
25.0 0.95260027934677
26.0 0.9581273180510698
27.0 0.9547250780777656
28.0 0.9531466441937321
29.0 0.9589073510098232
30.0 0.9583774934938287
31.0 0.9554111735939491
32.0 0.9642860085453988
33.0 0.9614818804629592
34.0 0.9650563443961788
35.0 0.9554382513990785
36.0 0.9541560948647667
37.0 0.950587728320704
38.0 0.9576175206752051
39.0 0.9473202538985213
40.0 0.9386071423048759
41.0 0.9333586950920616
42.0 0.9297173586157838
43.0 0.9227851220049889
44.0 0.9308965177773004
45.0 0.9339674914438524
46.0 0.9364382133659582
47.0 0.9339972847060828
48.0 0.9528963239388026
49.0 0.9462602678586283
50.0 0.9478808089394322
51.0 0.9469994495162266
52.0 0.9421370060385407
53.0 0.9361903186039597
54.0 0.9335042099274536
55.0 0.92877992321472
56.0 0.929914530101585
57.0 0.9286209095105435
58.0 0.9388388248465291
59.0 0.9475700655057849
60.0 0.9418559678911113
61.0 0.9356694063131329
62.0 0.9391438163887813
63.0 0.9368368445330455
64.0 0.93559183442099
65.0 0.9506714807329655
66.0 0.9553189264748534
67.0 0.9555558580133166
68.0 0.9585855694352189
69.0 0.9584033422543836
70.0 0.9522568875376949
71.0 0.9408352929692917
72.0 0.9383850380356119
73.0 0.9389015208875714
74.0 0.9419210477637453
75.0 0.9535819460538976
76.0 0.9644955038558329
77.0 0.960618372146732
78.0 0.9635429438983956
79.0 0.9517766573166607
80.0 0.9480353284397671
81.0 0.9463922087024714
82.0 0.9367043293020245
83.0 0.9297356688504722
84.0 0.9316097872918574
85.0 0.9415678563231451
86.0 0.9482549386155842
87.0 0.9525645120228832
88.0 0.9476925924484997
89.0 0.9376127100518407
90.0 0.9420429164560786
91.0 0.9430818715875136
92.0 0.940025439651498
93.0 0.9486550923648627
94.0 0.9459428304437605
95.0 0.9405966669568718
96.0 0.9387075891660581
97.0 0.9372510995050609
98.0 0.9422011587354463
99.0 0.9535141524033637
100.0 0.9614637725643449
101.0 0.9726710730764992
102.0 0.9750630246022218
103.0 0.9704936094767019
104.0 0.9752811101297398
105.0 0.9815314925623992
106.0 0.9799259734415499
107.0 0.9703356989974361
108.0 0.9675014869755281
109.0 0.965543413986025
110.0 0.9616724707796094
111.0 0.9711123147104196
112.0 0.9661618060617403
113.0 0.95324510791982
114.0 0.9699335100421352
115.0 0.9547488633431576
116.0 0.9642306231235487
117.0 0.9616414197308165
118.0 0.9610219348725447
119.0 0.9609089245288445
120.0 0.9694599394481955
121.0 0.9771813008335624
122.0 0.9805626003050699
123.0 0.9817731060872236
124.0 0.9771160666772593
125.0 0.9835610364856254
126.0 0.9782643715834354
127.0 0.979681705410893
128.0 0.9711634204842076
129.0 0.9697277210909887
130.0 0.9674264380542968
131.0 0.9558939850106993
132.0 0.9551867610356354
133.0 0.9550464040580575
134.0 0.9486332067653453
135.0 0.9680290711436917
136.0 0.9546968174257794
137.0 0.9553153933067968
138.0 0.9502095467454164
139.0 0.945857812278186
140.0 0.94964413586226
141.0 0.9532368566840805
142.0 0.9473801123582282
143.0 0.9544300575166871
144.0 0.960014939525592
145.0 0.9482604638487254
146.0 0.9438213082128006
147.0 0.9538926318366403
148.0 0.9455936911649567
149.0 0.9491864292370925
150.0 0.9481986819207029
151.0 0.9528772413498906
152.0 0.9509186307714881
153.0 0.9539824090962382
154.0 0.9580609480160216
155.0 0.9511914370619167
156.0 0.9451347931164596
157.0 0.9449780335012076
158.0 0.9367287807432231
159.0 0.9338948378921017
160.0 0.9350991935224519
161.0 0.9548254677387928
162.0 0.9543826787639995
163.0 0.955436104741981
164.0 0.950318216238778
165.0 0.9449063212087625
166.0 0.941923771130417
167.0 0.9463529321480678
168.0 0.9356710265741833
169.0 0.9406685685845504
170.0 0.9394396218902916
171.0 0.9505506468012632
172.0 0.9615802664469124
173.0 0.9545218622236173
174.0 0.9551694235086637
175.0 0.956046225807914
176.0 0.956205498299944
177.0 0.9498031130351985
178.0 0.9412735489533486
179.0 0.9368626361404102
180.0 0.9348038345209535
181.0 0.9392920398872027
182.0 0.9453542731720102
183.0 0.9407043769480274
184.0 0.9346949142431921
185.0 0.9445969326548955
186.0 0.946068991860139
187.0 0.9494138852411143
188.0 0.9543868304811671
189.0 0.9447711069707185
190.0 0.9480626802672496
191.0 0.9576395554816932
192.0 0.9540310811643222
193.0 0.9597289443687147
194.0 0.956702437018677
195.0 0.9641060756508818
196.0 0.9546779239118142
197.0 0.9633696174554458
198.0 0.9540142172030721
199.0 0.9575174446641839
200.0 0.9588676429237261
201.0 0.9593348199088156
202.0 0.9732495911519008
203.0 0.9738751044445222
204.0 0.9791926795641729
205.0 0.993010213500626
206.0 0.9758356107675853
207.0 0.9668100018262008
208.0 0.9725492241724369
209.0 0.9732032609920701
210.0 0.970238645115038
211.0 0.9574900226617059
212.0 0.9603717778992609
213.0 0.9562410786819632
214.0 0.9614591707836245
215.0 0.9518349757539333
216.0 0.9604325428676844
217.0 0.9514953408769682
218.0 0.9604042788080566
219.0 0.9618682325864774
220.0 0.9581827523905668
221.0 0.951953665650261
222.0 0.9627348500947115
223.0 0.9613359171422553
224.0 0.9592599287477999
225.0 0.9567053801758535
226.0 0.9529736049674462
227.0 0.9488896676146663
228.0 0.9573629402784419
229.0 0.9539517813925485
230.0 0.943637184909694
231.0 0.9468674644066695
232.0 0.933027173156119
233.0 0.9464688563574783
234.0 0.9416878790208957
235.0 0.9462076491140783
236.0 0.9572580994507979
237.0 0.9520641824275511
238.0 0.9537273278995135
239.0 0.9572779491749899
240.0 0.9575149303796022
241.0 0.9541678693006432
242.0 0.9513211630596565
243.0 0.9431477642158814
244.0 0.9434093412144025
245.0 0.9453180252694484
246.0 0.9428076097892493
247.0 0.9445844214997445
248.0 0.9421072218343236
249.0 0.9300960961794758
250.0 0.9306943033371378
251.0 0.9305159718382576
252.0 0.9202695987293031
253.0 0.9331082468473151
254.0 0.9423610769736956
255.0 0.9476145397619543
256.0 0.943371006920691
257.0 0.9505989750218925
258.0 0.9513908518115415
259.0 0.9512667162729903
260.0 0.9448955834892206
261.0 0.9431557465462982
262.0 0.9438959840079105
263.0 0.9521979711127193
264.0 0.9546826922046634
265.0 0.9570212647989974
266.0 0.9731687593414093
267.0 0.9705551979396114
268.0 0.9671221997257418
269.0 0.9697524724706984
270.0 0.979220883140071
271.0 0.9806993331976466
272.0 0.9779729776659586
273.0 0.9771313354331014
274.0 0.9752073309439335
275.0 0.967948656801408
276.0 0.9647436437983321
277.0 0.9612576115582693
278.0 0.9632205103020327
279.0 0.9684382851199276
280.0 0.9650596114939267
281.0 0.966171708132282
282.0 0.9654944488173941
283.0 0.9538395155768626
284.0 0.9522521834787886
285.0 0.9560892933459977
286.0 0.9553146460638733
287.0 0.960566736497667
288.0 0.9708820081417133
289.0 0.97288120262443
290.0 0.9820101345942682
291.0 0.9763496479773048
292.0 0.9703510630781664
293.0 0.9710958781482605
294.0 0.9797282851095119
295.0 0.9768137807721254
296.0 0.9746705794325935
297.0 0.9852630739834402
298.0 0.9743806120555553
299.0 0.9816727982053999
300.0 0.986969981660816
301.0 0.9903022048179364
302.0 0.9887237707594979
303.0 0.9898378323961579
304.0 0.9988932923410025
305.0 0.9964520508605927
306.0 0.9945453648366133
307.0 0.9948527099565414
308.0 0.9999835821236317
309.0 1.0086588987677674
310.0 1.0084334567534428
311.0 1.002244566053226
312.0 0.9835826400559696
313.0 0.9781601118629337
314.0 0.962896032293578
315.0 0.9698939833849703
316.0 0.96815781592718
317.0 0.9713129883693709
318.0 0.9745070110714542
319.0 0.9735833978668185
320.0 0.9669592039623014
321.0 0.9642053415249048
322.0 0.9586856765515355
323.0 0.9568077520048165
324.0 0.9566434575904583
325.0 0.9605866857323783
326.0 0.9638113007022717
327.0 0.9565757800018805
328.0 0.9518143096587967
329.0 0.9520548166884524
330.0 0.950741874407347
331.0 0.9501383093662581
332.0 0.9361044799323126
333.0 0.9398883559871493
334.0 0.935806251960394
335.0 0.9360404795129066
336.0 0.9343399924889424
337.0 0.9392374603117499
338.0 0.9298546700880547
339.0 0.9279965737186607
340.0 0.9305221097187288
341.0 0.9365235607792443
342.0 0.9456837702725707
343.0 0.9383341059828794
344.0 0.9501854540831628
345.0 0.9549569087636767
346.0 0.9549599781018804
347.0 0.9562858729109613
348.0 0.9692148244245342
349.0 0.9796734548667718
350.0 0.9704940951740827
351.0 0.9674460725410137
352.0 0.9713645071167043
353.0 0.9637817613838748
354.0 0.9732432162550324
355.0 0.9741795673808632
356.0 0.9779080038299448
357.0 0.9892205909516724
358.0 0.9893917425295207
359.0 0.9876094470568224
360.0 0.9763354049519751
361.0 0.9839045657436891
362.0 0.9836227275567759
363.0 0.9892385229474803
364.0 0.9882506210354027
365.0 0.9871885400675691
366.0 0.994714340550632
367.0 1.004786546389512
368.0 1.0014210351954007
369.0 1.0042955798377629
370.0 1.000140284911756
371.0 0.9893620198538343
372.0 0.9926501137501781
373.0 1.0060470876802508
374.0 1.0031355610015011
375.0 1.0006134473733355
376.0 0.9850414728299915
377.0 0.9974969207125982
378.0 0.9890344197905856
379.0 0.9866855360042044
380.0 0.9848556619057826
381.0 0.9810120786676834
382.0 0.9712694006816633
383.0 0.968938856840011
384.0 0.9751047387031531
385.0 0.9769734437977948
386.0 0.9882596153812298
387.0 0.9969049135649628
388.0 0.9836583366726053
389.0 0.9873748362137137
390.0 0.9855283412452321
391.0 0.9895499311715794
392.0 0.9833543257885123
393.0 0.981098351544072
394.0 0.9832062312554697
395.0 0.989148842815316
396.0 0.9809689191118801
397.0 0.9786612500776559
398.0 0.9760620525877007
399.0 0.9695992508724951
400.0 0.9703448940765804
401.0 0.9672040885580282
402.0 0.9793195419041952
403.0 0.9694509044380377
404.0 0.9708731178943392
405.0 0.9678842841730347
406.0 0.9752277061537937
407.0 0.9837577677775933
408.0 0.9852992207299417
409.0 0.9927642040729235
410.0 0.978383181070862
411.0 0.9831502546572126
412.0 0.9891113364797895
413.0 0.9789960019801388
414.0 0.9814531009100594
415.0 0.9778128535170965
416.0 0.9747982050508772
417.0 0.9840999478692813
418.0 0.9797118582353402
419.0 0.9742459610180862
420.0 0.97685296776665
421.0 0.9706022920756914
422.0 0.9709077592094906
423.0 0.9600338377688257
424.0 0.9578816027779252
425.0 0.9609478041160742
426.0 0.9525176327286358
427.0 0.9635549475810373
428.0 0.9549198936887453
429.0 0.9483519506152973
430.0 0.953802173309036
431.0 0.9566889595949096
432.0 0.963095376694081
433.0 0.9621308512519924
434.0 0.9719499997462526
435.0 0.9717457958870561
436.0 0.9654400775378187
437.0 0.9728754569060492
438.0 0.9739770145305592
439.0 0.9724401788481124
440.0 0.9766431064637977
441.0 0.9827195929403054
442.0 0.9804211824642645
443.0 0.9748708895575502
444.0 0.9811874583106042
445.0 0.9820130536662118
446.0 0.994136700812034
447.0 0.9912534180343459
448.0 0.9816281552971853
449.0 0.978671360975072
450.0 0.984316564596775
451.0 0.9832283840469437
452.0 0.9947286507335142
453.0 0.9860487312786559
454.0 0.9836254986309069
455.0 0.9865569650407535
456.0 0.9729611316231936
457.0 0.9699928405709874
458.0 0.9706003068180322
459.0 0.9728519021806077
460.0 0.9614719249229733
461.0 0.9479682428666576
462.0 0.9575924619846858
463.0 0.9579945213934549
464.0 0.9563619679656596
465.0 0.9503905712027437
466.0 0.9690840736488736
467.0 0.9635648431338522
468.0 0.961328406926957
469.0 0.9554476679663585
470.0 0.9572210335614126
471.0 0.9644493824179753
472.0 0.9571930968976895
473.0 0.9528159608761323
474.0 0.967864616663646
475.0 0.9621980070864604
476.0 0.954757869575112
477.0 0.9623756760813988
478.0 0.9574864032757533
479.0 0.9611787685905732
480.0 0.9531038487902267
481.0 0.9437955119296803
482.0 0.9413294951706069
483.0 0.9484115694757879
484.0 0.9600557413483838
485.0 0.9637662946787694
486.0 0.9522888824621509
487.0 0.971451027962102
488.0 0.961043772866846
489.0 0.9557466681688579
490.0 0.9627713072970513
491.0 0.969084074625268
492.0 0.9597080254002117
493.0 0.9673694637020892
494.0 0.9674048901478501
495.0 0.965868181774348
496.0 0.9777088035096974
497.0 0.9890330351838136
498.0 0.9829970474537563
499.0 0.976779918304387
500.0 0.9781616706458713
501.0 0.984423633499744
502.0 0.9843634767381049
503.0 0.9765433149134898
504.0 0.9682835285749105
505.0 0.9639275914120496
506.0 0.967690584765293
507.0 0.9630311253984649
508.0 0.9626765060085946
509.0 0.9644707529055416
510.0 0.9789023643765606
511.0 0.9854915730174186
512.0 0.9911945726573069
513.0 0.9971559181819227
514.0 0.9985943451343688
515.0 0.9945827378999187
516.0 0.9821144365521628
517.0 0.976904845210866
518.0 0.9727261235386726
519.0 0.9756132663552981
520.0 0.9820099746498447
521.0 0.979522859720606
522.0 0.9778693181858369
523.0 0.9741667809490364
524.0 0.9806793062351478
525.0 0.9910947468378802
526.0 0.9786587868818376
527.0 0.9873234808840381
528.0 0.9929748865434064
529.0 0.9823684676819932
530.0 0.9833470457549691
531.0 0.974529198070212
532.0 0.9694729643406262
533.0 0.9671408473471468
534.0 0.9796217095525718
535.0 0.977387940199819
536.0 0.9855645218473263
537.0 0.9855354270613391
538.0 0.9869128409874204
539.0 0.9863154684355788
540.0 0.9821881815714695
541.0 0.98420261484727
542.0 0.9776509075557565
543.0 0.9656824324524906
544.0 0.9729466775775378
545.0 0.9762314862612598
546.0 0.9769509335675416
547.0 0.9795278588043728
548.0 0.987426753217114
549.0 0.987126340158859
550.0 1.0032192849465644
551.0 0.9966694131671723
552.0 0.9931799861418288
553.0 0.9982106132889379
554.0 0.984392870118022
555.0 0.9812213461932071
556.0 0.9839419131106016
557.0 0.9941026733761058
558.0 0.9835983852427385
559.0 0.9857527687318193
560.0 0.9830296599179865
561.0 0.9862491868674714
562.0 0.9897196351424251
563.0 0.9902008581073243
564.0 0.9868432436554307
565.0 0.9957788222570063
566.0 0.9921938035932859
567.0 0.9931707829293597
568.0 0.9965747807827279
569.0 0.9935905506568836
570.0 0.9975132543592068
571.0 0.9899640903076421
572.0 0.9882617457019318
573.0 0.9975096787609324
574.0 1.0062651239804092
575.0 1.0032735863795703
576.0 1.0048495606165075
577.0 0.9964975226243507
578.0 1.002913153490374
579.0 1.0044467061938813
580.0 0.9993571676726585
581.0 1.0003003929375374
582.0 0.9912162310436663
583.0 0.993580400027494
584.0 0.9871805963427189
585.0 0.9866474906650996
586.0 0.9832941538399604
587.0 0.9683823126334146
588.0 0.9671000223784926
589.0 0.9670405525621163
590.0 0.9675116055667304
591.0 0.9704202482161686
592.0 0.9680319773914489
593.0 0.9719354432478946
594.0 0.9759289506117502
595.0 0.97078964284415
596.0 0.9631081436441216
597.0 0.9599805619846175
598.0 0.9592590653926891
599.0 0.9633361051710772
600.0 0.9605909855013859
601.0 0.9552703008326405
602.0 0.9547456419189715
603.0 0.9590758208569292
604.0 0.9501859428041884
605.0 0.9570076502302645
606.0 0.9578836626473686
607.0 0.9549817131072682
608.0 0.9548752357899193
609.0 0.9595805309679515
610.0 0.9499751199657357
611.0 0.9508153271283868
612.0 0.9580352903039611
613.0 0.9607290298771861
614.0 0.9594649533729444
615.0 0.9612481180458013
616.0 0.9709368590008868
617.0 0.977454068754106
618.0 0.9690781650635427
619.0 0.9694523150579792
620.0 0.965661660795657
621.0 0.963240124952797
622.0 0.9672304535612722
623.0 0.9599745483174928
624.0 0.9611258246790497
625.0 0.9573531621317655
626.0 0.9564208810535535
627.0 0.9576354495439787
628.0 0.9621833892040621
629.0 0.9681085150426861
630.0 0.9601691461489088
631.0 0.9657271871743495
632.0 0.962117124621245
633.0 0.9504697168995259
634.0 0.9513257420290733
635.0 0.9596594940633396
636.0 0.9557621346570973
637.0 0.9599489449657688
638.0 0.965962329802414
639.0 0.9717430049585822
640.0 0.9749811793806122
641.0 0.9626566923421869
642.0 0.9691516934141552
643.0 0.9709190760082977
644.0 0.9859209393333883
645.0 0.9833417187979079
646.0 0.9806781938988767
647.0 0.9826850726109215
648.0 0.9675461904377171
649.0 0.956510248375713
650.0 0.9629979536279109
651.0 0.9479876957955158
652.0 0.9353643191543526
653.0 0.9431128916073217
654.0 0.950020475535805
655.0 0.9521469641716571
656.0 0.9452980100469587
657.0 0.9575630107278095
658.0 0.9557835755825449
659.0 0.9575723304669713
660.0 0.9444953006139658
661.0 0.9480462718494659
662.0 0.9520670793420207
663.0 0.9538800482435397
664.0 0.9633268784751975
665.0 0.9584552651431538
666.0 0.9528424355396273
667.0 0.9508441439535187
668.0 0.9398788241020046
669.0 0.9326670651938025
670.0 0.9308708946040826
671.0 0.9379224606697687
672.0 0.9354471236062686
673.0 0.9375156380704333
674.0 0.936341909910974
675.0 0.9341136719738641
676.0 0.9314103590964548
677.0 0.9259810761751295
678.0 0.9207581750704106
679.0 0.9296489157513852
680.0 0.9380276326265575
681.0 0.9448252926394745
682.0 0.9566664019761444
683.0 0.959722694127537
684.0 0.9658315119620624
685.0 0.9637824157962257
686.0 0.958375203509149
687.0 0.9587120954086826
688.0 0.9604117822065608
689.0 0.9611134941956336
690.0 0.9583512793394584
691.0 0.9698967192829302
692.0 0.9748477856538773
693.0 0.9829000376306795
694.0 0.9792231347389005
695.0 0.9768892470270686
696.0 0.9697305010696782
697.0 0.9675331399764253
698.0 0.9807876674227944
699.0 0.972110829554705
700.0 0.9675988185627655
701.0 0.9728763885683278
702.0 0.9725997023849589
703.0 0.9693434847665472
704.0 0.9724298761151198
705.0 0.9735358270379667
706.0 0.9652148662372904
707.0 0.96512207778008
708.0 0.9603544714792704
709.0 0.9541182235709117
710.0 0.9657993571023216
711.0 0.96904484221263
712.0 0.9725659638789145
713.0 0.9552712617538353
714.0 0.9549086020127688
715.0 0.9548205411604631
716.0 0.9510944767269123
717.0 0.9584932559282265
718.0 0.9640795856003225
719.0 0.9659043409975221
720.0 0.9693705633312305
721.0 0.9573015262060703
722.0 0.953944227710997
723.0 0.9620052386389032
724.0 0.9443232136112238
725.0 0.9474170219872559
726.0 0.9462990961580395
727.0 0.9463875787876861
728.0 0.9433978189496802
729.0 0.9477097328168268
730.0 0.9519461052113236
731.0 0.9503287936269913
732.0 0.957139646134044
733.0 0.9550414267428543
734.0 0.9574850086200726
735.0 0.9521908010007734
736.0 0.945744974483049
737.0 0.9338211365901612
738.0 0.9369240390098229
739.0 0.9425092028876263
740.0 0.950675705554864
741.0 0.9517886964775769
742.0 0.9500963913369167
743.0 0.9549963923697389
744.0 0.9596830730340354
745.0 0.9617712937537981
746.0 0.9595595290373227
747.0 0.9597443010394817
748.0 0.9681619565584573
749.0 0.9623626003864167
750.0 0.9583819028006134
751.0 0.9553373242635521
752.0 0.9589713125778581
753.0 0.9706349500463538
754.0 0.96798695115776
755.0 0.9559457918155572
756.0 0.9577965009520378
757.0 0.9591819435398106
758.0 0.9522083365941498
759.0 0.9565477052977543
760.0 0.9546896954701228
761.0 0.9607139849952218
762.0 0.964163145543087
763.0 0.9545927873986203
764.0 0.9646044792565103
765.0 0.9718005867250117
766.0 0.9774734600234352
767.0 0.9778307903320027
768.0 0.9838028746180463
769.0 0.9863405864321368
770.0 0.9943437770991466
771.0 0.9997598298603829
772.0 0.9933560460005536
773.0 0.9809790536802818
774.0 0.9723808061400142
775.0 0.9659044610738381
776.0 0.9631700254928631
777.0 0.9642589898580803
778.0 0.9667066637150319
779.0 0.9779028925396602
780.0 0.9754142843354383
781.0 0.9711865783648028
782.0 0.968500122576869
783.0 0.9644063030716472
784.0 0.9722170206966322
785.0 0.975433626150125
786.0 0.9700303582007116
787.0 0.9784549395679611
788.0 0.9626520518370535
789.0 0.9810716979360089
790.0 0.9793570051329432
791.0 0.9879898791017856
792.0 0.9616516872389644
793.0 0.968876860647893
794.0 0.9601081623239756
795.0 0.9636207926873268
796.0 0.9590551197337784
797.0 0.9470262700754732
798.0 0.9542735456108465
799.0 0.953942211820339
800.0 0.9569845383536115
801.0 0.9605227777988908
802.0 0.9750989871782674
803.0 0.9721578217659854
804.0 0.9668799938416424
805.0 0.9724010058935721
806.0 0.9618815380072107
807.0 0.9645773999145648
808.0 0.9702961713037752
809.0 0.9810249010152742
810.0 0.9863825959517133
811.0 0.9854810949155068
812.0 0.9873926248651632
813.0 0.9827501733684689
814.0 0.9852056684708647
815.0 0.9840507638192868
816.0 0.9769588347776741
817.0 0.9760239512549738
818.0 0.9778912192148097
819.0 0.9690854185455869
820.0 0.9659188860286578
821.0 0.9509743113642288
822.0 0.9369623552593238
823.0 0.9507231400992054
824.0 0.9557166759391104
825.0 0.9589898248345857
826.0 0.9667662298068128
827.0 0.9716159409900561
828.0 0.9706344624467784
829.0 0.9555805009866013
830.0 0.9508850264432885
831.0 0.9571158416857047
832.0 0.9601336312900361
833.0 0.9566448743943463
834.0 0.9475154752295332
835.0 0.9457826436517663
836.0 0.9408950895398869
837.0 0.9299868587624864
838.0 0.9259080032709806
839.0 0.9231483527555007
840.0 0.9246983386658734
841.0 0.9234076497324362
842.0 0.9333934699706672
843.0 0.9348833509183846
844.0 0.9403561641037497
845.0 0.9444797874784999
846.0 0.9426939772518461
847.0 0.9438143599836678
848.0 0.9581316261691134
849.0 0.945595472934769
850.0 0.9587568428794222
851.0 0.9634998312684994
852.0 0.9624745669842673
853.0 0.9699087613217141
854.0 0.9670321482185938
855.0 0.9757282963717447
856.0 0.9793847673164373
857.0 0.984413217393671
858.0 0.9757253061184967
859.0 0.968621925108265
860.0 0.9699767602879913
861.0 0.9764707344197893
862.0 0.9821055019751492
863.0 0.9809111141332287
864.0 0.9766613531302649
865.0 0.9727808719353629
866.0 0.9741639876236494
867.0 0.9879329796661688
868.0 0.98384843673477
869.0 0.9778852747529905
870.0 0.9810630550869137
871.0 0.9821337498611102
872.0 0.9775094373748413
873.0 0.9726707493754161
874.0 0.9618028964477949
875.0 0.9662362398554285
876.0 0.971122338206413
877.0 0.9775723291906242
878.0 0.9689878825618632
879.0 0.9686139973772194
880.0 0.9658549542890121
881.0 0.9646005674349274
882.0 0.9587898762839323
883.0 0.9573491649200683
884.0 0.9669016151750591
885.0 0.9580329096113029
886.0 0.9594970534393209
887.0 0.9543751266744571
888.0 0.9492863986651636
889.0 0.9404136042808174
890.0 0.9463855833372689
891.0 0.9500474765260336
892.0 0.943637110426639
893.0 0.9506872253538742
894.0 0.9600321483275629
895.0 0.9482978464173734
896.0 0.9517379604670669
897.0 0.9447766408129373
898.0 0.9481873094911599
899.0 0.9512052993154482
900.0 0.9567881903871651
901.0 0.9500600334980565
902.0 0.9566489034524521
903.0 0.9559957578711687
904.0 0.952612522569906
905.0 0.946948048137742
906.0 0.9472274374609718
907.0 0.9544899488891254
908.0 0.9534904054709816
909.0 0.9564431821228496
910.0 0.9594257425597382
911.0 0.9620319211576899
912.0 0.9645972467269672
913.0 0.9708495776703876
914.0 0.9660129129607972
915.0 0.9749390192046494
916.0 0.9731438580808864
917.0 0.9663592227332094
918.0 0.9682189059174033
919.0 0.9754994327292088
920.0 0.9748338426508439
921.0 0.9884168302152568
922.0 1.0028492596485277
923.0 0.9972371077082345
924.0 1.0026160890945637
925.0 0.9916163349959289
926.0 0.9833492078120729
927.0 0.9818785629812439
928.0 0.983428627289212
929.0 0.9730131944713409
930.0 0.9801549566590791
931.0 0.9816217137313255
932.0 0.987362250165418
933.0 0.9881425114127694
934.0 0.9821832432324799
935.0 0.9851223415349557
936.0 0.9863928697235694
937.0 0.9825230546993385
938.0 0.9743888445651562
939.0 0.9727346432929782
940.0 0.980232030012988
941.0 0.972526907432232
942.0 0.9497402806560524
943.0 0.9534931340029775
944.0 0.9516802787554527
945.0 0.9432942144529161
946.0 0.9410491554754637
947.0 0.9524094129634175
948.0 0.9479458592537375
949.0 0.9572404502964981
950.0 0.9540266397867455
951.0 0.9603785131171035
952.0 0.9681605880957772
953.0 0.9769493385394187
954.0 0.9796388584465532
955.0 0.9780888711440874
956.0 0.9701430387243224
957.0 0.9648047322558465
958.0 0.9696643779331332
959.0 0.9710035266297053
960.0 0.966648363351769
961.0 0.9668098315538287
962.0 0.9816278738767112
963.0 0.9818828824918796
964.0 0.9707173201154585
965.0 0.9778917398149259
966.0 0.9727276212992647
967.0 0.9664041856023141
968.0 0.9547414157913658
969.0 0.9574453866701249
970.0 0.9470289650165977
971.0 0.9436968365305148
972.0 0.9403016296457649
973.0 0.9362404572902825
974.0 0.9363268050181703
975.0 0.9316718566643442
976.0 0.9331656164905825
977.0 0.9381944378581515
978.0 0.9380309058615832
979.0 0.9442845887209929
980.0 0.9397748128643075
981.0 0.9421201892243574
982.0 0.943318119282659
983.0 0.9445445101439838
984.0 0.9317630032810881
985.0 0.928222312915896
986.0 0.9407591281468154
987.0 0.9366156756675503
988.0 0.9318572401188259
989.0 0.9320384720834044
990.0 0.9265826253051589
991.0 0.92489287692008
992.0 0.9245219938008349
993.0 0.9276694457198783
994.0 0.9272611632257449
995.0 0.9191313279972755
996.0 0.9111445268520899
997.0 0.9184310250873642
998.0 0.9226684797368856
999.0 0.9160232618933788
1000.0 0.9153087547917715
1001.0 0.9249981650570049
1002.0 0.9291372652694052
1003.0 0.9290042357151311
1004.0 0.9270578208956648
1005.0 0.9361327817459417
1006.0 0.9383463265784778
1007.0 0.9362257614166657
1008.0 0.9329392461646158
1009.0 0.929405861030153
1010.0 0.939441364348293
1011.0 0.9368628538927224
1012.0 0.9278144510176641
1013.0 0.9228909257073228
1014.0 0.9262910699963482
1015.0 0.9404191195798433
1016.0 0.9480670820216369
1017.0 0.9703208728500318
1018.0 0.9622844302592923
1019.0 0.9677856082704637
1020.0 0.9563277620298709
1021.0 0.9541756827841832
1022.0 0.9392228982835749
1023.0 0.941360426833602
1024.0 0.9429158695811424
1025.0 0.9511020255657513
1026.0 0.9495594397190782
1027.0 0.9488052518952166
1028.0 0.9496999174521882
1029.0 0.9590745886975809
1030.0 0.9540277321876551
1031.0 0.9530093839793976
1032.0 0.9533991081068652
1033.0 0.9510348058865095
1034.0 0.9543930973210658
1035.0 0.9552300012061796
1036.0 0.966945602712826
1037.0 0.9622377185801172
1038.0 0.9596545790148788
1039.0 0.9641938851198442
1040.0 0.9593750213986093
1041.0 0.9565413404190994
1042.0 0.9569380172930021
1043.0 0.9625765819468006
1044.0 0.9646907295271964
1045.0 0.9707766226694
1046.0 0.9693623771795185
1047.0 0.9682105906976538
1048.0 0.9661279326925397
1049.0 0.9701230491859786
1050.0 0.9695807531453744
1051.0 0.974059091273951
1052.0 0.964317618559811
1053.0 0.9596121317802495
1054.0 0.9704813201842599
1055.0 0.9648979633024674
1056.0 0.9569255309061399
1057.0 0.9529301217443102
1058.0 0.9618402419923733
1059.0 0.9621110089075158
1060.0 0.9515683944887637
1061.0 0.9440235503487259
1062.0 0.9341387248810825
1063.0 0.9456428806598278
1064.0 0.9568156355834894
1065.0 0.956053446509974
1066.0 0.9569299073295751
1067.0 0.9571820928573274
1068.0 0.9562999338601752
1069.0 0.9620615826048269
1070.0 0.9458608270599258
1071.0 0.9541640629261077
1072.0 0.9586262878778067
1073.0 0.9552147986502
1074.0 0.9540639602850695
1075.0 0.9583699151286726
1076.0 0.9505135066760226
1077.0 0.9492333210372342
1078.0 0.9500863055620025
1079.0 0.9627355716590638
1080.0 0.9633923518226271
1081.0 0.9657626845834917
1082.0 0.9562054333347707
1083.0 0.9600670597811733
1084.0 0.9601503736966596
1085.0 0.9634732644824515
1086.0 0.9565644347231567
1087.0 0.962290697620956
1088.0 0.9681992730703153
1089.0 0.9629442910997698
1090.0 0.9668436484566975
1091.0 0.9745166634176934
1092.0 0.9691850478685424
1093.0 0.9572461786152419
1094.0 0.9679479255427713
1095.0 0.9622494927482901
1096.0 0.9603488439274006
1097.0 0.9823442306670079
1098.0 0.9794272033544388
1099.0 0.9701073996332676
1100.0 0.9764997853224061
1101.0 0.9798370852516995
1102.0 0.9730186405223102
1103.0 0.9762378296860218
1104.0 0.9769724320120842
1105.0 0.973114434474555
1106.0 0.9761000789803067
1107.0 0.9763315149460485
1108.0 0.9684685346662674
1109.0 0.9736029335133438
1110.0 0.9578657766159215
1111.0 0.9690782195414333
1112.0 0.9584233456445144
1113.0 0.9568345585088837
1114.0 0.9538034731142682
1115.0 0.9411408601989905
1116.0 0.9437031837578305
1117.0 0.9446617021187406
1118.0 0.9375978522454481
1119.0 0.9512272051834231
1120.0 0.9520450372727138
1121.0 0.9563390100567271
1122.0 0.9468292943803635
1123.0 0.9472640397856222
1124.0 0.9469057385543141
1125.0 0.9452329297307234
1126.0 0.9430472282552413
1127.0 0.9368206290766852
1128.0 0.9443145122139486
1129.0 0.9529464525118385
1130.0 0.9646132183255736
1131.0 0.9520806050910956
1132.0 0.9620041444472278
1133.0 0.9675429681896391
1134.0 0.9762879940637357
1135.0 0.9571621776387491
1136.0 0.9541954301027378
1137.0 0.9494465068669603
1138.0 0.9511209875888488
1139.0 0.9457747361693667
1140.0 0.9492602938820107
1141.0 0.9486911116753914
1142.0 0.9486128461407132
1143.0 0.9606188390950952
1144.0 0.9598773815001419
1145.0 0.9630652963738155
1146.0 0.9707623951308912
1147.0 0.9685610226655076
1148.0 0.9638398516815696
1149.0 0.9642327134145511
1150.0 0.9601830043921179
1151.0 0.9541043404867258
1152.0 0.9474275138806385
1153.0 0.9412640110508204
1154.0 0.9562939132591616
1155.0 0.9559214506334524
1156.0 0.9573587248016603
1157.0 0.9550492127536744
1158.0 0.9495143631759537
1159.0 0.9585374748060562
1160.0 0.9611557878618504
1161.0 0.9548202563345798
1162.0 0.9613022835351946
1163.0 0.9621195653384357
1164.0 0.9669229279243053
1165.0 0.9630783775498821
1166.0 0.9564161398511859
1167.0 0.9558222983944139
1168.0 0.9485724132072887
1169.0 0.9555024133650006
1170.0 0.9590249830669639
1171.0 0.954520227051014
1172.0 0.9498939008621419
1173.0 0.9529221286657303
1174.0 0.9392379926669706
1175.0 0.9372009242599452
1176.0 0.9515549342191975
1177.0 0.936982806739078
1178.0 0.9330588140889031
1179.0 0.9305677083931796
1180.0 0.9262528812614603
1181.0 0.9282381180662975
1182.0 0.9195536740064192
1183.0 0.9135727029606594
1184.0 0.9237969215142335
1185.0 0.9303953503110997
1186.0 0.9335525589451443
1187.0 0.9166090192219324
1188.0 0.9285742541718166
1189.0 0.9252109205096964
1190.0 0.9145876598049867
1191.0 0.9124551021854914
1192.0 0.9116314874698223
1193.0 0.919011618039246
1194.0 0.9262781793390481
1195.0 0.9118689093236562
1196.0 0.9125714348117467
1197.0 0.905070964497124
1198.0 0.9013089867549038
1199.0 0.8982513245331966
1200.0 0.9031007348938559
1201.0 0.9057366087900011
1202.0 0.9081002783860914
1203.0 0.9047409685643821
1204.0 0.909823870760307
1205.0 0.9029678427429009
1206.0 0.9047424855810764
1207.0 0.9111980343873809
1208.0 0.9194596703805811
1209.0 0.9261976763135239
1210.0 0.9365253073100203
1211.0 0.9356975672917948
1212.0 0.9350569738579819
1213.0 0.9280116431046634
1214.0 0.930268675342926
1215.0 0.9299015311811256
1216.0 0.9260416277933547
1217.0 0.9122220801614542
1218.0 0.9223909617174086
1219.0 0.92184831008181
1220.0 0.9209957465742846
1221.0 0.9236969055453287
1222.0 0.9256995412898148
1223.0 0.9275915724047422
1224.0 0.9344022960805966
1225.0 0.9276449890136282
1226.0 0.9253008935689394
1227.0 0.9260211730337533
1228.0 0.9146566299738887
1229.0 0.9125217804279073
1230.0 0.9225836959769087
1231.0 0.9361507840508102
1232.0 0.9321509696742029
1233.0 0.9322141862321647
1234.0 0.9276146871732349
1235.0 0.9275967258831181
1236.0 0.9355887166101116
1237.0 0.9235515351628818
1238.0 0.92619974208571
1239.0 0.9352022115436135
1240.0 0.9372147458791844
1241.0 0.9344053183576554
1242.0 0.9242170137247815
1243.0 0.9313022190556286
1244.0 0.9308606053064988
1245.0 0.9306919257411728
1246.0 0.9366150688269151
1247.0 0.9241028655433595
1248.0 0.9284906780155279
1249.0 0.9276967481945375
1250.0 0.9163517262823767
1251.0 0.9254330809745044
1252.0 0.9267606974835865
1253.0 0.9249005352811113
1254.0 0.9310776776158723
1255.0 0.9234272764392528
1256.0 0.9241329748701267
1257.0 0.9290940116272963
1258.0 0.9323228685822501
1259.0 0.9276106810150306
1260.0 0.927838660173516
1261.0 0.9303367367811954
1262.0 0.9353692677783696
1263.0 0.9310923389605165
1264.0 0.9315942812243746
1265.0 0.9247737714375832
1266.0 0.9189383181954213
1267.0 0.9213209229426103
1268.0 0.9206136789398007
1269.0 0.9213660824154177
1270.0 0.9206524432410401
1271.0 0.9274515085450534
1272.0 0.9267646184176968
1273.0 0.9241452983166409
1274.0 0.9194088519538142
1275.0 0.9214442888419647
1276.0 0.9247776754897725
1277.0 0.9281574894685433
1278.0 0.9209168840073302
1279.0 0.9237487456809547
1280.0 0.9251954755039596
1281.0 0.9225870297702355
1282.0 0.9168980785660784
1283.0 0.9090574809019565
1284.0 0.9004625473285447
1285.0 0.9014570439416415
1286.0 0.9104706057519033
1287.0 0.9130800851218606
1288.0 0.91733973899094
1289.0 0.9096013758653887
1290.0 0.9204544279751937
1291.0 0.9190424552624276
1292.0 0.9180193966175654
1293.0 0.9072683988268591
1294.0 0.9148847740791364
1295.0 0.9265326874835662
1296.0 0.9317557520679534
1297.0 0.9381310698011689
1298.0 0.941045293569324
1299.0 0.9445749882416005
1300.0 0.9397222471457625
1301.0 0.9318232405765517
1302.0 0.9409505121307035
1303.0 0.9362964495308151
1304.0 0.9407801594825468
1305.0 0.9407424736690867
1306.0 0.9429229370913825
1307.0 0.9534992806450232
1308.0 0.9496046476217751
1309.0 0.9532409205031787
1310.0 0.9565473415765696
1311.0 0.9580043658613752
1312.0 0.97269993473934
1313.0 0.9761880570198475
1314.0 0.9729640155378305
1315.0 0.9759523940078928
1316.0 0.9676304903870587
1317.0 0.9595027642077506
1318.0 0.9570498302294552
1319.0 0.9647034581431043
1320.0 0.9697412459649893
1321.0 0.9877931846125282
1322.0 0.9845223708976576
1323.0 0.979152047940182
1324.0 0.9728029346471316
1325.0 0.9837225877594176
1326.0 0.9651672122212076
1327.0 0.9831726939801448
1328.0 0.9781794993498769
1329.0 0.9731476322869984
1330.0 0.9805886928450953
1331.0 0.9771095860061584
1332.0 0.9841469669932896
1333.0 0.9864902775785491
1334.0 0.9901473916639322
1335.0 0.9890874048791233
1336.0 0.9943083310350834
1337.0 0.9841910682864787
1338.0 0.9844318828315168
1339.0 0.9741998949038797
1340.0 0.9748006404011222
1341.0 0.9695847820459503
1342.0 0.9663201628150601
1343.0 0.9631564619310788
1344.0 0.9641610511272045
1345.0 0.9585322327741554
1346.0 0.9481358278136087
1347.0 0.9511421864789387
1348.0 0.9596964219790445
1349.0 0.9575120092449365
1350.0 0.958034997450727
1351.0 0.9631572423648199
1352.0 0.9689804090678583
1353.0 0.9685803142024503
1354.0 0.9821988535937608
1355.0 0.978489844021498
1356.0 0.9817924019371848
1357.0 0.9871375140084903
1358.0 0.9780922015748008
1359.0 0.972703113473391
1360.0 0.9635692132874606
1361.0 0.9590552432626096
1362.0 0.9579298583169731
1363.0 0.9631087218331057
1364.0 0.9604025011442093
1365.0 0.963449300363812
1366.0 0.9625524682697986
1367.0 0.9719482279795019
1368.0 0.9754589176700078
1369.0 0.969097298364774
1370.0 0.9668835756942441
1371.0 0.9783923742823062
1372.0 0.9703520378382755
1373.0 0.9717817418235262
1374.0 0.9567895714506844
1375.0 0.971603296662083
1376.0 0.9639310824433324
1377.0 0.9607724395842115
1378.0 0.9589257294102322
1379.0 0.9572536206776764
1380.0 0.9504042781327726
1381.0 0.9416468889959455
1382.0 0.9520377065483903
1383.0 0.9489977076283844
1384.0 0.9408425607320308
1385.0 0.9495905077379343
1386.0 0.927895915646066
1387.0 0.9241567433723722
1388.0 0.9395127720061728
1389.0 0.9375446913449406
1390.0 0.9484767732226411
1391.0 0.9487031726181805
1392.0 0.9599881598251786
1393.0 0.9680372870546693
1394.0 0.9704288649633996
1395.0 0.9678994069328413
1396.0 0.9774221495521825
1397.0 0.9755953763037745
1398.0 0.9699810386110304
1399.0 0.9719543210963758
1400.0 0.9715570824986524
1401.0 0.9732540265825245
1402.0 0.9777109444442944
1403.0 0.9677074028284608
1404.0 0.9741859305318176
1405.0 0.9694659923901415
1406.0 0.9762815216278998
1407.0 0.975893810074177
1408.0 0.977509048947147
1409.0 0.9779216296394511
1410.0 0.9684828263517102
1411.0 0.9728307560285565
1412.0 0.9726626506630526
1413.0 0.9811592453705135
1414.0 0.980824228545272
1415.0 0.9828002534529057
1416.0 0.9750271059511139
1417.0 0.97931752891315
1418.0 0.9820938759474404
1419.0 0.9806319761896501
1420.0 0.9808411054195518
1421.0 0.9834851762650546
1422.0 0.993651089319112
1423.0 0.9877646070561082
1424.0 0.9783794849528066
1425.0 0.9736311950393794
1426.0 0.9752913232227295
1427.0 0.9728586264732669
1428.0 0.9700103845095436
1429.0 0.9645956998609355
1430.0 0.961975673790942
1431.0 0.9622357064953672
1432.0 0.9586765567832465
1433.0 0.9663614464755144
1434.0 0.9616823797806132
1435.0 0.958820400728442
1436.0 0.9565975967372822
1437.0 0.9589209559763159
1438.0 0.9563045543178237
1439.0 0.9474522673243133
1440.0 0.9497069564631323
1441.0 0.9472857528446088
1442.0 0.9522983499382468
1443.0 0.9524289010679775
1444.0 0.9629297466628091
1445.0 0.9720926767692178
1446.0 0.970607480742507
1447.0 0.9722548641830576
1448.0 0.9755458679677964
1449.0 0.9686277003375624
1450.0 0.9753410216988312
1451.0 0.9729273863280328
1452.0 0.9663210452859199
1453.0 0.9593558411955223
1454.0 0.9621265067088123
1455.0 0.9574001417911007
1456.0 0.9564223297016227
1457.0 0.9616768857777217
1458.0 0.9589407551658123
1459.0 0.9657673390053041
1460.0 0.974641341920137
1461.0 0.977436684493286
1462.0 0.9718184297283352
1463.0 0.9731092251301412
1464.0 0.967624361097412
1465.0 0.9610876637047564
1466.0 0.9614262146944927
1467.0 0.9632196306829435
1468.0 0.9634558758420881
1469.0 0.957724243196633
1470.0 0.9543572280144812
1471.0 0.9521690395120389
1472.0 0.9590697129734671
1473.0 0.9632511472717731
1474.0 0.9680246499778298
1475.0 0.9794228594724567
1476.0 0.988690256746262
1477.0 0.9866829490195433
1478.0 0.9815242024038208
1479.0 0.9818092370731533
1480.0 0.9869421536959038
1481.0 0.9934254540438168
1482.0 0.9998899875292432
1483.0 0.9950861331371319
1484.0 0.9903812313420526
1485.0 0.998853141252954
1486.0 0.9972738869357263
1487.0 0.9863980945789219
1488.0 0.9800280878805294
1489.0 0.9800731672214887
1490.0 0.9772964563351856
1491.0 0.9796317783895947
1492.0 0.9847764802040084
1493.0 0.973599829846856
1494.0 0.9713485027613886
1495.0 0.9720004364918177
1496.0 0.9639966103467646
1497.0 0.9614496175867805
1498.0 0.9572086954262732
1499.0 0.9638168414369768
1500.0 0.964189980595578
1501.0 0.9710712197795246
1502.0 0.9749387328157513
1503.0 0.9760784007142831
1504.0 0.976548383812206
1505.0 0.9710653181641973
1506.0 0.9795926781206361
1507.0 0.971577719260929
1508.0 0.9660138457328541
1509.0 0.9691381457157628
1510.0 0.9667768319899039
1511.0 0.9719951514865318
1512.0 0.9729367017819696
1513.0 0.9730838848571546
1514.0 0.9772601728198971
1515.0 0.9759849247048127
1516.0 0.9764846984539884
1517.0 0.983717489971845
1518.0 0.9782731689754952
1519.0 0.9837980108993758
1520.0 0.9884820115670504
1521.0 0.9784582544779516
1522.0 0.9806855162509139
1523.0 0.9715348102160233
1524.0 0.9713111759861144
1525.0 0.9671048780811047
1526.0 0.9704565646401584
1527.0 0.9647964682750289
1528.0 0.9591917620685448
1529.0 0.9609289468153166
1530.0 0.9635231871661057
1531.0 0.9674946202202204
1532.0 0.9673674367112037
1533.0 0.9623247764977532
1534.0 0.9743504905579048
1535.0 0.9861206548713289
1536.0 0.9910883075615047
1537.0 0.9893361284942175
1538.0 1.0003681168448315
1539.0 1.0087188438951735
1540.0 1.003791222084185
1541.0 1.0065431871206432
1542.0 0.9961058119373438
1543.0 0.995944717548339
1544.0 1.002784680652297
1545.0 1.0028648893145047
1546.0 0.9955843829025927
1547.0 0.9907781531555646
1548.0 0.9851875704503483
1549.0 0.9893508644939841
1550.0 0.98806227921133
1551.0 0.979565745897701
1552.0 0.9724705801489671
1553.0 0.9702657828429786
1554.0 0.9804380150580568
1555.0 0.9818398158999821
1556.0 0.9873480541720359
1557.0 0.9907102889904251
1558.0 0.9954904339959999
1559.0 0.9825033139167031
1560.0 0.978683557096948
1561.0 0.9881723568478323
1562.0 0.985004109810899
1563.0 0.982645878901671
1564.0 0.9901888896527113
1565.0 0.9897549352918654
1566.0 0.9920269292544592
1567.0 0.992011559531597
1568.0 0.9846074018805785
1569.0 0.9825673704160373
1570.0 0.9794094758780915
1571.0 0.9860929973924508
1572.0 0.9772313979398705
1573.0 0.9842805166100461
1574.0 0.9817868464257193
1575.0 0.9859347693694632
1576.0 0.982590282424589
1577.0 0.9665281039059834
1578.0 0.971646315849313
1579.0 0.963202000683372
1580.0 0.9601852878590271
1581.0 0.9699763095751839
1582.0 0.9747342460129126
1583.0 0.9783331099964523
1584.0 0.9840912611966617
1585.0 0.9879985820177547
1586.0 0.9780328074130283
1587.0 0.9776218414096443
1588.0 0.9661863356789253
1589.0 0.9706806994897409
1590.0 0.9647585275233744
1591.0 0.9754253654774787
1592.0 0.9710120432520816
1593.0 0.972063132367792
1594.0 0.9627145555567382
1595.0 0.9604493718780253
1596.0 0.9617488444755555
1597.0 0.9617904693591195
1598.0 0.9578820920658536
1599.0 0.9574911017195922
1600.0 0.9595419233796884
1601.0 0.9636047149125231
1602.0 0.9535561453557284
1603.0 0.948619723552295
1604.0 0.9542881827046571
1605.0 0.9580613330784429
1606.0 0.9507816652051609
1607.0 0.9567720452666564
1608.0 0.957707490477768
1609.0 0.9618126242371033
1610.0 0.9636965024405052
1611.0 0.9691676891037156
1612.0 0.9638216811664538
1613.0 0.9657783866442072
1614.0 0.9560742999981715
1615.0 0.9508145880413508
1616.0 0.9663483500575868
1617.0 0.9753855640775972
1618.0 0.9656348644045047
1619.0 0.9748646093290816
1620.0 0.9736165744340577
1621.0 0.9742083608640207
1622.0 0.9696680958490107
1623.0 0.9680333998485837
1624.0 0.9684613254689026
1625.0 0.9678864413708071
1626.0 0.9766081283169026
1627.0 0.9677384149023753
1628.0 0.962808619570508
1629.0 0.9648323642573138
1630.0 0.9635452205928361
1631.0 0.9664672264609797
1632.0 0.9582950413315808
1633.0 0.9615039691552146
1634.0 0.964629535813249
1635.0 0.9572860532377687
1636.0 0.9455195033477605
1637.0 0.9342773208216901
1638.0 0.9359028175457823
1639.0 0.9361873591010175
1640.0 0.9390976177924253
1641.0 0.9436835828715019
1642.0 0.9427613132111056
1643.0 0.9344689762954429
1644.0 0.9363552354741923
1645.0 0.9473167316530906
1646.0 0.947798167438447
1647.0 0.9448643817944908
1648.0 0.9489171128473689
1649.0 0.955387922315462
1650.0 0.953152142489737
1651.0 0.9553079977554878
1652.0 0.9616397012316098
1653.0 0.9679006242912809
1654.0 0.9618705138522955
1655.0 0.957194347877477
1656.0 0.9519748396383123
1657.0 0.9437855390118655
1658.0 0.93900109198865
1659.0 0.9435912882123422
1660.0 0.948486063384264
1661.0 0.952872269066593
1662.0 0.9586595269123899
1663.0 0.96968504124359
1664.0 0.9738399181311695
1665.0 0.9819144319321993
1666.0 0.9742578902814012
1667.0 0.9683082423683864
1668.0 0.9666573352380381
1669.0 0.960163805505247
1670.0 0.9651793219254688
1671.0 0.9704865306306516
1672.0 0.970819578090231
1673.0 0.9727293428460264
1674.0 0.9717600108869029
1675.0 0.9558672678354316
1676.0 0.9549464358530049
1677.0 0.9533050549472728
1678.0 0.9528851543752372
1679.0 0.9497098660996649
1680.0 0.9480789637698732
1681.0 0.9456369457285451
1682.0 0.9546239583590944
1683.0 0.9499588851877465
1684.0 0.9438281702494008
1685.0 0.9384145734231388
1686.0 0.937097500819819
1687.0 0.9501175403724395
1688.0 0.9445042689183
1689.0 0.9490278657745422
1690.0 0.9478593773655595
1691.0 0.9468112854685676
1692.0 0.9457305815528756
1693.0 0.9449591980685286
1694.0 0.948733367137366
1695.0 0.9544290426866426
1696.0 0.9449099316929559
1697.0 0.9549261208817139
1698.0 0.9597677595022638
1699.0 0.9661337546130231
1700.0 0.9660182897523496
1701.0 0.95423007035344
1702.0 0.9501458706866179
1703.0 0.9530095235124441
1704.0 0.9543056123551776
1705.0 0.9551584280901813
1706.0 0.9595422847532499
1707.0 0.9534033294551241
1708.0 0.954019163980651
1709.0 0.9474135715659013
1710.0 0.9395522734139037
1711.0 0.9507869063710718
1712.0 0.9549697624804819
1713.0 0.9590388108564556
1714.0 0.9668587992453807
1715.0 0.9676236738871566
1716.0 0.966430598643661
1717.0 0.9584988644814999
1718.0 0.9533532000911172
1719.0 0.9523663124252248
1720.0 0.9527730144427338
1721.0 0.938651889090427
1722.0 0.926716453260072
1723.0 0.9305304388805136
1724.0 0.9320181192664642
1725.0 0.9330379369275599
1726.0 0.9274132988375557
1727.0 0.9131773249265228
1728.0 0.9043162603469608
1729.0 0.9039589295052105
1730.0 0.9008822686042086
1731.0 0.8931402109477361
1732.0 0.8909452038481869
1733.0 0.8925515364618095
1734.0 0.8885486150360388
1735.0 0.8817639267960674
1736.0 0.8909343326616901
1737.0 0.8979373960293708
1738.0 0.9008020917406945
1739.0 0.8988081137545241
1740.0 0.9030518101712411
1741.0 0.9049919513157866
1742.0 0.8946853078176755
1743.0 0.8948150793777578
1744.0 0.894001259032241
1745.0 0.8788604016166224
1746.0 0.872195267265457
1747.0 0.8608886155537203
1748.0 0.8578986597776724
1749.0 0.8462450893550988
1750.0 0.8504915622754478
1751.0 0.8513938426787092
1752.0 0.8455649368762546
1753.0 0.8373816392329079
1754.0 0.8407016791238414
1755.0 0.8436405757336092
1756.0 0.8373195185254738
1757.0 0.849789037653332
1758.0 0.8437254373455041
1759.0 0.8436048127073841
1760.0 0.8334345293175784
1761.0 0.8205063067584464
1762.0 0.8097900390911462
1763.0 0.807732661773886
1764.0 0.7976859596162174
1765.0 0.7879819053935302
1766.0 0.7833881862733574
1767.0 0.7724825313435908
1768.0 0.7601404231931739
1769.0 0.7571699943006674
1770.0 0.7421123267713872
1771.0 0.7350916298570832
1772.0 0.7107305719491558
1773.0 0.6915990182508456
1774.0 0.6693185253169938
1775.0 0.6398561487388335
1776.0 0.6191999796148524
1777.0 0.5864015864863398
1778.0 0.5494724255267834
1779.0 0.5066385363238974
1780.0 0.460029376135085
1781.0 0.41612204469542463
1782.0 0.3641283584818592
1783.0 0.3138216798376104
1784.0 0.2667294879608264
1785.0 0.22574936777608898
1786.0 0.1915532657435636
1787.0 0.1610911774745692
1788.0 0.1333176128876794
1789.0 0.11087737461454339
1790.0 0.09021100634378801
1791.0 0.07796397587566259
1792.0 0.060365458199789404
1793.0 0.040567129694674596
1794.0 0.027358890759392202
1795.0 0.0153017899944834
1796.0 0.0072442826841638
1797.0 0.0023904977529868
1798.0 0.0007408152264322001
1799.0 0.000367391653006
1800.0 0.0001277627498072
1801.0 1.72908079322e-05
1802.0 2.3400563888e-06
1803.0 3.1669219419999997e-07
1804.0 4.28596278e-08
1805.0 5.8004198e-09
1806.0 7.850014e-10
