t/tau_0 k_BT_k/epsilon

0.1 1.020025259522691
0.2 1.0185889583943704
0.3 1.0175038013864548
0.4 1.0173064176139117
0.5 1.0201863995924842
0.6 1.0229086236943472
0.7 1.0224728216223726
0.8 1.0234894060704514
0.9 1.0207129087556042
1.0 1.0164084120951373
1.1 1.017593156764294
1.2 1.0220484322135561
1.3 1.0209783983186946
1.4 1.0206661536163006
1.5 1.022190974517199
1.6 1.0187601771621586
1.7 1.0188115284166888
1.8 1.0174693747750148
1.9 1.015810226310253
2.0 1.0143920052460862
2.1 1.0149858628995732
2.2 1.0139623879227178
2.3 1.0126449011847787
2.4 1.0111289081492902
2.5 1.014750935032748
2.6 1.0153780258846152
2.7 1.0139387322994262
2.8 1.0127361887044541
2.9 1.0147308668535309
3.0 1.0133696287997451
3.1 1.0108571467764924
3.2 1.0093696849174605
3.3 1.0083574136092992
3.4 1.0095135513194262
3.5 1.007465884725493
3.6 1.0130041644839918
3.7 1.009565497854425
3.8 1.0099725679126663
3.9 1.0077256041581901
4.0 1.0084954331603646
4.100000000000001 1.008537454581836
4.2 1.0067604789474278
4.3 1.003710564471184
4.4 1.0061467387513554
4.5 1.0081571569722105
4.600000000000001 1.0062714962060233
4.7 1.0028555798182008
4.800000000000001 1.0001035166655243
4.9 0.9985615384415352
5.0 0.9966923953158078
5.100000000000001 0.994853374698606
5.2 0.9943020490190108
5.300000000000001 0.9970373054784669
5.4 0.9941030232013752
5.5 0.9906763955290202
5.600000000000001 0.9870417268591437
5.7 0.9902415921472455
5.800000000000001 0.9912846446546485
5.9 0.9909855019327521
6.0 0.9942244215749035
6.100000000000001 0.9896284091749399
6.2 0.9852273263940402
6.300000000000001 0.9811519728903327
6.4 0.9773987254747712
6.5 0.9772320210785068
6.600000000000001 0.9775041858259913
6.7 0.9774150364636878
6.800000000000001 0.9772232373351015
6.9 0.9755610058717163
7.0 0.9722041081126758
7.100000000000001 0.972702360619429
7.2 0.9715907350680377
7.300000000000001 0.9747665255416622
7.4 0.9727543083117103
7.5 0.9690672815948776
7.600000000000001 0.9708232867068786
7.7 0.9734199339230976
7.800000000000001 0.9688361497791096
7.9 0.9663495309493074
8.0 0.965660676465733
8.1 0.962751258893093
8.200000000000001 0.9661120584594732
8.3 0.9714417135253864
8.4 0.972957376445693
8.5 0.9673834292044544
8.6 0.9700650867998217
8.700000000000001 0.9695723131211667
8.8 0.9707277358544143
8.9 0.9728938128204463
9.0 0.9709968914031848
9.1 0.9687261353748333
9.200000000000001 0.9671358843190194
9.3 0.965606763489802
9.4 0.96905556214435
9.5 0.9690819848019252
9.600000000000001 0.9689750972784414
9.700000000000001 0.9648062231316803
9.8 0.9637401190736574
9.9 0.9644890940245003
10.0 0.9655208299138316
11.0 0.955854070724315
12.0 0.9580227544725
13.0 0.9531921318506894
14.0 0.963483149382945
15.0 0.9592935060811316
16.0 0.9679653437951575
17.0 0.9756021405492186
18.0 0.9716502346270726
19.0 0.9877304949156229
20.0 0.9787633198685303
21.0 0.9788221758767376
22.0 0.9817700147789032
23.0 0.9656801332983476
24.0 0.9553142265966214
25.0 0.9558412739161802
26.0 0.9507949878983171
27.0 0.9578327527318281
28.0 0.9621131522744777
29.0 0.9693325096568088
30.0 0.9706864300856306
31.0 0.9738040790257839
32.0 0.9905273295639516
33.0 0.9850475906891223
34.0 0.9848920181019489
35.0 0.9951271408678777
36.0 0.9934731773670007
37.0 0.9839484216042923
38.0 0.9803898709028935
39.0 0.9877349254985001
40.0 0.9897657851860489
41.0 0.9972074987439251
42.0 0.999461841351627
43.0 0.9969056219028538
44.0 1.0003667408855048
45.0 0.9929996062134429
46.0 0.9820202766875925
47.0 0.9817787441715742
48.0 0.9757832509871761
49.0 0.9697436492272473
50.0 0.9794505023965738
51.0 0.9852139524398732
52.0 0.98713754096309
53.0 0.9755577084272794
54.0 0.9740088282330319
55.0 0.9722303355413369
56.0 0.9800777537950927
57.0 0.98152188964439
58.0 0.9836384004982154
59.0 0.9813177523141222
60.0 0.9786368606119347
61.0 0.9889606409318497
62.0 0.9869154843139144
63.0 0.9958429973413233
64.0 0.991866155533953
65.0 0.9872055564587084
66.0 0.986375569335916
67.0 0.9898602374020513
68.0 0.9840549497598572
69.0 0.9837717298336713
70.0 0.9871942419522035
71.0 0.9908334644715765
72.0 0.9939757131045521
73.0 0.9938724448634535
74.0 0.9888960145012687
75.0 0.9847932294432775
76.0 0.9739573788003035
77.0 0.9863940162433511
78.0 0.9676529838630726
79.0 0.9588928987235417
80.0 0.9590835978852962
81.0 0.9633913765726951
82.0 0.9540615007516131
83.0 0.9530307178536122
84.0 0.9441320784972191
85.0 0.940330625218294
86.0 0.946321746290763
87.0 0.9350718985312636
88.0 0.941083203346001
89.0 0.9389222810088033
90.0 0.9463020521977125
91.0 0.9470067886045139
92.0 0.9395153046874494
93.0 0.9350573344432856
94.0 0.9322135483484217
95.0 0.9299119716593325
96.0 0.9306633957639011
97.0 0.9357423289683006
98.0 0.9274457227688361
99.0 0.9392048958264748
100.0 0.9458012945106196
101.0 0.9455633788694888
102.0 0.9454508118290386
103.0 0.9495285378035654
104.0 0.9453990400540692
105.0 0.9510667468976097
106.0 0.9483147773652163
107.0 0.9567880171256092
108.0 0.9702548350522433
109.0 0.9633188750001211
110.0 0.9695494082750139
111.0 0.9644598012797084
112.0 0.966187928106552
113.0 0.9633269596547207
114.0 0.9638917506061476
115.0 0.9605802600499681
116.0 0.9605884381030372
117.0 0.9660529111337779
118.0 0.9627380773939649
119.0 0.9688436580945285
120.0 0.9589665049353139
121.0 0.9623261661839108
122.0 0.9597204825321042
123.0 0.9628331530733212
124.0 0.9707314867992454
125.0 0.9708619388690968
126.0 0.9670465680291664
127.0 0.9711465234070656
128.0 0.9743700547965556
129.0 0.9731563446564332
130.0 0.9731461180971703
131.0 0.9616452658024486
132.0 0.9736475510209859
133.0 0.9614980775414239
134.0 0.9629246349974985
135.0 0.967739965150981
136.0 0.9733967711364574
137.0 0.9594879833066543
138.0 0.9622732041362194
139.0 0.9610766551016049
140.0 0.9604661512364443
141.0 0.9556724471019171
142.0 0.9534550361292926
143.0 0.9598866061196036
144.0 0.9564729047468014
145.0 0.9564731351124456
146.0 0.9601364424266817
147.0 0.9564059365633086
148.0 0.9408883855868047
149.0 0.9454591936798687
150.0 0.9485207176106565
151.0 0.9466946898603572
152.0 0.9460329232052717
153.0 0.957463954399147
154.0 0.959259892350539
155.0 0.9598833300263937
156.0 0.9588251518829939
157.0 0.9607665299837487
158.0 0.9619360232678306
159.0 0.964434076454709
160.0 0.9651991266443083
161.0 0.9675692402569306
162.0 0.9509966346515754
163.0 0.9531499800158778
164.0 0.9610682562617953
165.0 0.9630834863448218
166.0 0.9636209656186653
167.0 0.9611179053815488
168.0 0.9665296048537908
169.0 0.9644146224643174
170.0 0.9548294307208487
171.0 0.9490005930806102
172.0 0.9452327525783787
173.0 0.9476413939022565
174.0 0.946629151977301
175.0 0.9463307705342835
176.0 0.9458792581215002
177.0 0.9518218770550739
178.0 0.9436841429615731
179.0 0.9562762495594802
180.0 0.9487892686914193
181.0 0.9526612450494275
182.0 0.9568407175053307
183.0 0.9615882752483795
184.0 0.9552382836037783
185.0 0.9564990176436844
186.0 0.9596062907866276
187.0 0.9557683588511823
188.0 0.9596138586401916
189.0 0.9544891957838496
190.0 0.9467223440547372
191.0 0.9275933359818875
192.0 0.9334358807818528
193.0 0.9375593932264575
194.0 0.9433484766256637
195.0 0.9327403377980648
196.0 0.9469168591237436
197.0 0.9451534831620281
198.0 0.9502353623056914
199.0 0.9488945034478997
200.0 0.9441459664231576
201.0 0.9434579760694992
202.0 0.9352137194229113
203.0 0.9334453968822309
204.0 0.92692257676088
205.0 0.9249804313661472
206.0 0.940030326064548
207.0 0.9404596635623435
208.0 0.947325734451104
209.0 0.9445011329794534
210.0 0.952208100011078
211.0 0.9595384133872171
212.0 0.959765470597886
213.0 0.9551349290854109
214.0 0.9672262900385183
215.0 0.9563859815936242
216.0 0.9584189797241203
217.0 0.9548271326589995
218.0 0.9604758139792388
219.0 0.955214256219999
220.0 0.9401487927939571
221.0 0.9287443319100911
222.0 0.93304882865256
223.0 0.9344606244131202
224.0 0.9454337333036469
225.0 0.9471684644569075
226.0 0.9558330321671006
227.0 0.9714536038991552
228.0 0.9828895262164012
229.0 0.9741410548295854
230.0 0.9833031006915085
231.0 0.9867915750902829
232.0 0.9881188706783177
233.0 0.9779973904951375
234.0 0.9848909277664385
235.0 0.9934869270224767
236.0 0.9909151258991675
237.0 0.9964342849360177
238.0 0.9894796573757926
239.0 0.9789304177144823
240.0 0.9749338067672569
241.0 0.9713370135884916
242.0 0.968401516491638
243.0 0.9497703763758863
244.0 0.9539270652265597
245.0 0.9453684574267225
246.0 0.947611323721836
247.0 0.9456068809824197
248.0 0.95528864484856
249.0 0.9545950102545542
250.0 0.9475869829995386
251.0 0.9444800309003764
252.0 0.9409836035548796
253.0 0.9346413497099502
254.0 0.9416836455812744
255.0 0.9581473880841941
256.0 0.9503950141270977
257.0 0.9384555535844431
258.0 0.9401265265778832
259.0 0.9276668425706692
260.0 0.9383578952401532
261.0 0.9390280633157996
262.0 0.947776808174474
263.0 0.9535106370359279
264.0 0.9540314624973316
265.0 0.9608672509286192
266.0 0.951160441199747
267.0 0.9484772826913556
268.0 0.9442630944693313
269.0 0.958778924334607
270.0 0.9614851995240455
271.0 0.9541322844552426
272.0 0.9558331653004422
273.0 0.9514287475833015
274.0 0.9538160886557343
275.0 0.9556101419471945
276.0 0.9507112276153299
277.0 0.9576557755866018
278.0 0.9483123304790251
279.0 0.9519377661981749
280.0 0.964742062945351
281.0 0.9732059261526744
282.0 0.9865115874140324
283.0 0.9889007618023316
284.0 0.9939176153388452
285.0 0.9885910575223958
286.0 0.9846813455804796
287.0 0.9764691692307148
288.0 0.9856392160002869
289.0 0.9681544630917778
290.0 0.9639046148691831
291.0 0.9622894661205936
292.0 0.9581030833058197
293.0 0.9413632878068668
294.0 0.9383317749360724
295.0 0.9471879346443769
296.0 0.9536873323572026
297.0 0.9431249441508556
298.0 0.9450069583380432
299.0 0.9531259263146182
300.0 0.9558826462957863
301.0 0.9566419531322203
302.0 0.9561941300558638
303.0 0.958972915028413
304.0 0.9525771183851788
305.0 0.959587318071448
306.0 0.9542750908432591
307.0 0.9617957829300758
308.0 0.9632926488232814
309.0 0.9687386019439103
310.0 0.9652556779852828
311.0 0.9776252135765768
312.0 0.9678549255768573
313.0 0.9640006466252707
314.0 0.9616698147036375
315.0 0.9587852119563326
316.0 0.9626383338101556
317.0 0.9604618232055182
318.0 0.958590935409265
319.0 0.9641212186656001
320.0 0.9710814618028134
321.0 0.9668192097616547
322.0 0.9657069835882235
323.0 0.9704223064233236
324.0 0.9630956958116853
325.0 0.9632271499046947
326.0 0.966380894879492
327.0 0.9639272131285412
328.0 0.9703755619744874
329.0 0.9722878106973502
330.0 0.964088065906615
331.0 0.9710320194104087
332.0 0.9699700310444929
333.0 0.9775927905971837
334.0 0.9749006130954697
335.0 0.9864830507025323
336.0 0.9812356577672772
337.0 0.9726690378942701
338.0 0.9693401551811573
339.0 0.9718992887442568
340.0 0.966027659532213
341.0 0.9680807636079066
342.0 0.9647875808060468
343.0 0.9675410872341821
344.0 0.9619804102803853
345.0 0.955131768214947
346.0 0.9574746836912691
347.0 0.9608830844298065
348.0 0.95790431695982
349.0 0.9572260944898895
350.0 0.9589880361680481
351.0 0.9595304727373802
352.0 0.9551667195286655
353.0 0.9463070088673078
354.0 0.9381431646217051
355.0 0.9466328242161858
356.0 0.9450645036522942
357.0 0.9425079547064519
358.0 0.9536031926579618
359.0 0.9549707170122321
360.0 0.9535940547569013
361.0 0.9457603592291928
362.0 0.9503756711403989
363.0 0.9606467329448772
364.0 0.9666342648964761
365.0 0.9551876039916805
366.0 0.9461766651745871
367.0 0.9491702017226344
368.0 0.9485539409810115
369.0 0.9610513102873736
370.0 0.9698284985320187
371.0 0.9648818452944099
372.0 0.9614745524599589
373.0 0.9520838192765855
374.0 0.9587552055549995
375.0 0.9583752273892753
376.0 0.9571221115640027
377.0 0.9625053329470289
378.0 0.9694793308926405
379.0 0.9715192722544325
380.0 0.9680697309743864
381.0 0.9677808990745396
382.0 0.9634582768807421
383.0 0.96350949519947
384.0 0.9595344177690001
385.0 0.9496901754962728
386.0 0.9452387415125377
387.0 0.9423682680557146
388.0 0.9388837287368341
389.0 0.9377942848875473
390.0 0.9492613874646837
391.0 0.952749751598958
392.0 0.9574822156710432
393.0 0.9680490778403229
394.0 0.9753263258464033
395.0 0.9767371223256619
396.0 0.9752541029354418
397.0 0.9812140346106594
398.0 0.9705649994605112
399.0 0.9787092478505202
400.0 0.9759848875961052
401.0 0.9866950218325716
402.0 0.9916249226065098
403.0 0.9866329976674741
404.0 0.9894948266150635
405.0 0.9668107737274235
406.0 0.9657037130089806
407.0 0.9576339386349286
408.0 0.9524533521781644
409.0 0.9571594198097833
410.0 0.9559415640156643
411.0 0.9657331604576793
412.0 0.9656018215887532
413.0 0.9603229419734159
414.0 0.9660809512769257
415.0 0.9681966180624739
416.0 0.9579245960516438
417.0 0.9514597550882039
418.0 0.9497511982098228
419.0 0.9575788497743215
420.0 0.9644751884808098
421.0 0.9660685203077332
422.0 0.9590805866291635
423.0 0.9607708208673135
424.0 0.9586377659299476
425.0 0.9678590566748548
426.0 0.9608602523764217
427.0 0.9708079576003925
428.0 0.9756837090875017
429.0 0.981231376578832
430.0 0.9842476250416178
431.0 0.9924206472493433
432.0 0.9897115166442025
433.0 0.9886258610302876
434.0 0.9894342204322921
435.0 0.9849675526401078
436.0 0.9780276092881477
437.0 0.9855275571621721
438.0 0.9970325873287897
439.0 0.9814997226173376
440.0 0.9707210711290293
441.0 0.9681178665863757
442.0 0.9784690682971713
443.0 0.9793701487169049
444.0 0.9858424912685615
445.0 0.9743896781908893
446.0 0.9717573082719214
447.0 0.9828727126969307
448.0 0.9797851471708379
449.0 0.9814449357598478
450.0 0.9825780224011915
451.0 0.9670723998448973
452.0 0.9656212418296665
453.0 0.9635633711779932
454.0 0.9658938953750494
455.0 0.9700149021300245
456.0 0.9702894937794291
457.0 0.9663598030472121
458.0 0.9570933804369604
459.0 0.95549717600296
460.0 0.9607463148826214
461.0 0.9553344236254013
462.0 0.9560865163946979
463.0 0.9648220335971137
464.0 0.955440571430257
465.0 0.9613163619893543
466.0 0.9508648687709286
467.0 0.9475494317583644
468.0 0.9457789686521407
469.0 0.9497236444360855
470.0 0.9574351190613346
471.0 0.9574325780452272
472.0 0.9602772239843077
473.0 0.957482536593006
474.0 0.9492587581323993
475.0 0.9478070389629369
476.0 0.9506713438226789
477.0 0.9549779145155253
478.0 0.9587994615160389
479.0 0.9623767614468661
480.0 0.9685283853307126
481.0 0.9650821558069895
482.0 0.9660955997372538
483.0 0.9624136028055454
484.0 0.9679594799904393
485.0 0.9600441755730985
486.0 0.9624633403943544
487.0 0.9691245656345261
488.0 0.9490718640300168
489.0 0.9626046712883284
490.0 0.9638135144558827
491.0 0.9725154199815004
492.0 0.9662436770244348
493.0 0.9659202736920985
494.0 0.9671148695511389
495.0 0.96200658525467
496.0 0.958593981032446
497.0 0.9450146372305243
498.0 0.9480976446382204
499.0 0.947019518771042
500.0 0.9547911565177165
501.0 0.9566803885272485
502.0 0.9530277638157061
503.0 0.958578287950249
504.0 0.958724777864983
505.0 0.9527491781081917
506.0 0.9683902836922362
507.0 0.9753946242969522
508.0 0.9736893490757312
509.0 0.9632030663100857
510.0 0.9632518440021653
511.0 0.957652825848531
512.0 0.9560332877740549
513.0 0.9544067347049087
514.0 0.967302897973933
515.0 0.9689775728539789
516.0 0.9718290235789494
517.0 0.966119700876655
518.0 0.9590323583579632
519.0 0.9584681329848405
520.0 0.9507566686998651
521.0 0.9485271044427938
522.0 0.952043964964132
523.0 0.9571758192204406
524.0 0.9568698001193381
525.0 0.9481553646157949
526.0 0.9500578238509026
527.0 0.9621490741706632
528.0 0.9605053573839308
529.0 0.9648213227155624
530.0 0.9626241690197294
531.0 0.9579121694000886
532.0 0.9676341233856307
533.0 0.9849081932983189
534.0 0.9830458035877783
535.0 0.986021006289147
536.0 0.9925147189187651
537.0 0.9841462556360506
538.0 0.9817565199268261
539.0 0.9840956450564171
540.0 0.9739561387118245
541.0 0.9599079931924115
542.0 0.9489122908379042
543.0 0.942350029938092
544.0 0.9354567166747515
545.0 0.9498614590507218
546.0 0.9443444141418235
547.0 0.9618165014714155
548.0 0.9644376924984384
549.0 0.9614227351170017
550.0 0.9648880521431262
551.0 0.9678499101745406
552.0 0.959765098760933
553.0 0.965387974998128
554.0 0.981378689666454
555.0 0.9789108211919271
556.0 0.9825219725263781
557.0 0.9815440561099331
558.0 0.9888583402166352
559.0 0.9860259377934636
560.0 0.9909190847566365
561.0 0.9985267967001894
562.0 0.9927948120336814
563.0 0.9855389422006947
564.0 0.9957339014424506
565.0 0.9878576401748489
566.0 0.9870370961260612
567.0 0.9875850423699196
568.0 0.9796741403404476
569.0 0.9858328004639165
570.0 0.983498178465546
571.0 0.9794372756440832
572.0 0.9741477641922858
573.0 0.9735089226749564
574.0 0.9761186588596633
575.0 0.9727399896404927
576.0 0.9704302261635153
577.0 0.9673853081930932
578.0 0.965625327200741
579.0 0.9654068405960278
580.0 0.9606137705549278
581.0 0.9608393412526667
582.0 0.9696556866672387
583.0 0.9764453012876603
584.0 0.9725503581027173
585.0 0.9703264206347283
586.0 0.9576700508799105
587.0 0.968007767575575
588.0 0.9679768334223565
589.0 0.951688130470898
590.0 0.955369045964604
591.0 0.9446776150753458
592.0 0.942656010154755
593.0 0.9443494068403883
594.0 0.9478987148508216
595.0 0.9502446748893112
596.0 0.9455943720985582
597.0 0.949759387069529
598.0 0.938264827589807
599.0 0.9329633779199306
600.0 0.9342556761611185
601.0 0.9265947062797485
602.0 0.9185703914270669
603.0 0.9184961951322672
604.0 0.9116561838143264
605.0 0.9099358743914067
606.0 0.9099243253456912
607.0 0.9087574596082877
608.0 0.9094198283107824
609.0 0.9235901439016695
610.0 0.9159741897223522
611.0 0.9223493005977115
612.0 0.9268152801697672
613.0 0.9224051594026769
614.0 0.9450319914542977
615.0 0.9339077162563173
616.0 0.9262769572185299
617.0 0.9204715825267795
618.0 0.9257046187678224
619.0 0.921006027842121
620.0 0.9227884330038142
621.0 0.9315078161653625
622.0 0.9428238385464587
623.0 0.9440609370709531
624.0 0.9488875675313121
625.0 0.9508652474385271
626.0 0.9571356280575747
627.0 0.967590371687467
628.0 0.9721565149776298
629.0 0.966580098602409
630.0 0.9639223672808124
631.0 0.9678254622142021
632.0 0.9520335686407909
633.0 0.9478542322088863
634.0 0.949125761511511
635.0 0.9455064891511018
636.0 0.9478757541204452
637.0 0.9501014654834234
638.0 0.9602880648153661
639.0 0.9530486769479696
640.0 0.9523372105691138
641.0 0.9546871152695594
642.0 0.9497575729382908
643.0 0.9407219460241739
644.0 0.9419639562374206
645.0 0.9299033231692444
646.0 0.9281064671268611
647.0 0.9314575478568898
648.0 0.9305795507203806
649.0 0.932799871076997
650.0 0.9309172897425174
651.0 0.9193525117912411
652.0 0.924219961445322
653.0 0.9251302678096032
654.0 0.9256964334692525
655.0 0.9308118499252747
656.0 0.9356801419128933
657.0 0.9343518761117698
658.0 0.9314801326811912
659.0 0.9410610148311834
660.0 0.9525280484302006
661.0 0.9549219799923148
662.0 0.9665672048603714
663.0 0.9619342789323007
664.0 0.9662603905674935
665.0 0.9681003063529356
666.0 0.9627919328529231
667.0 0.9687700503753547
668.0 0.9674446559247578
669.0 0.9679237825792397
670.0 0.9751775910382923
671.0 0.9729283014227134
672.0 0.9734706908949653
673.0 0.9682978282875657
674.0 0.9574923437701122
675.0 0.9384456402464523
676.0 0.9315252911521213
677.0 0.9407339088891357
678.0 0.9433392751676285
679.0 0.9424477453339414
680.0 0.9341748992495971
681.0 0.9453559081653375
682.0 0.949335816106859
683.0 0.9407516234695071
684.0 0.9469260466797691
685.0 0.9453347670542938
686.0 0.9422144495488123
687.0 0.9508489861906302
688.0 0.9385101693247814
689.0 0.9487706805271406
690.0 0.9554540124399272
691.0 0.9504127541786866
692.0 0.9520990137210326
693.0 0.9489199863876397
694.0 0.9398878483827972
695.0 0.9458272890623771
696.0 0.9546402231255149
697.0 0.9542338026949558
698.0 0.9489895106628052
699.0 0.9514572070984311
700.0 0.9520748934666518
701.0 0.9499541200771416
702.0 0.9504167937430008
703.0 0.9443650933038255
704.0 0.948869618355455
705.0 0.9520177737922795
706.0 0.9362182685766651
707.0 0.9412509146271297
708.0 0.9339016125725754
709.0 0.9523086265523858
710.0 0.9438224738643115
711.0 0.9497890453755897
712.0 0.951881127805826
713.0 0.9557362482078853
714.0 0.9441402265086885
715.0 0.9426433020806273
716.0 0.9593533832528861
717.0 0.9677790361691743
718.0 0.9718839236544667
719.0 0.9673612023267706
720.0 0.9665870024021432
721.0 0.9732451373128164
722.0 0.9833974296717303
723.0 0.9813174689611014
724.0 0.9834233236522951
725.0 0.9876365839468282
726.0 0.9913564385736745
727.0 0.9908795992585148
728.0 0.9869100672728951
729.0 0.9850908787120796
730.0 0.9818816154388061
731.0 0.9755939309320996
732.0 0.9833731097211359
733.0 0.9876757311273071
734.0 0.9878374811798946
735.0 0.979234188785053
736.0 0.9845040794010089
737.0 0.9844219139850352
738.0 0.9818249291004882
739.0 0.9835747651345835
740.0 0.9813557078406475
741.0 1.0009228410961524
742.0 0.9956880743539107
743.0 0.9820724245585455
744.0 0.9793595313841177
745.0 0.9702211320165046
746.0 0.9741133511811997
747.0 0.9834016132821555
748.0 0.9859778548540599
749.0 0.9905079095899636
750.0 0.9886039589630764
751.0 0.9979362257794213
752.0 0.9900089647780004
753.0 0.9765666451950183
754.0 0.9709132127575529
755.0 0.9673236426490852
756.0 0.977856353965963
757.0 0.9753581189358551
758.0 0.9888741751742736
759.0 0.988972623512803
760.0 0.9837772754115376
761.0 0.9791175971410482
762.0 0.979895010070767
763.0 0.9890135522227453
764.0 0.9797577064270764
765.0 0.9837608955664813
766.0 0.9923346812000211
767.0 0.995499046126444
768.0 0.9864794871677169
769.0 0.9873355463784869
770.0 0.9985176300718637
771.0 0.9937416110972606
772.0 0.9938961067651981
773.0 0.9902362833150231
774.0 0.9937173095110913
775.0 0.9785215508040264
776.0 0.9744624422733226
777.0 0.9616599593461252
778.0 0.967535241612846
779.0 0.9724963849469008
780.0 0.9739533525162946
781.0 0.9792241077132269
782.0 0.9901201088044995
783.0 0.9753893103161395
784.0 0.9857374082595024
785.0 0.9903491175139907
786.0 0.9813641943189891
787.0 0.9766060894679868
788.0 0.9734626617356061
789.0 0.9755031794117734
790.0 0.9682324695586958
791.0 0.9624267851242421
792.0 0.9684179893962888
793.0 0.9700560644243346
794.0 0.9596183323426939
795.0 0.9465988299716646
796.0 0.9469410577553019
797.0 0.9569962528028647
798.0 0.9472769225917365
799.0 0.9538479645246449
800.0 0.9624517380088857
801.0 0.9593813746020967
802.0 0.9645651186641769
803.0 0.9581691233256269
804.0 0.9560072460453789
805.0 0.964601227087253
806.0 0.967975579415115
807.0 0.9678139609898538
808.0 0.9704462014350304
809.0 0.9693504087097724
810.0 0.9683830488551726
811.0 0.9758929922827114
812.0 0.9747873840092385
813.0 0.9730050382335145
814.0 0.968641095096441
815.0 0.9698814792649404
816.0 0.9687308654283037
817.0 0.9725121575133814
818.0 0.9786282289320101
819.0 0.9733836569449641
820.0 0.9798683095159528
821.0 0.9822569501344731
822.0 0.9929487396019937
823.0 0.9910466655958343
824.0 0.9821326778968678
825.0 0.9759960718824005
826.0 0.9819798028291251
827.0 0.9891064695790719
828.0 0.9756766217764934
829.0 0.9743830621167033
830.0 0.9670761846908296
831.0 0.958892517615524
832.0 0.9690886398392713
833.0 0.9689420046101391
834.0 0.9714504818761694
835.0 0.9769050006704866
836.0 0.9767436018726897
837.0 0.9701165225111851
838.0 0.9750447267691141
839.0 0.9859997424698068
840.0 0.9788040779558012
841.0 0.9788806021143215
842.0 0.984207605141495
843.0 0.980913563895647
844.0 0.985607170357586
845.0 0.9851690317544884
846.0 0.9909773518294166
847.0 0.9885696212068629
848.0 0.9774563947827948
849.0 0.9776407777801646
850.0 0.9770756406897423
851.0 0.980307656602913
852.0 0.9758832935847274
853.0 0.97047981599186
854.0 0.9800053118531501
855.0 0.986889058826143
856.0 0.9832842080426069
857.0 1.0014798937717033
858.0 1.0025931265987533
859.0 0.997887652260071
860.0 0.9945209381645697
861.0 0.9968923448725606
862.0 0.9921042678388743
863.0 0.9824001051021339
864.0 0.9713736683401087
865.0 0.9698510595197787
866.0 0.9756091666783115
867.0 0.9759809177574571
868.0 0.9748018996860637
869.0 0.9797906161179671
870.0 0.984861500891402
871.0 0.9875402559917543
872.0 0.9942772144683086
873.0 0.9969839157396885
874.0 0.9883693108551119
875.0 0.9762216171421978
876.0 0.9719608673466988
877.0 0.9709001685139222
878.0 0.9735597900073772
879.0 0.9764844162110675
880.0 0.9768878006824412
881.0 0.9683828094247993
882.0 0.9703464433920794
883.0 0.9621447999700511
884.0 0.9650617787831856
885.0 0.9624850324980712
886.0 0.9631482916256214
887.0 0.9633491704336903
888.0 0.9792477518449625
889.0 0.9700995283154595
890.0 0.9673731029092704
891.0 0.9572068004665049
892.0 0.9558418304747068
893.0 0.9548376152507014
894.0 0.9580644233062834
895.0 0.9561208762021567
896.0 0.9526670742354382
897.0 0.9489524873478918
898.0 0.9469488300323862
899.0 0.937860450981252
900.0 0.9355844660251822
901.0 0.9318578367587627
902.0 0.9309180328848173
903.0 0.9380055108399963
904.0 0.9367630710090596
905.0 0.9503792689108035
906.0 0.9443363968803663
907.0 0.9407650424012909
908.0 0.9327468994381389
909.0 0.92966451930123
910.0 0.9289041907810436
911.0 0.923386467886947
912.0 0.9294035797688492
913.0 0.9365223213051204
914.0 0.9385650960997636
915.0 0.9372014788037889
916.0 0.9373431801027186
917.0 0.9407457631618035
918.0 0.9396870164522133
919.0 0.9357995473324022
920.0 0.9401635840290693
921.0 0.9338915446361382
922.0 0.9319114787983592
923.0 0.9347803522602683
924.0 0.9371200444426229
925.0 0.9423070082946806
926.0 0.9394076777832131
927.0 0.9404293302713956
928.0 0.9418700105299662
929.0 0.946798466722387
930.0 0.9483566542957883
931.0 0.9614920251944523
932.0 0.9699598174763919
933.0 0.9700727536953847
934.0 0.9710464798945709
935.0 0.9664066153090168
936.0 0.9616943651721398
937.0 0.9736649771234491
938.0 0.9550465688802487
939.0 0.9663917226975111
940.0 0.9623148911978072
941.0 0.9723779146558806
942.0 0.9798337760565852
943.0 0.9778009775349931
944.0 0.9793310491389207
945.0 0.9689509816399855
946.0 0.9678407898115502
947.0 0.9591169591895288
948.0 0.9579208609630203
949.0 0.9622693012436361
950.0 0.9797709358477504
951.0 0.9654721664602064
952.0 0.9613532701994666
953.0 0.9695294981641567
954.0 0.9699616590791731
955.0 0.9821335581669383
956.0 0.9795076482259972
957.0 0.9842074367147202
958.0 0.9811128491023527
959.0 0.9679380688299801
960.0 0.9699197966408946
961.0 0.9738300835037208
962.0 0.9760387672559114
963.0 0.9842032809745968
964.0 0.9704611614701111
965.0 0.9657345546372038
966.0 0.9684856309757384
967.0 0.9713860493104377
968.0 0.976175881076983
969.0 0.9818301387336608
970.0 0.9769830116251799
971.0 0.9766910321156577
972.0 0.9729787360690635
973.0 0.9705509943854634
974.0 0.9602992591214274
975.0 0.9658054046741993
976.0 0.9604413382168348
977.0 0.9591985980478126
978.0 0.9585551193154849
979.0 0.9547899951050963
980.0 0.9485714214807978
981.0 0.9443071409321216
982.0 0.9505411126144571
983.0 0.9501201352899521
984.0 0.941425900506896
985.0 0.9501145493508654
986.0 0.9622253887379302
987.0 0.9593372703362529
988.0 0.9559403482869447
989.0 0.9527278207779022
990.0 0.952094804942375
991.0 0.962626690199708
992.0 0.9620859723686366
993.0 0.9604259527202874
994.0 0.9689112880373468
995.0 0.9761983418437226
996.0 0.9714332746781768
997.0 0.9710998722019358
998.0 0.9711658457514399
999.0 0.9681722548191518
1000.0 0.9683636944769904
1001.0 0.9665612818465176
1002.0 0.9616519321130179
1003.0 0.9463852474354123
1004.0 0.9359758968656202
1005.0 0.940011578771004
1006.0 0.9373809692390797
1007.0 0.9309611284979573
1008.0 0.9382458935369813
1009.0 0.9374834552720243
1010.0 0.9339353085000852
1011.0 0.9310036887430284
1012.0 0.9358970736730685
1013.0 0.9457432846841112
1014.0 0.9534116659035348
1015.0 0.9447559481414096
1016.0 0.9423052249062966
1017.0 0.9481320745234851
1018.0 0.9579611680638862
1019.0 0.9653295462766396
1020.0 0.9782316062809338
1021.0 0.9816684456431795
1022.0 0.9847912035782382
1023.0 0.9902439035087143
1024.0 0.9870773676617152
1025.0 0.9873828177983919
1026.0 0.9861538049994485
1027.0 0.9877394731861896
1028.0 0.9843826637571439
1029.0 0.9964609214058786
1030.0 0.9975795347961846
1031.0 1.005645207538406
1032.0 0.9985665593163919
1033.0 1.0060834993950492
1034.0 1.0001322062324491
1035.0 1.0101746521351964
1036.0 1.00982943895906
1037.0 0.9986110871300635
1038.0 0.985301212989534
1039.0 0.9926748783457742
1040.0 0.9877096590423644
1041.0 0.9929981095809592
1042.0 0.9903779112006186
1043.0 0.9885186432034423
1044.0 0.9871212816369355
1045.0 0.9811062653952607
1046.0 0.987771351611093
1047.0 0.9781199980512625
1048.0 0.9786311007046187
1049.0 0.9640772351740093
1050.0 0.970782691035299
1051.0 0.9707820358776271
1052.0 0.9750463911332377
1053.0 0.967671852589234
1054.0 0.9601676112675328
1055.0 0.9597283065616219
1056.0 0.9572395162116513
1057.0 0.9561309411909955
1058.0 0.9597298154497282
1059.0 0.9665775101371221
1060.0 0.9603025253892742
1061.0 0.9574264661461104
1062.0 0.957603137879552
1063.0 0.9570332662460798
1064.0 0.9521396546759346
1065.0 0.9644877039252234
1066.0 0.9507498150555262
1067.0 0.9508051021189076
1068.0 0.95208373766582
1069.0 0.9540713420186778
1070.0 0.9486824208879557
1071.0 0.9671223660694585
1072.0 0.9631389529369161
1073.0 0.9590982000202917
1074.0 0.9761190216016757
1075.0 0.9812361752212391
1076.0 0.9698008580988333
1077.0 0.96683454774325
1078.0 0.963699876886617
1079.0 0.965073590532134
1080.0 0.9667910621581202
1081.0 0.9692464983185441
1082.0 0.9835103564947252
1083.0 0.9854954769389861
1084.0 0.9813808088961379
1085.0 0.9863567339505135
1086.0 0.9691474584527329
1087.0 0.9754924799460316
1088.0 0.9737400805464846
1089.0 0.9757574717521191
1090.0 0.9776086500429517
1091.0 0.9831691222397139
1092.0 0.9752477441964388
1093.0 0.9792955424513231
1094.0 0.9751368864647875
1095.0 0.9698527280683565
1096.0 0.9803037358709805
1097.0 0.9745268632786731
1098.0 0.9755367363236495
1099.0 0.9762730809709635
1100.0 0.9767145907174115
1101.0 0.9818817305617239
1102.0 0.9878354222872311
1103.0 0.9937461496205453
1104.0 0.9893304447641086
1105.0 0.9947879873943493
1106.0 1.002104163001976
1107.0 1.004243890423616
1108.0 0.9972352546261615
1109.0 1.0032137709317728
1110.0 0.9953318993213045
1111.0 0.9838194518802619
1112.0 0.9904614385145223
1113.0 0.9954072250213386
1114.0 0.9834565882711515
1115.0 0.9801896085652034
1116.0 0.9733663112693417
1117.0 0.9583962741510342
1118.0 0.957919337834435
1119.0 0.9653016573691842
1120.0 0.9629501406930855
1121.0 0.9641770155007595
1122.0 0.973325559463589
1123.0 0.9777825504874891
1124.0 0.9638656032202532
1125.0 0.9628759738292866
1126.0 0.956112114167964
1127.0 0.9577872312334439
1128.0 0.9789723902476968
1129.0 0.982537841976022
1130.0 0.9876907520919922
1131.0 0.9913104539158205
1132.0 0.9884898503699523
1133.0 0.9869301485742753
1134.0 0.9807429503247173
1135.0 0.9632414799431362
1136.0 0.973202820053832
1137.0 0.9745402163917045
1138.0 0.9727007949208792
1139.0 0.9712528840355141
1140.0 0.969835050465473
1141.0 0.971234721596646
1142.0 0.9670788921730985
1143.0 0.9723184085915086
1144.0 0.9671290858770238
1145.0 0.9718618849515297
1146.0 0.9586951574114216
1147.0 0.9543013033083636
1148.0 0.968420822115706
1149.0 0.9761787518187293
1150.0 0.97620423178511
1151.0 0.9729507187554194
1152.0 0.9812150257052303
1153.0 0.9778393117221803
1154.0 0.9698816819917548
1155.0 0.9610363673372188
1156.0 0.9625170540018368
1157.0 0.9602899740894143
1158.0 0.9584719978095707
1159.0 0.9644092871999186
1160.0 0.9662712031791184
1161.0 0.9580432535262714
1162.0 0.9657315239435678
1163.0 0.9715359604057208
1164.0 0.9754580357944083
1165.0 0.982853367859926
1166.0 0.9781422332184299
1167.0 0.9704766515530974
1168.0 0.9827629300578211
1169.0 0.9815051846731565
1170.0 0.9838294407628709
1171.0 0.9888151862556386
1172.0 0.9904960463675057
1173.0 0.9818000735512629
1174.0 0.987274393517392
1175.0 0.989660955095993
1176.0 0.9808204676584295
1177.0 0.9784428708353692
1178.0 0.9778151788740177
1179.0 0.9682249270665044
1180.0 0.9728153495126716
1181.0 0.982106838318716
1182.0 0.9840424445533669
1183.0 0.9785151323776891
1184.0 0.98351170002337
1185.0 0.9937273138502102
1186.0 0.9925198274761803
1187.0 0.9920567375406811
1188.0 0.9971481150070179
1189.0 0.9870649872768578
1190.0 0.9795942862921778
1191.0 0.97246860272632
1192.0 0.968104953766472
1193.0 0.9754487144845558
1194.0 0.9609589506478091
1195.0 0.9712365140770075
1196.0 0.9689111110444404
1197.0 0.964397527364852
1198.0 0.9660276478576784
1199.0 0.9755973777519212
1200.0 0.9735989556849909
1201.0 0.9767796161299129
1202.0 0.9714064447949411
1203.0 0.9675777628575721
1204.0 0.9657561996968752
1205.0 0.9661937895386125
1206.0 0.9592682788155811
1207.0 0.9574741620789332
1208.0 0.952669186564241
1209.0 0.9515027253437575
1210.0 0.9568203637625944
1211.0 0.9609396172268857
1212.0 0.9663543920743933
1213.0 0.9504802599810324
1214.0 0.9555425921500887
1215.0 0.9565713838457672
1216.0 0.9569857968266631
1217.0 0.9565658410954997
1218.0 0.9456002154639072
1219.0 0.9460245040543386
1220.0 0.9446063813833703
1221.0 0.9554476992953852
1222.0 0.9534529763486311
1223.0 0.9499720908308144
1224.0 0.9561617316923685
1225.0 0.9649235622274925
1226.0 0.9724987612789784
1227.0 0.9600507010730379
1228.0 0.9689965077296167
1229.0 0.9663186549069043
1230.0 0.9669722271864469
1231.0 0.9700244817134571
1232.0 0.9749270982010367
1233.0 0.9624627274239034
1234.0 0.9585676721255583
1235.0 0.9553955455099112
1236.0 0.9567235644971819
1237.0 0.958375259907467
1238.0 0.9523078856196221
1239.0 0.9625185002410731
1240.0 0.9572595398614766
1241.0 0.96833720221204
1242.0 0.9587347890981572
1243.0 0.9659468287337634
1244.0 0.9655579398031058
1245.0 0.9548473693163425
1246.0 0.9617559269466595
1247.0 0.9607731330560878
1248.0 0.9658501142012416
1249.0 0.9694873784548937
1250.0 0.9590711280907269
1251.0 0.9627466465756251
1252.0 0.9621612310938861
1253.0 0.9747659967441462
1254.0 0.9806130512619736
1255.0 0.9674054579784294
1256.0 0.973543663041091
1257.0 0.9650105615918878
1258.0 0.9646909255281131
1259.0 0.9602490629554359
1260.0 0.9490441688600567
1261.0 0.9584814271307234
1262.0 0.9592357465775827
1263.0 0.9678541855248272
1264.0 0.9596725435989668
1265.0 0.957599966741007
1266.0 0.9554262525361027
1267.0 0.9635686289216732
1268.0 0.9661395426231103
1269.0 0.9651626590236827
1270.0 0.9718119551434267
1271.0 0.9758214767036104
1272.0 0.9717234312985121
1273.0 0.9681938097582229
1274.0 0.9589558749426071
1275.0 0.9603635206790406
1276.0 0.9615521693571558
1277.0 0.9629226605502316
1278.0 0.9719423332497842
1279.0 0.9714949332171814
1280.0 0.9640486943955204
1281.0 0.963771326865946
1282.0 0.9700878608473857
1283.0 0.976177226764104
1284.0 0.9830543717269636
1285.0 0.9778980243060678
1286.0 0.9783693658992358
1287.0 0.9760509699684852
1288.0 0.9764217205141392
1289.0 0.980015849216684
1290.0 0.9798011955234198
1291.0 0.9811225312943996
1292.0 0.985238912750102
1293.0 0.9828037970563782
1294.0 0.9855454224349127
1295.0 0.9885438652904102
1296.0 0.9872949276125873
1297.0 0.9908250603497851
1298.0 0.9920230381884385
1299.0 0.9812982011935638
1300.0 0.987891327525177
1301.0 0.9733464587667882
1302.0 0.9663083337033745
1303.0 0.9721995239913179
1304.0 0.9779486419652921
1305.0 0.9660479607638794
1306.0 0.9555751021791232
1307.0 0.9567226026368351
1308.0 0.9633830818102724
1309.0 0.96090789421956
1310.0 0.9657699077235774
1311.0 0.9724500882942315
1312.0 0.9653946319169545
1313.0 0.9663921057615443
1314.0 0.9718945176108125
1315.0 0.9665917579137551
1316.0 0.9543807670985707
1317.0 0.9561905970025746
1318.0 0.9590412678848006
1319.0 0.9600471154298902
1320.0 0.9599973012190525
1321.0 0.9645059748377716
1322.0 0.9637678501983936
1323.0 0.9653336664219234
1324.0 0.9676963352699699
1325.0 0.9747583325747906
1326.0 0.9686997114560099
1327.0 0.9644017943422322
1328.0 0.9515409917839712
1329.0 0.9649113730339302
1330.0 0.964269476660977
1331.0 0.9610470038541973
1332.0 0.9631370469484788
1333.0 0.9640697077342036
1334.0 0.9697016551287592
1335.0 0.9722580906394491
1336.0 0.9792818081952339
1337.0 0.9779234137323453
1338.0 0.9860173579348409
1339.0 0.9957380550724251
1340.0 0.999102048402818
1341.0 0.988554031971919
1342.0 0.9874850654058773
1343.0 0.9887949936261498
1344.0 0.9903007508817939
1345.0 0.9946767857927601
1346.0 0.9854273036953556
1347.0 0.9916108595124602
1348.0 0.9903418280390539
1349.0 0.9970012224924633
1350.0 0.9885088666211587
1351.0 0.9779750259215906
1352.0 0.9901459258813468
1353.0 0.9845214923042631
1354.0 0.9853320756763233
1355.0 0.9929915442073926
1356.0 0.995414973040375
1357.0 0.9888775147203359
1358.0 0.9998412719812411
1359.0 0.9904082139295115
1360.0 0.9900790610710677
1361.0 0.9880804567355554
1362.0 0.9903712049936294
1363.0 0.9852465174850048
1364.0 0.9899156923345709
1365.0 0.9772867450765746
1366.0 0.9838319523225453
1367.0 0.9785819659157028
1368.0 0.9766232442074474
1369.0 0.9761144218557142
1370.0 0.980413892118271
1371.0 0.9763428406006337
1372.0 0.9728223467171764
1373.0 0.9742908781862823
1374.0 0.9807484479153773
1375.0 0.9892747919380168
1376.0 0.9866640345803137
1377.0 0.9832938448503109
1378.0 0.9873028951760142
1379.0 0.9813365902946203
1380.0 0.9707058236536723
1381.0 0.9719191707667971
1382.0 0.9746841209208554
1383.0 0.9842460921541807
1384.0 0.9870568468486196
1385.0 0.9795246239381719
1386.0 0.9774304525333365
1387.0 0.9797719797527182
1388.0 0.9868907259775972
1389.0 0.9947639445757789
1390.0 1.0011970301026492
1391.0 0.9985620653458478
1392.0 0.9941067303941828
1393.0 0.9833273534552047
1394.0 0.9706165469691428
1395.0 0.9662691339656678
1396.0 0.9626406794645701
1397.0 0.9622775022992289
1398.0 0.9757164070440526
1399.0 0.9843245113913852
1400.0 0.9852631336400879
1401.0 0.9777042360609414
1402.0 0.9758468919674407
1403.0 0.9864064103537658
1404.0 0.9911836867019284
1405.0 1.0008897965131363
1406.0 1.0103714250212674
1407.0 0.9930475601147618
1408.0 0.9982609390197578
1409.0 0.9970458694251733
1410.0 0.9950421315345188
1411.0 1.002209786676799
1412.0 1.013553925771711
1413.0 1.0003327673288696
1414.0 0.9994680618557481
1415.0 1.002757926821046
1416.0 0.9920452944839099
1417.0 0.9956207305199488
1418.0 0.9909408572052895
1419.0 0.9871019246043045
1420.0 0.9923387510463695
1421.0 0.9915366948392617
1422.0 0.9973876110980531
1423.0 0.991408260635818
1424.0 0.9943969183000292
1425.0 0.9952820614993276
1426.0 1.003322542772473
1427.0 0.9920428603595054
1428.0 0.979582440348616
1429.0 0.9789740097348778
1430.0 0.9728737897112387
1431.0 0.9700676193020584
1432.0 0.9735219936785899
1433.0 0.9626991566778305
1434.0 0.9620992905262383
1435.0 0.9602379856803823
1436.0 0.9575192585228198
1437.0 0.9547410106291508
1438.0 0.9556255202781191
1439.0 0.9465937524695136
1440.0 0.932863457809113
1441.0 0.9375995976511934
1442.0 0.947873501530059
1443.0 0.9530230039326251
1444.0 0.9613669100259704
1445.0 0.9606280442540471
1446.0 0.9727452862698949
1447.0 0.9714295867336796
1448.0 0.9616938332450238
1449.0 0.9681939889758671
1450.0 0.9594578147588987
1451.0 0.9500223004863649
1452.0 0.953509268623475
1453.0 0.9566177110890897
1454.0 0.958340458356977
1455.0 0.955689693681131
1456.0 0.9620224956391062
1457.0 0.9623982681970062
1458.0 0.9571601514247744
1459.0 0.9538729456928421
1460.0 0.9589534877622846
1461.0 0.9720180500563391
1462.0 0.9658165734859298
1463.0 0.9642073672687369
1464.0 0.9619821827245646
1465.0 0.9570326886271905
1466.0 0.9395605176377083
1467.0 0.9478894613317411
1468.0 0.9427664156739443
1469.0 0.9368839186049597
1470.0 0.9549537100833435
1471.0 0.952592492993986
1472.0 0.9521206442958997
1473.0 0.9570807652635148
1474.0 0.9553380900174243
1475.0 0.9516749481049125
1476.0 0.9563299369647164
1477.0 0.9532133698982246
1478.0 0.9499010529765839
1479.0 0.9406490597316968
1480.0 0.9370845019376718
1481.0 0.9420615197893625
1482.0 0.9399753224527367
1483.0 0.9423366278534828
1484.0 0.9438389181464297
1485.0 0.9284896759987842
1486.0 0.9342695822236882
1487.0 0.9356205292675026
1488.0 0.9437759447918607
1489.0 0.9437331870693985
1490.0 0.9541866189457073
1491.0 0.9537167501557414
1492.0 0.9489510782495824
1493.0 0.9482888310983173
1494.0 0.9505794437037434
1495.0 0.9473339660288816
1496.0 0.9484353235391723
1497.0 0.9620627311741853
1498.0 0.9630327443864838
1499.0 0.9572275884077317
1500.0 0.9497611720348367
1501.0 0.9464039844645852
1502.0 0.9611777250656214
1503.0 0.9590703344761611
1504.0 0.9463236698383526
1505.0 0.9445990669510262
1506.0 0.9461264430808658
1507.0 0.947910865980524
1508.0 0.9591301506511298
1509.0 0.9556744728907368
1510.0 0.9640266520016976
1511.0 0.9743853915120418
1512.0 0.9755286548073906
1513.0 0.9710310312533487
1514.0 0.9809689231922404
1515.0 0.9698921809817573
1516.0 0.9677821778317741
1517.0 0.9711062936770695
1518.0 0.9595816789008523
1519.0 0.960721224415083
1520.0 0.9482150133261605
1521.0 0.9372193553609514
1522.0 0.9443534342083575
1523.0 0.9686843243758114
1524.0 0.969897923525598
1525.0 0.9613934616815882
1526.0 0.9599036388907694
1527.0 0.9582589414720845
1528.0 0.9492357240419602
1529.0 0.9560383621019725
1530.0 0.9530493531556568
1531.0 0.9505164024774737
1532.0 0.9526541798588651
1533.0 0.9519136339688006
1534.0 0.9471294913619696
1535.0 0.9512815945216471
1536.0 0.9564936501629244
1537.0 0.945276481729904
1538.0 0.949978568629693
1539.0 0.9450525213501502
1540.0 0.9367181064379114
1541.0 0.9334306465510407
1542.0 0.9351639139010871
1543.0 0.9256311383614143
1544.0 0.9403244228697123
1545.0 0.9338897068373919
1546.0 0.934261572785052
1547.0 0.9290764942267332
1548.0 0.9266763322204546
1549.0 0.9369501365269803
1550.0 0.9367153546327719
1551.0 0.9440045447785362
1552.0 0.9516456505214158
1553.0 0.9518351785371255
1554.0 0.944416398801142
1555.0 0.9334494135327986
1556.0 0.9344677615516449
1557.0 0.9358882984223129
1558.0 0.9393528856778094
1559.0 0.9439784416165775
1560.0 0.9397553912604044
1561.0 0.9388466450132116
1562.0 0.9343583776100564
1563.0 0.9439320114071934
1564.0 0.949797479617849
1565.0 0.9626609209031438
1566.0 0.9706938054352768
1567.0 0.9686890578210802
1568.0 0.9669755706994311
1569.0 0.9756371582798119
1570.0 0.9810467071909039
1571.0 0.975409944144784
1572.0 0.9774602773812839
1573.0 0.9730719358012347
1574.0 0.9755615281402419
1575.0 0.973364728954391
1576.0 0.9776975840437881
1577.0 0.975181305191478
1578.0 0.9631265013410942
1579.0 0.9602428554212178
1580.0 0.9675600122216889
1581.0 0.9859340291998955
1582.0 0.9779867714011775
1583.0 0.9862970473440781
1584.0 0.9793521720637356
1585.0 0.963685474529243
1586.0 0.971963838251984
1587.0 0.9685452630507496
1588.0 0.9694050089416244
1589.0 0.9600497728710465
1590.0 0.95607859954867
1591.0 0.9612371303731567
1592.0 0.969195438774021
1593.0 0.9631678201536751
1594.0 0.9575278329111543
1595.0 0.9642565057382573
1596.0 0.9488447691092482
1597.0 0.9453683500444608
1598.0 0.9559700745979296
1599.0 0.9426152129824047
1600.0 0.9502948735194823
1601.0 0.9478690270924719
1602.0 0.9524451819506385
1603.0 0.9673499773308765
1604.0 0.9656087858961934
1605.0 0.9665037828946051
1606.0 0.9624248355034808
1607.0 0.961972256535409
1608.0 0.9556009913163725
1609.0 0.9704273781763328
1610.0 0.9656009001693079
1611.0 0.9594976887046591
1612.0 0.9515402899116729
1613.0 0.9418373898020439
1614.0 0.9323617397505897
1615.0 0.9288653634213953
1616.0 0.9243549757863472
1617.0 0.9265783593524516
1618.0 0.9206681759351625
1619.0 0.917438581348291
1620.0 0.9219670065976961
1621.0 0.9288095276844759
1622.0 0.9254578774205282
1623.0 0.9268098396180016
1624.0 0.9280464816364864
1625.0 0.9243974553440767
1626.0 0.9214946952147132
1627.0 0.9219462754141219
1628.0 0.9206265146736037
1629.0 0.9251159415432462
1630.0 0.9294624561885445
1631.0 0.938951775600078
1632.0 0.9264714666133287
1633.0 0.9324197993967085
1634.0 0.9259945771390752
1635.0 0.9179344514867008
1636.0 0.927358822414007
1637.0 0.9420553728348742
1638.0 0.9494632477639197
1639.0 0.9489933460457847
1640.0 0.9440021856185222
1641.0 0.9426211874608779
1642.0 0.9445963406614997
1643.0 0.9435353285722504
1644.0 0.9420769265518285
1645.0 0.9455146789777051
1646.0 0.9522496670773727
1647.0 0.945426841935007
1648.0 0.9487880160651457
1649.0 0.9369074201717943
1650.0 0.9564108898438519
1651.0 0.9620978069391756
1652.0 0.9550055861058855
1653.0 0.9580437380133613
1654.0 0.9569094316465254
1655.0 0.9491173630905576
1656.0 0.9577449082022765
1657.0 0.9573625630921736
1658.0 0.9678921183953237
1659.0 0.9651654447007149
1660.0 0.9676698480547558
1661.0 0.965383877594163
1662.0 0.9582957730230109
1663.0 0.9627876525980572
1664.0 0.9622140697296899
1665.0 0.948943553736016
1666.0 0.9417822139696606
1667.0 0.9475409303450641
1668.0 0.9564111836780809
1669.0 0.9571791972655251
1670.0 0.9647705110255046
1671.0 0.9553942257964273
1672.0 0.9622820564658925
1673.0 0.9555141687042517
1674.0 0.9603486290966925
1675.0 0.9523616579086974
1676.0 0.9556409629863897
1677.0 0.9527365362794804
1678.0 0.9391705116453458
1679.0 0.9330895657582383
1680.0 0.9427000808882529
1681.0 0.9366223182337545
1682.0 0.9447327546575426
1683.0 0.9396294697806488
1684.0 0.947459099994979
1685.0 0.9405942164452812
1686.0 0.9410072754726311
1687.0 0.9525919319083413
1688.0 0.9507783423227844
1689.0 0.945251045055039
1690.0 0.9441747791473531
1691.0 0.9510994636381878
1692.0 0.9559733466668521
1693.0 0.951537654730851
1694.0 0.9524747164405758
1695.0 0.953589134262686
1696.0 0.949757351518153
1697.0 0.9640693765651079
1698.0 0.9524641617889694
1699.0 0.9638339378520818
1700.0 0.949682586665744
1701.0 0.9508449663495606
1702.0 0.955718706613826
1703.0 0.9525216799727035
1704.0 0.9506907838445973
1705.0 0.9578822184949892
1706.0 0.9554910936940553
1707.0 0.9583364834567549
1708.0 0.9552944409488825
1709.0 0.949757166611457
1710.0 0.9499651782022495
1711.0 0.9637144085655944
1712.0 0.965865334432832
1713.0 0.9651763502150477
1714.0 0.9590911351235537
1715.0 0.9661850193534622
1716.0 0.9650027192885196
1717.0 0.9619983956589582
1718.0 0.9648060193041527
1719.0 0.9661583793170342
1720.0 0.9650087578547687
1721.0 0.9566156195238034
1722.0 0.9568018568651399
1723.0 0.9598728793945673
1724.0 0.9671927654688597
1725.0 0.9609863419876399
1726.0 0.9568836431555786
1727.0 0.961459196210568
1728.0 0.963093427903198
1729.0 0.9659642539355342
1730.0 0.9703623935071185
1731.0 0.9752992087335809
1732.0 0.9747578281196475
1733.0 0.9852375121012649
1734.0 0.9773302138562083
1735.0 0.96716001911644
1736.0 0.9715383409192073
1737.0 0.9690022646395337
1738.0 0.9736811413340323
1739.0 0.969565788409415
1740.0 0.9637398900613352
1741.0 0.9557406662862048
1742.0 0.9645970861533832
1743.0 0.9663347093728805
1744.0 0.971350051503568
1745.0 0.9603570274805376
1746.0 0.9567471859627658
1747.0 0.9614856338211997
1748.0 0.9537949213604584
1749.0 0.9510283670683088
1750.0 0.9503176159793096
1751.0 0.9616149288253091
1752.0 0.9737623661695759
1753.0 0.9543734443049751
1754.0 0.9558221651506971
1755.0 0.9607125614395133
1756.0 0.9536976602566204
1757.0 0.9687767173404407
1758.0 0.9679044211416683
1759.0 0.9717397265071336
1760.0 0.9853067442439322
1761.0 0.9860911410826741
1762.0 0.9884516443339708
1763.0 0.9843024939488206
1764.0 0.99566581671394
1765.0 0.9937402865248565
1766.0 0.9903876940304629
1767.0 0.9938016690871383
1768.0 0.9978742777655472
1769.0 0.9987777382009199
1770.0 0.9956458942687669
1771.0 0.9938539741269544
1772.0 0.9816139765893077
1773.0 0.9886954796624666
1774.0 0.982380363155448
1775.0 0.9829229437617564
1776.0 0.9699899859330612
1777.0 0.9662976732425284
1778.0 0.9777969447313406
1779.0 0.9799374543984702
1780.0 0.9785977714788988
1781.0 0.976454388131296
1782.0 0.9783813271517197
1783.0 0.9767454260898116
1784.0 0.9758195323668681
1785.0 0.9714810603048318
1786.0 0.9570529017817717
1787.0 0.9535781655005071
1788.0 0.9531805058185517
1789.0 0.9612672618366261
1790.0 0.9574450337674725
1791.0 0.9672469346312551
1792.0 0.9633093844534418
1793.0 0.9649020168084534
1794.0 0.9772580481306761
1795.0 0.9714190180537494
1796.0 0.975335594772129
1797.0 0.9905318364478118
1798.0 0.9841666483818201
1799.0 0.9860326525221508
1800.0 0.9861271865358038
1801.0 0.9905015428912952
1802.0 0.9902029733235354
1803.0 0.9769477451001558
1804.0 0.9882054671125514
1805.0 0.9855711088008056
1806.0 0.9818014530107941
1807.0 0.9891929027338693
1808.0 0.9876722320352584
1809.0 0.9859665707743479
1810.0 0.9854547125886782
1811.0 0.9790652941155482
1812.0 0.9699541743436744
1813.0 0.9716594719833684
1814.0 0.9792499092482843
1815.0 0.9651158268005118
1816.0 0.9627280132827915
1817.0 0.9608278515872721
1818.0 0.9619827212212799
1819.0 0.9603502907442862
1820.0 0.9635046689699953
1821.0 0.9649284984019854
1822.0 0.962584322515869
1823.0 0.9710106701783185
1824.0 0.9720250258257114
1825.0 0.9764787239955697
1826.0 0.9833191577122656
1827.0 0.9772044694593921
1828.0 0.9696367584421901
1829.0 0.9796671140860062
1830.0 0.9712362745316938
1831.0 0.9802055763966336
1832.0 0.9874839363463283
1833.0 0.9907201969887458
1834.0 0.9945772902069716
1835.0 0.9925096735811527
1836.0 0.9877049233625478
1837.0 0.9982114969792404
1838.0 0.9951812952891075
1839.0 0.9958697908234979
1840.0 1.0026830264210391
1841.0 1.0045437865839113
1842.0 1.0112281365277203
1843.0 1.0027414287831447
1844.0 0.9946885099634027
1845.0 0.9907017876841918
1846.0 0.9833359793757396
1847.0 0.9753213895196611
1848.0 0.9806220787144939
1849.0 0.9808685564334576
1850.0 0.9884549819177686
1851.0 0.9885589895719464
1852.0 0.9909003826436553
1853.0 0.9791573370290154
1854.0 0.9826138882739501
1855.0 0.9824829437946706
1856.0 0.9873809436126489
1857.0 0.9888526885928813
1858.0 0.9791525026272015
1859.0 0.9901905195235445
1860.0 0.9812150250602635
1861.0 0.9847029749608893
1862.0 0.9806819702223336
1863.0 0.9819603875680502
1864.0 0.9795512745428603
1865.0 0.9666093082923236
1866.0 0.9624515306390136
1867.0 0.960458262453297
1868.0 0.9506936160777064
1869.0 0.9536417454101749
1870.0 0.962534319063759
1871.0 0.9601171833044886
1872.0 0.9682765639871608
1873.0 0.9637811982182531
1874.0 0.963434304581717
1875.0 0.9563523554163478
1876.0 0.9462177321667056
1877.0 0.9469136588085524
1878.0 0.9419187099314967
1879.0 0.9410409819569642
1880.0 0.9391324978342602
1881.0 0.944795089254628
1882.0 0.9398896558282199
1883.0 0.9405946022108438
1884.0 0.9469725299193504
1885.0 0.9501585594217463
1886.0 0.9504864016386134
1887.0 0.956193937335164
1888.0 0.9588276813881423
1889.0 0.9508140415522679
1890.0 0.9493827328158673
1891.0 0.9465135011903939
1892.0 0.9394861498791884
1893.0 0.9434151353284687
1894.0 0.9430919947333182
1895.0 0.946339071769519
1896.0 0.9538148546449984
1897.0 0.9474050917281932
1898.0 0.9394069027454763
1899.0 0.9529470595506281
1900.0 0.9560473610663471
1901.0 0.952764707355613
1902.0 0.9582637815192214
1903.0 0.963072471704779
1904.0 0.9607963321223647
1905.0 0.9490036252211693
1906.0 0.9499054058776499
1907.0 0.9451287739170556
1908.0 0.9464173635342161
1909.0 0.9421691521555842
1910.0 0.9473872692972687
1911.0 0.9456829550937369
1912.0 0.939455411066082
1913.0 0.9497205692065249
1914.0 0.9504128755445681
1915.0 0.9579784585810612
1916.0 0.950746025004195
1917.0 0.9595769864743385
1918.0 0.9538874608621952
1919.0 0.9499626247455376
1920.0 0.9453977314930088
1921.0 0.9419422165058021
1922.0 0.9458245282555906
1923.0 0.9501440375576466
1924.0 0.9624702586173093
1925.0 0.9545732838116843
1926.0 0.9414405384187743
1927.0 0.9373152689167432
1928.0 0.9446955659845828
1929.0 0.9446772279465512
1930.0 0.9459326077097796
1931.0 0.9478385689357051
1932.0 0.9495574934328381
1933.0 0.9445304620380354
1934.0 0.9597696261931026
1935.0 0.9544444341423871
1936.0 0.9529048755630278
1937.0 0.9569853329256446
1938.0 0.9585013827986728
1939.0 0.9656630715168554
1940.0 0.9596581065166173
1941.0 0.952865778022064
1942.0 0.9498316748857818
1943.0 0.9452001786826496
1944.0 0.9446955326647217
1945.0 0.9503990386296863
1946.0 0.9421202222678886
1947.0 0.9506856074441126
1948.0 0.948807963903902
1949.0 0.9514926629638779
1950.0 0.9531085229422344
1951.0 0.9608345183938969
1952.0 0.9738743280664099
1953.0 0.9653262246838998
1954.0 0.9697640423289634
1955.0 0.9696196979284467
1956.0 0.9617372282110568
1957.0 0.9518933856117935
1958.0 0.9618148348465043
1959.0 0.9558013115085394
1960.0 0.9586537744014938
1961.0 0.9476405402482715
1962.0 0.9652394426981277
1963.0 0.9651264044584394
1964.0 0.9663802925215794
1965.0 0.9672457201733676
1966.0 0.9621445170605212
1967.0 0.9632560883926559
1968.0 0.9587272510737208
1969.0 0.955628985412799
1970.0 0.9453011967806445
1971.0 0.9567191591363657
1972.0 0.9634172154619509
1973.0 0.9648420155403903
1974.0 0.9760176321618174
1975.0 0.9774572239427078
1976.0 0.9759363886811323
1977.0 0.974685258919458
1978.0 0.955737012101235
1979.0 0.9660687934289802
1980.0 0.9668785743722964
1981.0 0.9771843088294858
1982.0 0.9881368029342322
1983.0 0.973370334661638
1984.0 0.9759222324460645
1985.0 0.9718252774117652
1986.0 0.9786003572779318
1987.0 0.9761225237589908
1988.0 0.9656867995557518
1989.0 0.9653486083189595
1990.0 0.9735426034451281
1991.0 0.9721143220175014
1992.0 0.9743295247796044
1993.0 0.9682304812397483
1994.0 0.9593429563847418
1995.0 0.9741821011501072
1996.0 0.9663593209526015
1997.0 0.9710050224406898
1998.0 0.9595132919846208
1999.0 0.9540992865375728
2000.0 0.9650281253531092
2001.0 0.9617032954467268
2002.0 0.9650670599036874
2003.0 0.9558085526464393
2004.0 0.9430518774510066
2005.0 0.9582957111908668
2006.0 0.9480032456782215
2007.0 0.9621445897912929
2008.0 0.951902923837503
2009.0 0.9630542790096095
2010.0 0.9611820272981462
2011.0 0.9686066095379331
2012.0 0.9643786333808982
2013.0 0.9642765070713333
2014.0 0.9744321585267658
2015.0 0.9731634445099189
2016.0 0.98367597274713
2017.0 0.974156222948847
2018.0 0.9709741914612658
2019.0 0.9614888213222159
2020.0 0.9588272086479501
2021.0 0.9612716449545623
2022.0 0.9652666231022875
2023.0 0.9542395779588212
2024.0 0.946539786678132
2025.0 0.9376276823335354
2026.0 0.9379906549863202
2027.0 0.9360911446452584
2028.0 0.9455370625532591
2029.0 0.9534384243206542
2030.0 0.9558216079409085
2031.0 0.9646279268002174
2032.0 0.9686394409530316
2033.0 0.9703895786418257
2034.0 0.9807236128740462
2035.0 0.9755816592433341
2036.0 0.9808325306540304
2037.0 0.9871740306955491
2038.0 0.9831909911450774
2039.0 0.9714684756799852
2040.0 0.9769121416141054
2041.0 0.9650914087634899
2042.0 0.973101742237839
2043.0 0.9780763485475266
2044.0 0.97920943353682
2045.0 0.9694204050330146
2046.0 0.9795048416140636
2047.0 0.9856572488101843
2048.0 0.9803279821008474
2049.0 0.9801049922407901
2050.0 0.979116061821663
2051.0 0.9671269983618911
2052.0 0.9624872426205237
2053.0 0.9602958993173705
2054.0 0.9625133460085475
2055.0 0.9709300909532812
2056.0 0.9715323993269918
2057.0 0.9686278093044807
2058.0 0.9653306867785656
2059.0 0.9638708148412162
2060.0 0.9419014442149752
2061.0 0.9351091536122699
2062.0 0.9421985969632631
2063.0 0.9331034900646484
2064.0 0.9380699141567735
2065.0 0.9413333052904894
2066.0 0.9403312048152006
2067.0 0.942412161592741
2068.0 0.9338787023723031
2069.0 0.9273126691442499
2070.0 0.9224291018140572
2071.0 0.9200313807325164
2072.0 0.9134045522206516
2073.0 0.9110548076148863
2074.0 0.918179152346228
2075.0 0.9124547848401093
2076.0 0.9245298462056996
2077.0 0.9263513095418225
2078.0 0.9253971594690886
2079.0 0.9226238114327738
2080.0 0.9353421017804733
2081.0 0.9457411922412888
2082.0 0.9439122432249846
2083.0 0.9372004461413089
2084.0 0.9352552888206359
2085.0 0.9539799420249093
2086.0 0.9434815227891249
2087.0 0.9429377496652137
2088.0 0.9409449068914771
2089.0 0.9347339548100606
2090.0 0.9466256690470537
2091.0 0.9512509114471348
2092.0 0.951276873476614
2093.0 0.954171807692323
2094.0 0.9696132190104697
2095.0 0.9747041748051416
2096.0 0.9703906830063133
2097.0 0.9630512189677342
2098.0 0.9636289200129229
2099.0 0.9598065711891399
2100.0 0.9511831026654228
2101.0 0.9566847497985931
2102.0 0.9663789369699958
2103.0 0.9643425296330539
2104.0 0.9657220104914768
2105.0 0.9711934253021113
2106.0 0.9671383758196059
2107.0 0.9652408751130069
2108.0 0.9636589646331972
2109.0 0.9540918491074821
2110.0 0.9403204222910755
2111.0 0.9508327848733487
2112.0 0.9652997024885522
2113.0 0.9633518537543875
2114.0 0.9641544841952016
2115.0 0.9633560266032035
2116.0 0.9671262452129656
2117.0 0.9861024748702544
2118.0 0.979071217560807
2119.0 0.9739128522743883
2120.0 0.9760375138619578
2121.0 0.9754334954853257
2122.0 0.9758154559090683
2123.0 0.9617827631165937
2124.0 0.9630865989286013
2125.0 0.9726845380959152
2126.0 0.9845871727634229
2127.0 0.9803762491025315
2128.0 0.980258892839735
2129.0 0.9796485769340502
2130.0 0.9786041458085919
2131.0 0.9881479646571941
2132.0 0.9827532904920451
2133.0 0.9847955641497984
2134.0 0.9994584403741085
2135.0 0.9949723949706089
2136.0 1.0016064102157043
2137.0 1.0190069154861767
2138.0 1.024861391570513
2139.0 1.0263862283116987
2140.0 1.0153979815217657
2141.0 1.021740117890928
2142.0 1.0162723144172505
2143.0 1.0141777804583225
2144.0 1.0055687587867859
2145.0 1.0044570033839226
2146.0 1.0018961104017605
2147.0 0.9972502526129656
2148.0 1.0028565376648748
2149.0 0.9986578100028922
2150.0 0.9910661903066025
2151.0 0.9861390737400338
2152.0 0.9750157065303512
2153.0 0.9654880810668679
2154.0 0.9739616864640404
2155.0 0.9726288558502999
2156.0 0.9781297001277813
2157.0 0.9719559238005383
2158.0 0.9663143665512685
2159.0 0.9671325013330966
2160.0 0.9588870135636691
2161.0 0.9675501183898527
2162.0 0.9712384584708122
2163.0 0.9639533985984947
2164.0 0.9662744504318447
2165.0 0.9619864036845843
2166.0 0.9584648045161183
2167.0 0.9552083720057084
2168.0 0.9532657857771468
2169.0 0.9532897752766705
2170.0 0.9440709298848582
2171.0 0.9534981314973179
2172.0 0.9598256278682731
2173.0 0.9558249550462318
2174.0 0.954047060525876
2175.0 0.9545092915614871
2176.0 0.950089390733084
2177.0 0.9444631038192656
2178.0 0.9455823401101601
2179.0 0.9415412579908085
2180.0 0.9498571623223491
2181.0 0.9481161837554385
2182.0 0.9388097187529902
2183.0 0.9453322695191642
2184.0 0.9403705174591497
2185.0 0.9482277266554808
2186.0 0.9376521615938392
2187.0 0.946577672796665
2188.0 0.9646442265494481
2189.0 0.972059135742677
2190.0 0.9600129327132935
2191.0 0.9628453096486851
2192.0 0.959775349558476
2193.0 0.9504358554297732
2194.0 0.9570504030334461
2195.0 0.9535686667458725
2196.0 0.9484262469330537
2197.0 0.9507262263734406
2198.0 0.9552789350581907
2199.0 0.9538372270273718
2200.0 0.9524880567192575
2201.0 0.9564146040911942
2202.0 0.9542493948981509
2203.0 0.9657882724650332
2204.0 0.9688313715923489
2205.0 0.9658814861064539
2206.0 0.9791612309683696
2207.0 0.9854239053690449
2208.0 0.9809550594833034
2209.0 0.9790103726407761
2210.0 0.9842597102008778
2211.0 0.9745616201609266
2212.0 0.9669443029637902
2213.0 0.9751804289700967
2214.0 0.982369041146715
2215.0 0.9849315621000301
2216.0 0.9910742475699281
2217.0 0.974771521127988
2218.0 0.9692304493193777
2219.0 0.9632921469116601
2220.0 0.9623677179554736
2221.0 0.9705535715734891
2222.0 0.9704964373070355
2223.0 0.9684501227701142
2224.0 0.9645096091215688
2225.0 0.9584295954850754
2226.0 0.9608188063883979
2227.0 0.9681160669633639
2228.0 0.967628619132555
2229.0 0.9576682621992616
2230.0 0.9700074619008248
2231.0 0.9766708561448713
2232.0 0.9792620602605142
2233.0 0.9922265206246805
2234.0 0.9876007221999089
2235.0 0.973730138050074
2236.0 0.9756586430545836
2237.0 0.9842961137106906
2238.0 0.9889595763600061
2239.0 0.9859263860581375
2240.0 0.9842914317802745
2241.0 0.9770952807950319
2242.0 0.9914292624403862
2243.0 0.9924658410115837
2244.0 0.9918253473811418
2245.0 0.9857648734771551
2246.0 0.9806971431683722
2247.0 0.9756994000446857
2248.0 0.9702851128883868
2249.0 0.9609498849542455
2250.0 0.9566581821743348
2251.0 0.9582894325836693
2252.0 0.9609063184544514
2253.0 0.9663583662804248
2254.0 0.9666728767089875
2255.0 0.9739959834986104
2256.0 0.980492957821798
2257.0 0.9896099148756351
2258.0 0.9752116115159218
2259.0 0.9685602061014912
2260.0 0.9735995381321837
2261.0 0.9713919260844468
2262.0 0.9772512167716563
2263.0 0.9852157616172221
2264.0 0.9849542853034221
2265.0 0.9663328335231226
2266.0 0.9527005665524424
2267.0 0.9651447567444146
2268.0 0.9706661183527971
2269.0 0.9708534930680818
2270.0 0.9658740170779925
2271.0 0.9635548251760901
2272.0 0.9562000884757376
2273.0 0.9633872774332299
2274.0 0.9772919229258636
2275.0 0.9845605552740556
2276.0 0.9882455125272882
2277.0 0.9860793024921527
2278.0 0.9869220318928799
2279.0 0.9910079385605968
2280.0 0.9955184002002184
2281.0 0.9832957888949737
2282.0 0.979290867456452
2283.0 0.9768027371125149
2284.0 0.9801899464391892
2285.0 0.9753356481859802
2286.0 0.9814830699700723
2287.0 0.9905295368765457
2288.0 0.9755266837030533
2289.0 0.9759252184313156
2290.0 0.9803915198864089
2291.0 0.9825332950840948
2292.0 0.97520355091352
2293.0 0.9765548125832936
2294.0 0.9676683475808965
2295.0 0.950105977825757
2296.0 0.9590317084386026
2297.0 0.9624008053574091
2298.0 0.9644727175447544
2299.0 0.9644762563544219
2300.0 0.9572311302911902
2301.0 0.9549133466583056
2302.0 0.9594628475295737
2303.0 0.9558057191307325
2304.0 0.9620257788042382
2305.0 0.9562182390883806
2306.0 0.9725279013571286
2307.0 0.9680746858584538
2308.0 0.9622181952034887
2309.0 0.9602414350773424
2310.0 0.9493159695666424
2311.0 0.9460514140984875
2312.0 0.9447072995123961
2313.0 0.9459739806012264
2314.0 0.9456441789114478
2315.0 0.9396216272164745
2316.0 0.9464149325642033
2317.0 0.9523733521615702
2318.0 0.962875716183691
2319.0 0.9683405877234741
2320.0 0.967856536297646
2321.0 0.9695955513697143
2322.0 0.9784945391108277
2323.0 0.978649184778624
2324.0 0.970011214411777
2325.0 0.9692422536541303
2326.0 0.9705941793681147
2327.0 0.9786498328768815
2328.0 0.9831493474829902
2329.0 0.9853239816074251
2330.0 0.9803036710431485
2331.0 0.9764576285276101
2332.0 0.9643020217279152
2333.0 0.9595807097318071
2334.0 0.9450477579035972
2335.0 0.9495989481109437
2336.0 0.9589425792136979
2337.0 0.95236107954922
2338.0 0.9475974772054945
2339.0 0.9435267120916482
2340.0 0.9439507735104558
2341.0 0.959624320921691
2342.0 0.9698985479955606
2343.0 0.9645692975070268
2344.0 0.9601410409483258
2345.0 0.9626321160368745
2346.0 0.9632667128246913
2347.0 0.9682953346049576
2348.0 0.9728830033517706
2349.0 0.977321050000046
2350.0 0.9740981658478921
2351.0 0.9675161758168208
2352.0 0.977578822892504
2353.0 0.9792954722324518
2354.0 0.9805896930943255
2355.0 0.9849713869257564
2356.0 0.9807171117473992
2357.0 0.9854918312364056
2358.0 0.990258703753504
2359.0 0.9863171306890056
2360.0 0.968377121805287
2361.0 0.9616553557526217
2362.0 0.9616945269957755
2363.0 0.9566561448588917
2364.0 0.9766834790183024
2365.0 0.976660418278585
2366.0 0.9742617288096749
2367.0 0.9834729141274561
2368.0 0.9715146727316395
2369.0 0.9745536564718664
2370.0 0.9827920656298945
2371.0 0.9703324677756084
2372.0 0.9690370897152973
2373.0 0.9605754457630733
2374.0 0.9662253880805253
2375.0 0.9609205032594156
2376.0 0.9645063850463413
2377.0 0.9666384046006554
2378.0 0.9661265462367258
2379.0 0.9755626843568524
2380.0 0.9670658080306932
2381.0 0.9591764431898661
2382.0 0.9609902700038843
2383.0 0.960065119801563
2384.0 0.968455340515829
2385.0 0.9427546523699387
2386.0 0.9534694875917962
2387.0 0.9637900365722324
2388.0 0.9659128252155815
2389.0 0.9628905208926272
2390.0 0.9633331367552694
2391.0 0.9695610601206773
2392.0 0.971394962046959
2393.0 0.971114187632373
2394.0 0.9602175045257916
2395.0 0.956373957875128
2396.0 0.9654039788767426
2397.0 0.9767143183429159
2398.0 0.9744445850062116
2399.0 0.9647781909710019
2400.0 0.9584974042636862
2401.0 0.9513001859488164
2402.0 0.9580952166911502
2403.0 0.9689263125021202
2404.0 0.9724242983980229
2405.0 0.9593662465931917
2406.0 0.9481362496236777
2407.0 0.9363585770919542
2408.0 0.9437209889063036
2409.0 0.9337334483556623
2410.0 0.943369011697564
2411.0 0.9291018821058632
2412.0 0.9296267417895105
2413.0 0.9385372284762857
2414.0 0.9388654120339975
2415.0 0.9434985078562225
2416.0 0.9452975674282239
2417.0 0.9580474876863787
2418.0 0.9643343905090613
2419.0 0.9651528263321811
2420.0 0.9680345447439178
2421.0 0.9754840181572136
2422.0 0.978366521795292
2423.0 0.9711659928568468
2424.0 0.9767977816367219
2425.0 0.9847600928011184
2426.0 0.9869377575109827
2427.0 0.9946866061364117
2428.0 1.0000524902340382
2429.0 0.9986751308805365
2430.0 0.9938613925271346
2431.0 0.9812014456393252
2432.0 0.9796213609569975
2433.0 0.9808517689832584
2434.0 0.9747769217274133
2435.0 0.981082935307253
2436.0 0.9725163121047006
2437.0 0.963190131320277
2438.0 0.9712229671209978
2439.0 0.9727163754021249
2440.0 0.9835587943602212
2441.0 0.9880231136414279
2442.0 0.9768102445855946
2443.0 0.9769654798300502
2444.0 0.9724151066717903
2445.0 0.9660824629300855
2446.0 0.9677306912872025
2447.0 0.9624475450925688
2448.0 0.9634324378700152
2449.0 0.9534191631579544
2450.0 0.9446965557114231
2451.0 0.9501670808646127
2452.0 0.9473383401230958
2453.0 0.9537096920548332
2454.0 0.9574778409173538
2455.0 0.9571304970267619
2456.0 0.9458145641256044
2457.0 0.937215277456105
2458.0 0.9422264937084028
2459.0 0.9547712108677503
2460.0 0.9454242492613781
2461.0 0.9453351879825169
2462.0 0.9408131532643322
2463.0 0.936872174611427
2464.0 0.9453748829197556
2465.0 0.9462430274210265
2466.0 0.9469674927695205
2467.0 0.9448557189234836
2468.0 0.9482919441955948
2469.0 0.946316072690825
2470.0 0.9565501606788127
2471.0 0.951222004821578
2472.0 0.9470268723976896
2473.0 0.9439385576338409
2474.0 0.9463322235626613
2475.0 0.9455485121616727
2476.0 0.9502914438640108
2477.0 0.9595862748102562
2478.0 0.9467959107127124
2479.0 0.9414485803598321
2480.0 0.9432116103640016
2481.0 0.9391970730568175
2482.0 0.9451823745384598
2483.0 0.9403490496547194
2484.0 0.9365897242898633
2485.0 0.9179364149724976
2486.0 0.9200123580845891
2487.0 0.9133658206068518
2488.0 0.9168021124624713
2489.0 0.9247821998164001
2490.0 0.9191340616929933
2491.0 0.9277736753501026
2492.0 0.9381223587841481
2493.0 0.9475928438617739
2494.0 0.9587091570461398
2495.0 0.957695927099216
2496.0 0.9610884222229832
2497.0 0.9601162337732742
2498.0 0.9504513351195577
2499.0 0.9485871275189444
2500.0 0.9539847978231031
2501.0 0.962831493874679
2502.0 0.9597904785873685
2503.0 0.9538539779726823
2504.0 0.9543403176177707
2505.0 0.9615238007653325
2506.0 0.9593970601897264
2507.0 0.9593111607581705
2508.0 0.9587312221464999
2509.0 0.9539654711967425
2510.0 0.9486791853411143
2511.0 0.9407498536003811
2512.0 0.9423165035988635
2513.0 0.9568467327819233
2514.0 0.9565037771994807
2515.0 0.9502253545936599
2516.0 0.9557290738809863
2517.0 0.9425700171493323
2518.0 0.9561107485822387
2519.0 0.9548083704742811
2520.0 0.9552675747430592
2521.0 0.94328946800723
2522.0 0.9289569209019801
2523.0 0.93180710644466
2524.0 0.9356051518847156
2525.0 0.9518168748337417
2526.0 0.9478042097875219
2527.0 0.9460200652602865
2528.0 0.9404118458028629
2529.0 0.9415927973190594
2530.0 0.9408648301676156
2531.0 0.9447187953513229
2532.0 0.9376496733242379
2533.0 0.9337511272541985
2534.0 0.942820238921447
2535.0 0.9315760433793578
2536.0 0.9319478316381137
2537.0 0.9428419524977611
2538.0 0.9400073529767926
2539.0 0.9367451206199429
2540.0 0.9373054461636532
2541.0 0.9524870274501559
2542.0 0.9429046340709556
2543.0 0.9491342346508522
2544.0 0.9537886610343145
2545.0 0.95308088687748
2546.0 0.9471331588850939
2547.0 0.955516264447755
2548.0 0.9539127064587207
2549.0 0.9577335589224537
2550.0 0.9640247397499204
2551.0 0.9565784990124149
2552.0 0.9534360183550323
2553.0 0.9540547496548051
2554.0 0.9453949876744219
2555.0 0.9511048917329277
2556.0 0.9589141198556508
2557.0 0.9619101703286613
2558.0 0.955761046838315
2559.0 0.9654704480014977
2560.0 0.9558713325671218
2561.0 0.9581309634657587
2562.0 0.972228428032146
2563.0 0.9644980321931447
2564.0 0.9671403724748309
2565.0 0.9728426662243175
2566.0 0.9758763817702771
2567.0 0.9758309767694445
2568.0 0.9759425923268485
2569.0 0.968415386135623
2570.0 0.9615606404847894
2571.0 0.975925202219219
2572.0 0.9748763206671635
2573.0 0.9758293796843438
2574.0 0.9851385057689553
2575.0 0.9756967265549422
2576.0 0.9666688488236233
2577.0 0.9703193192805193
2578.0 0.9616949320421592
2579.0 0.958107867169754
2580.0 0.9446168194872738
2581.0 0.9275665148603567
2582.0 0.9350030716028741
2583.0 0.9405294098952002
2584.0 0.9344598628573516
2585.0 0.9333844283703033
2586.0 0.9378955507900499
2587.0 0.9348619496144679
2588.0 0.9282949373034027
2589.0 0.9292737849693861
2590.0 0.9225692584861331
2591.0 0.9226821715606359
2592.0 0.924572324892629
2593.0 0.9351600745745425
2594.0 0.935536875758749
2595.0 0.9356217332034988
2596.0 0.9446586851287841
2597.0 0.9541547357031481
2598.0 0.9627003942961577
2599.0 0.9521478478767698
2600.0 0.9589771699308873
2601.0 0.9626574691012187
2602.0 0.968543787729032
2603.0 0.9671203077599191
2604.0 0.9742935322557098
2605.0 0.9774539796303385
2606.0 0.9749275596899203
2607.0 0.9691843575319042
2608.0 0.964255065320363
2609.0 0.9668630287365888
2610.0 0.9609355903309517
2611.0 0.9715905656673925
2612.0 0.9790833877830604
2613.0 0.9639436412588381
2614.0 0.965865117472322
2615.0 0.9670058378301849
2616.0 0.9705665979925657
2617.0 0.9660248536141298
2618.0 0.9591765261618969
2619.0 0.9612221658231702
2620.0 0.9627707845448862
2621.0 0.9601910792967014
2622.0 0.9603051588899338
2623.0 0.9717567210126152
2624.0 0.9748699574687739
2625.0 0.9698885293237725
2626.0 0.9651883833238533
2627.0 0.967789136904744
2628.0 0.9657617123664053
2629.0 0.9715874443040111
2630.0 0.9737972355301968
2631.0 0.9701815954860603
2632.0 0.9566310792802769
2633.0 0.9555430529433886
2634.0 0.9660424354676612
2635.0 0.9658586863404957
2636.0 0.968793641199588
2637.0 0.9779173180125822
2638.0 0.97361312568363
2639.0 0.9772752113884267
2640.0 0.9827813110139282
2641.0 0.9884634268843117
2642.0 0.9889351583813651
2643.0 0.9901475427537534
2644.0 0.9898643385284306
2645.0 0.9839099146826392
2646.0 0.9732071130638207
2647.0 0.9680660837626454
2648.0 0.971513520337832
2649.0 0.9651608776605082
2650.0 0.9537122234744124
2651.0 0.9534490625347711
2652.0 0.9572190686671588
2653.0 0.9532049085662775
2654.0 0.9561192803823341
2655.0 0.9648008384038207
2656.0 0.9701758504476927
2657.0 0.9642594522689111
2658.0 0.9661514102025134
2659.0 0.9622814144941463
2660.0 0.9641505465484059
2661.0 0.957725392384423
2662.0 0.9642150886944509
2663.0 0.9594270674147787
2664.0 0.9531816122420835
2665.0 0.9671189579960832
2666.0 0.9536077957638923
2667.0 0.9550587761186622
2668.0 0.9525523876600059
2669.0 0.9540109541733098
2670.0 0.9629079916224063
2671.0 0.9662569703960064
2672.0 0.9672391587904986
2673.0 0.9603128473846854
2674.0 0.9583752016162128
2675.0 0.9612804037869767
2676.0 0.9586124668236595
2677.0 0.9513825656763322
2678.0 0.9544077893414473
2679.0 0.9568192712439176
2680.0 0.9546269856848175
2681.0 0.9673060491437114
2682.0 0.9536094571483853
2683.0 0.9527322202242405
2684.0 0.9570213642518889
2685.0 0.9610452914551969
2686.0 0.9549679507244123
2687.0 0.9576432874616619
2688.0 0.9525634802872821
2689.0 0.9414021122859737
2690.0 0.9379881194033108
2691.0 0.9359660596558731
2692.0 0.9413217304234562
2693.0 0.9455027469827438
2694.0 0.929962944601036
2695.0 0.9203197434181016
2696.0 0.9073096890758405
2697.0 0.9022301198012637
2698.0 0.9161644519670553
2699.0 0.9043213101701146
2700.0 0.9062959263186791
2701.0 0.914243336822938
2702.0 0.9084312046372496
2703.0 0.9066706853606223
2704.0 0.9157742689199211
2705.0 0.9227687701525953
2706.0 0.925328015441907
2707.0 0.9232317308438329
2708.0 0.9202312049168245
2709.0 0.9209598217559767
2710.0 0.9100763869340147
2711.0 0.8956887360786754
2712.0 0.9041911602826032
2713.0 0.9055684361551937
2714.0 0.9080075567107709
2715.0 0.9152691315920762
2716.0 0.9186017854686058
2717.0 0.9182731923740992
2718.0 0.933574784246313
2719.0 0.9337709487872596
2720.0 0.9490285270176788
2721.0 0.93932216128802
2722.0 0.9453075694192907
2723.0 0.9513897388908632
2724.0 0.9408546634958215
2725.0 0.9384539708901081
2726.0 0.926493167452948
2727.0 0.9275935565618145
2728.0 0.9291612227514345
2729.0 0.9241106887171677
2730.0 0.9329888925991232
2731.0 0.9317532820040203
2732.0 0.9316684496092117
2733.0 0.933190142011496
2734.0 0.9391875035494145
2735.0 0.9380013857616805
2736.0 0.9390380818263665
2737.0 0.9372421035021785
2738.0 0.9373270878819324
2739.0 0.9300986339298645
2740.0 0.9385229669094887
2741.0 0.9296047983812599
2742.0 0.9365706040036033
2743.0 0.9394010781562313
2744.0 0.9443580452331947
2745.0 0.9381819339365848
2746.0 0.9385357061683379
2747.0 0.9349653390794896
2748.0 0.9297031194993888
2749.0 0.9430266570572909
2750.0 0.9456784905236992
2751.0 0.9347295647044221
2752.0 0.9420569589044057
2753.0 0.9492552055035157
2754.0 0.956555257780966
2755.0 0.9561164532717938
2756.0 0.9606086491752738
2757.0 0.9541267751410896
2758.0 0.9552411731053306
2759.0 0.9678702876029425
2760.0 0.9697601607796862
2761.0 0.9667431893630125
2762.0 0.9730989495961062
2763.0 0.9668693929315134
2764.0 0.9709058879940857
2765.0 0.9704329122056998
2766.0 0.975890668121062
2767.0 0.9619026356116963
2768.0 0.9543406842693181
2769.0 0.9533928816683396
2770.0 0.9551000071046186
2771.0 0.93961581896168
2772.0 0.9377274116435157
2773.0 0.9455773262460582
2774.0 0.9585235536644646
2775.0 0.960190622091351
2776.0 0.9561627094183409
2777.0 0.9561103798939978
2778.0 0.9700265559811164
2779.0 0.963301359531809
2780.0 0.9640952490290043
2781.0 0.9566289709814789
2782.0 0.9555897560045988
2783.0 0.9579078052464414
2784.0 0.9530223973466105
2785.0 0.9648477554122967
2786.0 0.9674333458839242
2787.0 0.9703568680136486
2788.0 0.9637005625508411
2789.0 0.9675566052713881
2790.0 0.9690939446288616
2791.0 0.9686267793039844
2792.0 0.96307094647562
2793.0 0.9530252476481769
2794.0 0.9502693615225795
2795.0 0.9579133216660143
2796.0 0.9510162504481965
2797.0 0.9418205566287497
2798.0 0.9379306160947015
2799.0 0.9367688471708732
2800.0 0.937918284315046
2801.0 0.935486804028405
2802.0 0.940543915005524
2803.0 0.9439411803153286
2804.0 0.9408797939714466
2805.0 0.9453403419581417
2806.0 0.9390343027400284
2807.0 0.9331840007035291
2808.0 0.9146726902364721
2809.0 0.9165941179922873
2810.0 0.9238941804088162
2811.0 0.9287709573116254
2812.0 0.9187383637361515
2813.0 0.9201423139408524
2814.0 0.917590162515961
2815.0 0.9220647580141594
2816.0 0.9362111028546904
2817.0 0.9469010888420838
2818.0 0.9410557692813978
2819.0 0.9408331827075236
2820.0 0.9363182922288422
2821.0 0.9385171852097873
2822.0 0.9414168902248097
2823.0 0.9427013783111333
2824.0 0.9526186874069114
2825.0 0.9687577566453456
2826.0 0.9599404051751353
2827.0 0.9578411847862978
2828.0 0.9527479368201559
2829.0 0.9554418758350944
2830.0 0.9537070654132671
2831.0 0.9563024001537388
2832.0 0.961242964563704
2833.0 0.9596948801738947
2834.0 0.962963234401357
2835.0 0.9555058624698599
2836.0 0.9501177560332408
2837.0 0.9549314412353288
2838.0 0.9635424352978796
2839.0 0.9577505856638788
2840.0 0.9584202177371146
2841.0 0.955251477977898
2842.0 0.9599104468020414
2843.0 0.9541885391788435
2844.0 0.950927775795176
2845.0 0.9405310429562832
2846.0 0.9468637858181819
2847.0 0.9401472829778756
2848.0 0.9468509306335686
2849.0 0.954374495569993
2850.0 0.962081136693733
2851.0 0.9602577759351062
2852.0 0.969655801887046
2853.0 0.9574737799817077
2854.0 0.9681003658086835
2855.0 0.955598086919521
2856.0 0.9534787914160111
2857.0 0.9522823836639448
2858.0 0.9608560136799799
2859.0 0.961950642645456
2860.0 0.9610456632810758
2861.0 0.973674304327074
2862.0 0.9645443750545409
2863.0 0.9608052917491994
2864.0 0.9573770761098774
2865.0 0.9540963766013478
2866.0 0.9419855598514951
2867.0 0.9466149590692187
2868.0 0.9609527442477646
2869.0 0.9544977383859494
2870.0 0.9489921970093569
2871.0 0.9422926737044006
2872.0 0.9368712383951886
2873.0 0.9445842717012111
2874.0 0.9482890085731267
2875.0 0.9464454579274338
2876.0 0.9450513727355652
2877.0 0.9455226943812691
2878.0 0.9386996837513537
2879.0 0.9394008562804516
2880.0 0.948934620206735
2881.0 0.9575141509354316
2882.0 0.95556934700694
2883.0 0.9519713108577731
2884.0 0.949841808405331
2885.0 0.9473635750095385
2886.0 0.9347818510583359
2887.0 0.9372728984181373
2888.0 0.9484622602304764
2889.0 0.949823735372882
2890.0 0.9537152645622227
2891.0 0.9635210287399122
2892.0 0.9627659113470235
2893.0 0.9653675503366139
2894.0 0.9630321247113468
2895.0 0.9724353853646195
2896.0 0.9652921933152738
2897.0 0.9618857967639138
2898.0 0.9705455360697057
2899.0 0.9722993202059562
2900.0 0.9730927478090001
2901.0 0.9706428013011543
2902.0 0.9714425144627785
2903.0 0.9670051660374052
2904.0 0.9666355993429818
2905.0 0.9763588237920027
2906.0 0.9711859526150614
2907.0 0.9741821054093901
2908.0 0.9695535114291285
2909.0 0.9655182089003691
2910.0 0.960295794609362
2911.0 0.9555011775842133
2912.0 0.9654258195838737
2913.0 0.9630303313915961
2914.0 0.9612851274070395
2915.0 0.9552081353684798
2916.0 0.9609604654152992
2917.0 0.9628826652747404
2918.0 0.9629684554545905
2919.0 0.9549254002571711
2920.0 0.9578909776884832
2921.0 0.9716820895315476
2922.0 0.9584654247432521
2923.0 0.9607439025027652
2924.0 0.9715106727958484
2925.0 0.9701496799594546
2926.0 0.978889103180884
2927.0 0.9782105024695772
2928.0 0.9858148065641987
2929.0 0.9813946362704176
2930.0 0.9777487232095915
2931.0 0.9843457997788201
2932.0 0.9851260001097195
2933.0 0.9905912404444548
2934.0 0.9948204651456024
2935.0 0.9977740607401536
2936.0 0.995978372166743
2937.0 0.9984260914217146
2938.0 0.9897458775136526
2939.0 0.9802636864541066
2940.0 0.9857943175337216
2941.0 0.9836701300853035
2942.0 0.9852442010892373
2943.0 0.9822065179775471
2944.0 0.9725772402118451
2945.0 0.9528693560300457
2946.0 0.9565871786063822
2947.0 0.9587630377085012
2948.0 0.9609596234339026
2949.0 0.9568676328465227
2950.0 0.9577613539705977
2951.0 0.9622665495440996
2952.0 0.9625577468512685
2953.0 0.9611568867203186
2954.0 0.9614280353298336
2955.0 0.9638217404520816
2956.0 0.9693549084625077
2957.0 0.9706562436399553
2958.0 0.9749202671440198
2959.0 0.9714903663567144
2960.0 0.973340551584787
2961.0 0.9834503746181216
2962.0 0.973952292301704
2963.0 0.9669764776388018
2964.0 0.9856798996729648
2965.0 0.972780712340066
2966.0 0.9698933569862442
2967.0 0.9599657150230941
2968.0 0.9607223873510566
2969.0 0.967562007086767
2970.0 0.9711367660279844
2971.0 0.9654828561559899
2972.0 0.973110856918759
2973.0 0.9744087038289935
2974.0 0.9792962061806829
2975.0 0.9654606342468149
2976.0 0.9755848126623585
2977.0 0.9743155418684901
2978.0 0.9695073808774403
2979.0 0.9658101247371208
2980.0 0.9638259037299848
2981.0 0.9636323685660997
2982.0 0.9622854496418303
2983.0 0.9582275700017622
2984.0 0.9797640333956806
2985.0 0.9830429108462075
2986.0 0.9827856549320853
2987.0 0.9795286572085609
2988.0 0.9891142356843561
2989.0 0.9914131553952459
2990.0 0.9901630657087912
2991.0 0.9925523151266304
2992.0 0.9910910335490511
2993.0 0.9943974779853315
2994.0 0.9954374366605265
2995.0 0.9899479132288876
2996.0 0.9862888127406324
2997.0 0.9885791244100461
2998.0 0.9911836589208365
2999.0 0.9902269991096484
3000.0 0.9758686768686413
3001.0 0.9694398410328506
3002.0 0.9667307471286541
3003.0 0.9657670443137464
3004.0 0.9689103002583472
3005.0 0.9706772482942471
3006.0 0.9708443299648305
3007.0 0.9686489121952953
3008.0 0.9606660769612754
3009.0 0.9559669427691482
3010.0 0.9605177194169293
3011.0 0.9556930341577876
3012.0 0.9648404464550151
3013.0 0.9639840046855424
3014.0 0.9678485039676007
3015.0 0.970076977220762
3016.0 0.9768990082781105
3017.0 0.9752570247763284
3018.0 0.9762053221710557
3019.0 0.9777043542919042
3020.0 0.9743402437244952
3021.0 0.9841305912884246
3022.0 0.9753832514173606
3023.0 0.9657161368921449
3024.0 0.9617078609334477
3025.0 0.9549966993215262
3026.0 0.9569147136794284
3027.0 0.9606115604022563
3028.0 0.9653094586624322
3029.0 0.9735600517956312
3030.0 0.9733493529880197
3031.0 0.96015119542762
3032.0 0.9572388450844475
3033.0 0.9607035392377092
3034.0 0.945053274436672
3035.0 0.9551088365438838
3036.0 0.9448294381441851
3037.0 0.9488261688588968
3038.0 0.9582261259639046
3039.0 0.9544041600607798
3040.0 0.9619191321213629
3041.0 0.951709776391672
3042.0 0.9437279590399406
3043.0 0.9489047295793525
3044.0 0.9588812119722576
3045.0 0.9545918091429906
3046.0 0.9454332011677623
3047.0 0.9488185235408224
3048.0 0.9338452855643485
3049.0 0.9432040708142473
3050.0 0.9383412934333949
3051.0 0.9397773050625874
3052.0 0.9521061229098342
3053.0 0.9447552172579083
3054.0 0.9457658207139138
3055.0 0.952747088988828
3056.0 0.9503844105959169
3057.0 0.9579899511692782
3058.0 0.9675230749740786
3059.0 0.9581619779017398
3060.0 0.9624852811497775
3061.0 0.9521855525293008
3062.0 0.949383572663178
3063.0 0.947266132326317
3064.0 0.9516977969041868
3065.0 0.9534691773267078
3066.0 0.951044219907019
3067.0 0.9452168565504447
3068.0 0.9414651958887712
3069.0 0.9368087140316728
3070.0 0.9379722440325035
3071.0 0.944415938079948
3072.0 0.9487680281515953
3073.0 0.9402347377591301
3074.0 0.9438258722437949
3075.0 0.9494352775456681
3076.0 0.9480254079977906
3077.0 0.9522840691556487
3078.0 0.9355932288372575
3079.0 0.9293648869468226
3080.0 0.9359188341897486
3081.0 0.9323115823107923
3082.0 0.9352769834427435
3083.0 0.9311958127812803
3084.0 0.9311985282931448
3085.0 0.9245390308664648
3086.0 0.9330229451669869
3087.0 0.9353212034786621
3088.0 0.9463366102937769
3089.0 0.9399651517739318
3090.0 0.9541868080247854
3091.0 0.9562900849792287
3092.0 0.9559050601286849
3093.0 0.9619666845333729
3094.0 0.9854576671280311
3095.0 0.9866306116411527
3096.0 0.9924105566536934
3097.0 0.9799778381798486
3098.0 0.9743240607327094
3099.0 0.9793290760650428
3100.0 0.9842336024864713
3101.0 0.9782918690507711
3102.0 0.9767614296929958
3103.0 0.9782988824528696
3104.0 0.9827809081411754
3105.0 0.9687866060059221
3106.0 0.9569794773570133
3107.0 0.95511056384697
3108.0 0.9501504214292943
3109.0 0.941073620728823
3110.0 0.9322525150742473
3111.0 0.9414255094926599
3112.0 0.9470224039068048
3113.0 0.9519466105856363
3114.0 0.9498626684684218
3115.0 0.9479300280919991
3116.0 0.9486527236078798
3117.0 0.9424840404756795
3118.0 0.9427303335735076
3119.0 0.9463240799048599
3120.0 0.9454463553759134
3121.0 0.9420466719799953
3122.0 0.9378670321803069
3123.0 0.9273514775186873
3124.0 0.9176731905448496
3125.0 0.9121532510171686
3126.0 0.919710172964135
3127.0 0.9104554313357311
3128.0 0.9071875824743483
3129.0 0.907757029864856
3130.0 0.911963684487383
3131.0 0.9179502846316252
3132.0 0.9238130828020713
3133.0 0.9155002028517838
3134.0 0.9095951359121115
3135.0 0.9073466598654113
3136.0 0.9063379168589565
3137.0 0.9049695227785298
3138.0 0.907516867950936
3139.0 0.8966521250406638
3140.0 0.8828623492687132
3141.0 0.877825847844383
3142.0 0.8824973309356448
3143.0 0.8724714117554271
3144.0 0.8619450926632253
3145.0 0.8548998945538149
3146.0 0.8560508515375267
3147.0 0.8564523386561056
3148.0 0.8546292649789704
3149.0 0.8641644264495127
3150.0 0.8712938347412569
3151.0 0.8645466020706982
3152.0 0.8713526352615704
3153.0 0.8714967595847408
3154.0 0.8830726469481542
3155.0 0.8818589191959344
3156.0 0.8812163972521712
3157.0 0.8816287134340632
3158.0 0.8878578735066055
3159.0 0.887049583468331
3160.0 0.8863614075455661
3161.0 0.8902788425439339
3162.0 0.8806643022837978
3163.0 0.8755857213602093
3164.0 0.8874198349561475
3165.0 0.8929263031843359
3166.0 0.8908238085381021
3167.0 0.8856165204164302
3168.0 0.8822275143575242
3169.0 0.8769805128404855
3170.0 0.8836592252630817
3171.0 0.8630469371046592
3172.0 0.8614348863614673
3173.0 0.8477082751896594
3174.0 0.8494572007234235
3175.0 0.8385385274429777
3176.0 0.8382978867885109
3177.0 0.8315290450385964
3178.0 0.8176064777588753
3179.0 0.8067621599007939
3180.0 0.7891294617110306
3181.0 0.772919661427348
3182.0 0.7487474327241859
3183.0 0.7407183827002124
3184.0 0.7271718635422478
3185.0 0.6907868871975316
3186.0 0.661861464312825
3187.0 0.635735417398895
3188.0 0.5907258003836966
3189.0 0.5545267402770816
3190.0 0.5065860290916733
3191.0 0.46328669976749237
3192.0 0.41342736632791083
3193.0 0.35835905042725236
3194.0 0.299619982453044
3195.0 0.23470044372351723
3196.0 0.174051375870209
3197.0 0.12411441689107801
3198.0 0.08040473616973261
3199.0 0.050773605993817396
3200.0 0.0308256366371328
3201.0 0.015926486009721998
3202.0 0.006586061575273
3203.0 0.0020752689443078
3204.0 0.0006239201697344
3205.0 0.000184968227088
3206.0 2.96538857884e-05
3207.0 4.0132170322000005e-06
3208.0 5.431298638e-07
3209.0 7.3504634e-08
3210.0 9.9477704e-09
3211.0 1.3462844e-09
