r/sigma_0 g(r)

0.0499746859037562 0.0
0.1499240577112686 0.0
0.249873429518781 0.0
0.3498228013262934 0.0
0.4497721731338058 0.0
0.5497215449413182 0.0
0.6496709167488306 0.0
0.749620288556343 0.0
0.8495696603638554 0.0
0.9495190321713678 0.0
1.0494684039788802 1.7416044568807378
1.1494177757863926 1.5425966181073631
1.249367147593905 1.375217611910927
1.3493165194014174 1.2387327829573302
1.4492658912089298 1.1573316218823648
1.5492152630164422 1.0550845157004443
1.6491646348239546 0.9816453965812733
1.749114006631467 0.9399656985952813
1.8490633784389794 0.9154223890121705
1.9490127502464918 0.9014302368101932
2.048962122054004 0.9459238661762904
2.1489114938615166 0.9939356119162822
2.248860865669029 1.0118350156630187
2.3488102374765414 1.0100196393488665
2.448759609284054 1.0241757006486116
2.548708981091566 1.029515992246765
2.6486583528990786 1.016116847825898
2.748607724706591 0.9970298719768748
2.8485570965141034 1.0112387444298925
2.948506468321616 0.9956813710486454
3.048455840129128 0.9840170687433976
3.1484052119366406 1.0058838383407311
3.248354583744153 0.9951953215635918
3.3483039555516654 0.9979853369603835
3.4482533273591778 1.0003057549040262
3.54820269916669 1.0105734506024386
3.6481520709742026 0.9945987950773693
3.748101442781715 0.996399044115465
3.8480508145892274 1.0028645699078427
3.9480001863967398 0.9868866781861779
4.047949558204252 1.0109695942204953
4.147898930011765 0.9914715448527999
4.2478483018192765 0.9966322913919526
4.34779767362679 1.0108339482263693
4.447747045434301 0.987879902618135
4.547696417241815 0.9996655129407815
4.647645789049326 0.9955265165731206
4.747595160856839 1.0036921866356394
4.847544532664351 1.0074150398888562
4.947493904471864 0.9988107805652083
5.047443276279376 1.001851900264837
5.147392648086889 0.9954428030705443
5.2473420198944005 1.0039450695246885
5.347291391701914 0.9931207365167949
5.447240763509425 1.007102625598044
5.547190135316939 0.9930711052955797
5.64713950712445 0.9974417272629496
5.747088878931963 0.9969039303009055
5.847038250739475 0.999970269242969
5.946987622546988 0.9973998653375369
6.0469369943545 0.9950022109937724
6.146886366162013 1.0002813515711486
6.2468357379695245 1.0011431271140252
6.346785109777038 0.9996361043916009
6.446734481584549 1.0094143971250513
6.546683853392063 1.0071784957777965
6.646633225199574 1.0040116176533855
6.746582597007087 0.9988536940251678
6.846531968814599 1.0007849563418276
6.946481340622112 0.995401630337823
7.046430712429624 1.0042194743617416
7.146380084237137 0.9939995214966338
7.2463294560446485 1.0016778436228695
7.346278827852162 0.9987429072356797
7.446228199659673 0.9933918762085345
7.546177571467187 1.0011951774464203
7.646126943274698 1.0134455325720995
7.746076315082211 1.0022532014218248
7.846025686889723 1.0015950304474748
7.945975058697236 1.0004190232037973
8.045924430504748 0.9997670044012694
8.145873802312261 0.9993916260930386
8.245823174119773 0.9911078145024171
8.345772545927286 1.000575821452029
8.445721917734797 0.999324345492834
8.54567128954231 0.9988474828664896
8.645620661349822 1.004459605807609
8.745570033157335 1.0111572895203669
8.845519404964847 1.0030621224883478
8.94546877677236 1.0030691623112225
9.045418148579872 1.0098535874130223
9.145367520387385 1.0074356825177917
9.245316892194896 1.0044385328919678
9.34526626400241 1.0031810115978823
9.445215635809921 0.9863837577851718
9.545165007617435 0.9964353745158604
9.645114379424946 0.9973360472844638
9.74506375123246 1.0011594672391637
9.845013123039971 0.9970877071221504
9.944962494847484 1.004386026120166
10.044911866654996 1.0089763067053208
10.144861238462509 1.0012331185421282
10.24481061027002 1.0072929922606841
10.344759982077534 1.0021272446990606
10.444709353885045 0.9984832831076196
10.544658725692559 0.9929200946604129
10.64460809750007 1.0007751290844964
10.744557469307583 1.0077430176583597
10.844506841115095 0.9973048543090138
10.944456212922608 1.0059958458304012
11.04440558473012 0.9911247080364285
11.144354956537633 1.0041922823938036
11.244304328345144 1.0028425001284347
11.344253700152658 0.9998788909122257
11.44420307196017 1.0013963633765435
11.544152443767683 1.001669123523247
11.644101815575194 0.9985411901059108
11.744051187382707 0.9986302244650577
11.844000559190219 1.0013170081081157
11.943949930997732 1.0045143205468992
12.043899302805244 0.998161291580961
12.143848674612757 0.9985346245034294
12.243798046420268 0.9976013216222583
12.343747418227782 1.0068097105107583
12.443696790035293 1.0010262525643394
12.543646161842807 1.0017245361084968
12.643595533650318 1.001908012892744
12.743544905457831 0.9982775177171779
12.843494277265343 1.0047873565014434
12.943443649072856 1.0016417848325392
13.043393020880368 0.9996228068118618
13.143342392687881 1.008800805607189
13.243291764495392 0.9958967137275578
13.343241136302906 1.0020214547394504
13.443190508110417 1.0007704021777792
13.54313987991793 0.9976565905973767
13.643089251725442 1.0062988256458372
13.743038623532955 0.996952627748947
13.842987995340467 0.9998195179881809
13.94293736714798 1.0034257078923405
14.042886738955492 1.0045237303704484
14.142836110763005 0.9947787349809956
14.242785482570516 0.9923630332062423
14.34273485437803 0.9950324896545456
14.442684226185541 1.0027550323997518
14.542633597993055 1.0073420427662443
14.642582969800566 0.9940317150413532
14.74253234160808 1.008120637499461
14.84248171341559 1.0041928436685041
14.942431085223104 1.0000511804906356
15.042380457030616 1.001328025672902
15.142329828838129 1.0034468151195324
15.24227920064564 0.9962574296975978
15.342228572453154 1.0047646736764924
15.442177944260665 1.001664213175887
15.542127316068179 0.9981938133374091
15.64207668787569 1.0016731631860114
15.742026059683203 0.9983816459656096
15.841975431490715 1.0029550768896418
15.941924803298228 1.004591149633074
16.04187417510574 0.9976868088685962
16.14182354691325 0.9977733177774017
16.241772918720766 1.001551630242489
16.341722290528278 0.9963678629592373
16.44167166233579 1.0033532159545737
16.5416210341433 0.9968253848024891
16.641570405950816 1.0013797890465874
16.741519777758327 0.999285230497525
16.84146914956584 1.0093809260477484
16.94141852137335 0.9961101757675144
17.041367893180865 0.99559400144967
17.141317264988377 1.001725893151401
17.24126663679589 1.0004750764906067
17.3412160086034 0.9991468535549513
17.441165380410915 1.0034639399019705
17.541114752218427 1.0065063192983905
17.641064124025938 1.0030001615058342
17.74101349583345 0.9946418285923491
17.840962867640965 0.9991105437046335
17.940912239448476 1.0025235718363847
18.040861611255988 1.0033979738561363
18.1408109830635 1.0000055303027262
18.240760354871014 0.9994583035261089
18.340709726678526 1.002650336694925
18.440659098486037 1.0038936705634995
18.54060847029355 0.9973080865309674
18.640557842101064 0.9980541863532485
18.740507213908575 1.0012847415318926
18.840456585716087 1.0068897800894772
18.9404059575236 1.0018566171692174
19.040355329331113 1.0029255731530893
19.140304701138625 0.9977299608181125
19.240254072946136 0.9987540734931181
19.340203444753648 0.9985463138933625
19.440152816561163 1.0022724019834977
19.540102188368675 1.0049009797804802
19.640051560176186 0.9971114403091649
19.740000931983698 0.9958137642745318
19.839950303791213 1.0006824343667307
19.939899675598724 1.004437525677047
20.039849047406236 0.9964746188920829
20.139798419213747 0.9989614568576226
20.239747791021262 1.0037052990817383
20.339697162828774 0.9988513743786833
20.439646534636285 1.0031208815268828
20.539595906443797 1.0010175347653327
20.639545278251312 0.9994874728363665
20.739494650058823 1.0026172820180914
20.839444021866335 1.0002537070651165
20.939393393673846 1.0044272972773143
21.03934276548136 0.9934999850646558
21.139292137288873 1.00200988769998
21.239241509096384 0.9985690768127871
21.339190880903896 0.9986303832335266
21.43914025271141 1.000015658479465
21.539089624518923 1.001055398460729
21.639038996326434 1.0006260546090633
21.738988368133946 0.9993582971233163
21.83893773994146 1.0007999470945246
21.938887111748972 1.0013332904382457
22.038836483556484 1.0023555199363803
22.138785855363995 0.9954926159397016
22.23873522717151 0.9977133532071337
22.33868459897902 1.0006626835688441
22.438633970786533 1.0054189994147582
22.538583342594045 0.9977340190546304
22.63853271440156 1.002133021273357
22.73848208620907 1.0012645109007687
22.838431458016583 0.9978122444495671
22.938380829824094 0.9993882190337852
23.03833020163161 1.001215470271092
23.13827957343912 1.0034169102294175
23.238228945246632 1.0003688160227822
23.338178317054144 0.9919339445525328
23.43812768886166 1.0032732314015433
23.53807706066917 1.0011214790501473
23.638026432476682 1.0006383450664043
23.737975804284194 1.0079853395141478
23.83792517609171 1.0010202164871969
23.93787454789922 0.996341688797999
24.03782391970673 0.9959637490701073
24.137773291514243 1.0055173414000802
24.237722663321758 1.000122627339908
24.33767203512927 0.9983271229607837
24.43762140693678 1.000477626230059
24.537570778744293 0.9958074938689352
24.637520150551808 1.0024534195422246
24.73746952235932 1.0032845087660212
24.83741889416683 1.0004332029246552
24.937368265974342 1.0029259362784408
25.037317637781857 1.0006606205046442
25.13726700958937 0.9991312451456734
25.23721638139688 1.002430275981375
25.337165753204392 0.9999842351618907
25.437115125011907 1.0037026199178989
25.53706449681942 0.9942766292050188
25.63701386862693 0.9960524614612105
25.73696324043444 1.0030528594093446
25.836912612241957 1.0002100332756003
25.936861984049468 1.0048893605439122
26.03681135585698 1.0024588364992215
26.13676072766449 1.0002905974875325
26.236710099472006 0.9957516639194995
26.336659471279518 0.9981498766384544
26.43660884308703 0.9975082678213892
26.53655821489454 1.0020920237218829
26.636507586702056 1.0031043406702893
26.736456958509567 1.0013694454827664
26.83640633031708 1.001467099762722
26.93635570212459 0.9995836607369337
27.036305073932105 1.0015817129867366
27.136254445739617 1.0008364262753289
27.23620381754713 1.001792084928014
27.33615318935464 0.9955856026146616
27.436102561162155 1.0000550950292073
27.536051932969666 1.002709110141369
27.636001304777178 1.0000333873674996
27.73595067658469 1.002362159332695
27.835900048392205 0.9991729832647344
27.935849420199716 0.9976216401452117
28.035798792007228 1.0006724674311127
28.13574816381474 1.006559689945922
28.235697535622254 1.0008348337795525
28.335646907429766 0.9960869678983127
28.435596279237277 1.0015082384514795
28.53554565104479 0.999693005395512
28.635495022852304 0.9947300700075089
28.735444394659815 1.0043848658534693
28.835393766467327 0.994543698895588
28.93534313827484 1.0012065967883543
29.035292510082353 1.0003193991877202
29.135241881889865 0.9999028471523934
29.235191253697376 1.001695060229816
29.335140625504888 1.0020999291263972
29.435089997312403 0.9942702596404253
29.535039369119914 0.9971236498678022
29.634988740927426 1.0043907063190498
29.734938112734937 0.9995419321624228
29.834887484542453 1.0007745026494255
29.934836856349964 1.0021140960859478
30.034786228157476 0.9992829357299076
30.134735599964987 0.9999052339190345
30.234684971772502 1.0003390849233231
30.334634343580014 1.0015662206013443
30.434583715387525 0.9985822082569243
30.534533087195037 1.0001286487064867
30.63448245900255 0.9942752898847055
30.734431830810063 1.0040462226803082
30.834381202617575 1.001746996698157
30.934330574425086 1.0007924083699367
31.0342799462326 1.002101589913215
31.134229318040113 1.0027715792642697
31.234178689847624 0.9981267400134481
31.334128061655136 1.0007023607081744
31.43407743346265 0.9988122303442606
31.534026805270162 0.9990212673458349
31.633976177077674 0.9982390248101743
31.733925548885185 1.0035249255121739
31.8338749206927 1.002483350847328
31.933824292500212 1.004581432099948
32.03377366430772 1.0035264911389146
32.133723036115235 0.9949871946197586
32.23367240792275 0.9998389571262226
32.33362177973026 1.0010656441095043
32.43357115153778 0.9992326416970165
32.53352052334529 0.9995563277728052
32.6334698951528 0.994730140971975
32.73341926696031 1.00239495532693
32.83336863876782 1.0009277956019254
32.933318010575334 0.9990827340358561
33.033267382382846 0.9985744643863067
33.13321675419036 0.9963791796496104
33.233166125997876 1.0052973274998138
33.33311549780539 1.0003084088473897
33.4330648696129 1.00290632187281
33.53301424142041 0.9978434689677527
33.63296361322792 0.9995416006141897
33.73291298503543 0.9970835138018246
33.832862356842945 0.9972991428452784
33.93281172865046 1.0003212837950164
34.032761100457975 0.9988807276144818
34.13271047226549 1.0023781582707272
34.232659844073 1.002792883398087
34.33260921588051 1.0039086278856553
34.43255858768802 0.997618592952064
34.53250795949553 0.9992654551943411
34.632457331303044 1.0013089569842986
34.732406703110556 0.9979766694828592
34.832356074918074 1.0035931378139602
34.932305446725586 0.9936333084566417
35.0322548185331 0.9970331777212937
35.13220419034061 1.0002626198302431
35.23215356214812 0.9996697345536594
35.33210293395563 1.0047362674745843
35.43205230576314 1.0023664240142076
35.532001677570655 0.9995617661145052
35.63195104937817 0.9966834646573814
35.731900421185685 0.9985227652281699
35.8318497929932 0.9986186575436307
35.93179916480071 1.002909269652297
36.03174853660822 0.999199218801079
36.13169790841573 0.9997919140273605
36.23164728022324 0.9986673164292388
36.331596652030754 1.0040355090723538
36.43154602383827 1.001193537184583
36.531495395645784 0.9998200687462743
36.631444767453296 0.9988308322160079
36.73139413926081 0.998786258588088
36.83134351106832 0.9968972886005809
36.93129288287583 1.0057833467641626
37.03124225468334 0.9965756321345063
37.13119162649085 0.9949651743097896
37.23114099829837 1.003927418638473
37.33109037010588 0.998829522889588
37.431039741913395 1.0027208327347126
37.530989113720906 1.0051347303063265
37.63093848552842 0.9969499862630652
37.73088785733593 0.9999079867939491
37.83083722914344 0.9995251309447574
37.93078660095095 0.998514584401355
38.03073597275847 0.9960578482742561
38.13068534456598 0.9993838974157858
38.230634716373494 1.0022829843401937
38.330584088181006 1.001753527720896
38.43053345998852 1.00133041172127
38.53048283179603 0.9993459464763804
38.63043220360354 0.9982305050927238
38.73038157541105 1.0050626487440342
38.83033094721857 1.0001108181528908
38.93028031902608 1.0053964679803216
39.03022969083359 0.995688977456862
39.130179062641105 0.9982053061732461
39.230128434448616 0.999308453700379
39.33007780625613 0.9963640453806809
39.43002717806364 1.0012489340840287
39.52997654987115 1.0018392040503952
39.62992592167867 0.9999754778438783
39.72987529348618 1.0024898000688403
39.82982466529369 0.9993478045567692
39.929774037101204 0.9991526381029355
40.029723408908715 1.004182798382933
40.12967278071623 0.9962852058754483
40.22962215252374 0.9966466494485686
40.32957152433125 1.000355824653353
40.42952089613877 1.0063113531712906
40.52947026794628 1.0021009888763086
40.62941963975379 1.0007984971930526
40.7293690115613 1.0016070663725603
40.829318383368815 0.9974391387475503
40.929267755176326 0.9944911399802396
41.02921712698384 1.0039897321543012
41.12916649879135 1.0001045066690093
41.22911587059887 0.9940044730497064
41.32906524240638 1.0020804022243002
41.42901461421389 0.9972477910818999
41.5289639860214 1.00462520581473
41.628913357828914 1.0051648575777485
41.728862729636425 0.9982926069603638
41.82881210144394 0.9959960267398852
41.92876147325145 1.0003754723196732
42.02871084505897 1.005599182215127
42.12866021686648 1.0000069359927364
42.22860958867399 1.0003927382903548
42.3285589604815 0.997428632763904
42.42850833228901 1.0021722085640055
42.528457704096525 0.998225637132765
42.628407075904036 0.9979147168328403
42.72835644771155 1.0020027514751153
42.828305819519066 1.0010400146324037
42.92825519132658 0.9997046444561641
43.02820456313409 0.9999236148012745
43.1281539349416 1.002147637726975
43.22810330674911 0.9964845857725005
43.328052678556624 1.0039310690879244
43.428002050364135 0.9996833089836952
43.52795142217165 1.0007594999969665
43.627900793979165 0.9978524168266719
43.72785016578668 1.0014041022555236
43.82779953759419 0.9995442728853878
43.9277489094017 0.999342255711383
44.02769828120921 0.9974654119340042
44.12764765301672 1.0012203494721261
44.227597024824234 1.0008598982782904
44.327546396631746 0.9946516946269075
44.427495768439265 1.0033397435540516
44.527445140246776 0.9987809795513471
44.62739451205429 1.0012064016411573
44.7273438838618 1.0009864809981717
44.82729325566931 1.0007260987028803
44.92724262747682 0.9998111797166076
45.027191999284334 0.9996135027913992
45.127141371091845 0.9995049164727808
45.227090742899364 0.9969909297901431
45.327040114706875 1.0015843645394862
45.42698948651439 0.9984634364709788
45.5269388583219 1.001080636448841
45.62688823012941 1.0027964327876826
45.72683760193692 1.002310865674473
45.82678697374443 1.0039064614500244
45.926736345551944 0.9983469743181448
46.02668571735946 1.0027292547226156
46.126635089166975 0.9928869912095113
46.226584460974486 1.0021478239975443
46.326533832782 1.0011199830101343
46.42648320458951 0.9974670210924075
46.52643257639702 1.0005834383379313
46.62638194820453 1.001608952031962
46.726331320012044 1.0003127516638022
46.82628069181956 1.001328797671496
46.926230063627074 0.9978839595130404
47.026179435434585 1.0039461444785207
47.1261288072421 0.9968273413792593
47.22607817904961 0.9991178161537301
47.32602755085712 1.0016004953263247
47.42597692266463 1.0022428399195829
47.52592629447214 0.9981471110464285
47.62587566627966 1.000666348667301
47.72582503808717 1.0009062380747127
47.825774409894684 1.0007289382366888
47.925723781702196 0.9972741296632051
48.02567315350971 0.9976245761718593
48.12562252531722 0.9963026492547048
48.22557189712473 1.0037582244470802
48.32552126893224 1.001111055182781
48.42547064073976 1.0003052783445368
48.52542001254727 1.0014990591292727
48.625369384354784 1.0006739656792916
48.725318756162295 0.996366363865188
48.82526812796981 1.0011320385746527
48.92521749977732 1.0007684058173083
49.02516687158483 1.0022522235181799
49.12511624339234 0.9930008743406352
49.22506561519986 0.9991094865650553
49.32501498700737 0.9986345288546588
49.42496435881488 0.9990152595137021
49.524913730622394 0.9991104386307196
49.624863102429906 1.0034782675754168
49.72481247423742 1.0002710242542432
49.82476184604493 1.0046136746355543
49.92471121785244 0.9988919681921589
50.02466058965996 0.9998936380644692
50.12460996146747 0.9949295297972554
50.22455933327498 1.0025930896611457
50.32450870508249 0.9963829419795706
50.424458076890005 0.9962763771172329
50.52440744869752 1.0031931744065072
50.62435682050503 1.0028691314676288
50.72430619231254 0.9985595359979061
50.82425556412006 1.0001466044183827
50.92420493592757 1.0024153638052593
51.02415430773508 1.000743042110755
51.12410367954259 1.0005463531595515
51.224053051350104 0.9983971890114731
51.324002423157616 0.9998191633037482
51.42395179496513 1.000693718094058
51.52390116677264 0.9979747277183425
51.62385053858016 1.002360695799688
51.72379991038767 1.0003570644757174
51.82374928219518 0.9969733540810789
51.92369865400269 0.9997054477303235
52.0236480258102 1.000396692617542
52.123597397617715 0.9994356075367469
52.223546769425226 0.9987881945336502
52.32349614123274 1.0060558083665219
52.42344551304026 1.0011508220823935
52.52339488484777 1.0009788085768325
52.62334425665528 0.9989817925370565
52.72329362846279 0.9997357079942711
52.8232430002703 0.9984921775594986
52.923192372077814 1.0025739141432726
53.023141743885326 0.9974757007617685
53.12309111569284 0.9971426863361013
53.223040487500356 0.9975339540276704
53.32298985930787 1.0001584622910085
53.42293923111538 1.0028327633092455
53.52288860292289 1.0016889574753294
53.6228379747304 0.9999406583710704
53.72278734653791 1.0029413008850863
53.822736718345425 1.0008372163032837
53.922686090152936 1.0027373720944108
54.022635461960455 0.9996343636999829
54.12258483376797 0.9981021438250817
54.22253420557548 0.993540978018458
54.32248357738299 1.0019529479249398
54.4224329491905 1.0009662066222818
54.52238232099801 0.9999684802996424
54.622331692805524 0.9973613225065918
54.722281064613036 1.0014127764850331
54.822230436420554 1.0014459780021903
54.922179808228066 0.99809654869579
55.02212918003558 1.0026937471091215
55.12207855184309 1.0009671041159325
55.2220279236506 0.9997465270065947
55.32197729545811 1.0015718081567297
55.42192666726562 1.001082407857311
55.521876039073135 0.998759263168969
55.62182541088065 0.9958194174482635
55.721774782688165 1.0001581766112788
55.821724154495676 1.0007302646683802
55.92167352630319 1.0011342050260363
56.0216228981107 0.9957145323195553
56.12157226991821 1.002368098133762
56.22152164172572 0.999868597353218
56.321471013533234 1.0000685790267194
56.42142038534075 1.0017730541348668
56.521369757148264 1.0006213700147732
56.621319128955776 0.9973598473194784
56.72126850076329 1.0009035679225666
56.8212178725708 0.9997454787498212
56.92116724437831 0.9977009269683978
57.02111661618582 1.0017885835383193
57.12106598799333 0.9976754323331997
57.22101535980085 1.0002600468139609
57.32096473160836 0.9993354135140196
57.420914103415875 1.0019035188903815
57.520863475223386 1.0018651022695821
57.6208128470309 0.9987270844307025
57.72076221883841 1.00094725782178
57.82071159064592 0.998698350638239
57.92066096245343 0.9986840581176561
58.02061033426095 0.9998956760791152
58.12055970606846 0.9999889635200813
58.220509077875974 0.999452870907633
58.320458449683485 1.0006478406988357
58.420407821491 0.9963510115092339
58.52035719329851 0.9987807301491815
58.62030656510602 1.0006226669644713
58.72025593691353 1.0018346273033993
58.82020530872105 1.0055917088294224
58.92015468052856 1.0020526303982427
59.02010405233607 0.9980893638796215
59.120053424143585 1.0000201475248325
59.220002795951096 0.9991927918401037
59.31995216775861 0.9968381442544384
59.41990153956612 1.0023656680662543
59.51985091137363 0.9995409579506705
59.61980028318115 1.0020496137041717
59.71974965498866 0.99469315328266
59.81969902679617 0.9987143866090953
59.919648398603684 1.0060883521923416
60.019597770411195 0.9979969523450496
60.11954714221871 0.9995249793268213
60.21949651402622 0.9989016823133804
60.31944588583373 1.002099464413145
60.41939525764125 0.9968310910801501
60.51934462944876 1.0003681653079082
60.61929400125627 0.9991346657473451
60.71924337306378 1.0005058622336216
60.819192744871295 0.9969023745710818
60.919142116678806 1.0039535750197262
61.01909148848632 0.9999300099938903
61.11904086029383 1.0014212031765835
61.21899023210135 1.0028901866160838
61.31893960390886 1.0002427156380733
61.41888897571637 1.0005205537212358
61.51883834752388 0.9979373034075162
61.618787719331394 0.999165521392978
61.718737091138905 0.9999683581172217
61.81868646294642 1.0021295053067056
61.91863583475393 0.9999760940118172
62.01858520656145 0.9975086803760158
62.11853457836896 1.0006929915026057
62.21848395017647 0.9999854719029038
62.31843332198398 0.9962608366202408
62.41838269379149 0.9993085457783129
62.518332065599004 1.0016078737107914
62.618281437406516 1.00236984929402
62.71823080921403 1.0012633018989083
62.818180181021546 0.9974141727647847
62.91812955282906 1.0004864591461853
63.01807892463657 0.9987059216449058
63.11802829644408 0.9970529596221976
63.21797766825159 1.0009802425464385
63.317927040059104 1.0019108292680288
63.417876411866615 0.9979882725826444
63.51782578367413 0.9983732894893389
63.617775155481645 0.9987445815809218
63.71772452728916 1.0011764481535232
63.81767389909667 0.998938899254399
63.91762327090418 0.9994362803129024
64.0175726427117 1.000665883209315
64.11752201451921 1.0017550603429086
64.21747138632672 0.9998735566129875
64.31742075813423 0.997209778405168
64.41737012994174 0.9990861474819595
64.51731950174926 1.0024252257321777
64.61726887355677 0.9991045037830305
64.71721824536428 1.000185999552338
64.81716761717179 0.9997123519931808
64.9171169889793 0.9983530287333617
65.01706636078681 0.9978754914359527
65.11701573259433 1.000215677662857
65.21696510440184 0.9981903851138919
65.31691447620935 1.0020466097639011
65.41686384801686 0.9996595835600017
65.51681321982437 0.9995401620843193
65.6167625916319 0.9973462320954437
65.71671196343941 0.9999404814778766
65.81666133524692 1.0007768328737325
65.91661070705443 1.0020736594564494
66.01656007886194 1.00269922407281
66.11650945066945 1.000878362743205
66.21645882247697 1.0009828089051185
66.31640819428448 0.9994901763089391
66.41635756609199 0.9984056213185218
66.5163069378995 1.0016094652008118
66.61625630970701 0.9994333959557729
66.71620568151452 0.9975065006866534
66.81615505332203 0.9986080489709888
66.91610442512955 0.9999284053840649
67.01605379693706 0.999858776219093
67.11600316874457 1.0033956188394724
67.2159525405521 1.000794092322032
67.3159019123596 0.9998364265945933
67.41585128416712 1.006298248847322
67.51580065597463 0.9942660752168889
67.61575002778214 0.9981539952938715
67.71569939958965 0.9975938831060701
67.81564877139716 1.000886248787142
67.91559814320468 1.0009997933158081
68.01554751501219 0.9990527796873181
68.1154968868197 1.0002206593157592
68.21544625862721 1.0025639398998822
68.31539563043472 0.9972395106642279
68.41534500224223 0.9991341988436122
68.51529437404974 1.0028671354593328
68.61524374585726 0.9999133095528868
68.71519311766477 0.9971998092783158
68.8151424894723 1.0003793656947857
68.9150918612798 0.999506140436711
69.01504123308732 0.9977471497957652
69.11499060489483 1.001580257952692
69.21493997670234 1.0020856042957533
69.31488934850985 0.99923163877653
69.41483872031736 0.998148425677005
69.51478809212487 0.9980533163483396
69.61473746393239 1.0014924867313988
69.7146868357399 0.9965505563152267
69.81463620754741 0.9997045293966551
69.91458557935492 1.0025609921255114
70.01453495116243 1.000856865849642
70.11448432296994 0.9982491663337842
70.21443369477745 1.0030609693460344
70.31438306658497 0.9980683731329071
70.41433243839249 0.9971981755820826
70.5142818102 0.999205890052595
70.61423118200752 1.0023241492655823
70.71418055381503 1.0011776550109612
70.81412992562254 0.9985465463110444
70.91407929743005 1.003553715878211
71.01402866923756 0.9965317391171474
71.11397804104507 1.0013821201038415
71.21392741285258 0.9984971735170278
71.3138767846601 0.999356671652749
71.41382615646761 0.9980917774055941
71.51377552827512 0.998107026811464
71.61372490008263 1.002165359869378
71.71367427189014 1.0011941971218623
71.81362364369765 1.0007283358232777
71.91357301550516 1.0022344635191267
72.01352238731269 0.9979762611816376
72.1134717591202 1.0005824105676042
72.21342113092771 1.0005462884947776
72.31337050273522 1.0012332631740497
72.41331987454274 0.9941082916376216
72.51326924635025 1.0012729809961565
72.61321861815776 1.0011228059811101
72.71316798996527 1.000575209500103
72.81311736177278 0.9992381847833565
72.9130667335803 0.9996992715465217
73.0130161053878 0.9969276991702558
73.11296547719532 1.004436315711071
73.21291484900283 0.9996757504155758
73.31286422081034 0.9993264660848175
73.41281359261785 1.0002723285867299
73.51276296442536 0.9997137938291316
73.61271233623289 1.0009017192367238
73.7126617080404 0.9976543719213071
73.81261107984791 0.9980976021518436
73.91256045165542 1.0017424749494825
74.01250982346293 0.9987187093167119
74.11245919527045 1.0023923037878844
74.21240856707796 0.9988894552418011
74.31235793888547 0.99963517641294
74.41230731069298 0.9998403505552955
74.51225668250049 1.0020502287222364
74.612206054308 0.9995056451965069
74.71215542611552 0.9968719604908521
74.81210479792303 0.9992436776174584
74.91205416973054 0.9988528280263927
75.01200354153805 0.9998888347233927
75.11195291334556 0.9995052334127619
75.21190228515309 0.9986180620618834
75.3118516569606 1.001613076486125
75.41180102876811 1.0006832321804537
75.51175040057562 1.0016502116989834
75.61169977238313 1.0021583424368272
75.71164914419064 1.0023917176002726
75.81159851599816 0.9990047680745517
75.91154788780567 1.002304244143209
76.01149725961318 0.9984863903575234
76.11144663142069 0.9992463958580373
76.2113960032282 1.0029121465634514
76.31134537503571 0.9966149435030194
76.41129474684323 0.9982948156734248
76.51124411865074 0.9970704870020097
76.61119349045825 1.0010732898668577
76.71114286226576 1.000464346606234
76.81109223407329 1.0024172422587747
76.9110416058808 0.9997722553808286
77.01099097768831 1.000432114296997
77.11094034949582 0.9991250528254453
77.21088972130333 0.9998802839799352
77.31083909311084 0.9995899913540065
77.41078846491835 1.0016694500344014
77.51073783672587 0.9991691536084896
77.61068720853338 0.9987680536254379
77.71063658034089 0.9989280681567383
77.8105859521484 1.002310832126094
77.91053532395591 1.0001699935292823
78.01048469576342 0.9994294656493823
78.11043406757094 0.9981234238984809
78.21038343937845 0.999844165472819
78.31033281118596 0.9980088575331247
78.41028218299348 1.0006832187225378
78.510231554801 0.9985946084495128
78.6101809266085 0.999600403233175
78.71013029841602 0.9991335510890489
78.81007967022353 1.0012810597366277
78.91002904203104 0.9998076556198798
79.00997841383855 1.0005515443039017
79.10992778564606 1.000552157534472
79.20987715745358 1.0004321512590217
79.30982652926109 0.9998673926937086
79.4097759010686 1.000099467176683
79.50972527287611 1.0016160356005932
79.60967464468362 0.9976015665451532
79.70962401649113 1.0002128668863097
79.80957338829865 1.0010984347742597
79.90952276010616 0.9976310629816029
80.00947213191368 0.9993833844305372
80.1094215037212 0.9976428745561169
80.2093708755287 1.0006779171338345
80.30932024733622 1.001362422371563
80.40926961914373 1.0008933435727523
80.50921899095124 1.001279203537898
80.60916836275875 1.00068628233822
80.70911773456626 0.9999369931711356
80.80906710637377 1.0009597377565642
80.90901647818129 1.0001168380684173
81.0089658499888 0.9998132969667219
81.10891522179631 0.9994025262422882
81.20886459360382 0.9984862227664962
81.30881396541133 0.9984208140590578
81.40876333721884 0.9984729259771263
81.50871270902636 1.0021032572383528
81.60866208083388 0.9989019683827587
81.70861145264139 0.9995736755838979
81.8085608244489 0.9986509036782624
81.90851019625642 1.0002803505614835
82.00845956806393 1.0013394973808487
82.10840893987144 1.0002595669207448
82.20835831167895 1.002426696092994
82.30830768348646 1.0012706832700096
82.40825705529397 1.001408879579817
82.50820642710148 0.9988898624561394
82.608155798909 0.9998241340241962
82.70810517071651 0.9983623932501897
82.80805454252402 0.9988655878130291
82.90800391433153 1.0020596515291202
83.00795328613904 0.9962235394320335
83.10790265794655 0.9987776213372774
83.20785202975408 0.9984518152717601
83.30780140156159 1.002309598362818
83.4077507733691 0.9991102941462187
83.50770014517661 0.9983752898427252
83.60764951698413 0.99860701858221
83.70759888879164 1.002569839532839
83.80754826059915 1.0019125063395413
83.90749763240666 1.0027875918580167
84.00744700421417 1.0035500246307905
84.10739637602168 0.9965830671290575
84.2073457478292 0.9999543224014226
84.3072951196367 0.9958160913443443
84.40724449144422 0.9995009783981321
84.50719386325173 1.0000335350208642
84.60714323505924 1.0003609437581606
84.70709260686675 1.001702692048342
84.80704197867428 0.9989105094737033
84.90699135048179 0.9981690993113648
85.0069407222893 1.002686899101395
85.10689009409681 0.9982413204634655
85.20683946590432 1.003798085980379
85.30678883771184 1.004345504468508
85.40673820951935 0.9989658365132782
85.50668758132686 0.9963083314316645
85.60663695313437 0.9975477081721258
85.70658632494188 0.9993322791934225
85.80653569674939 0.9996744858025766
85.9064850685569 0.999450550603091
86.00643444036442 1.0001559404951084
86.10638381217193 1.000246345388342
86.20633318397944 1.0012046986000545
86.30628255578695 1.000654077670967
86.40623192759448 1.0016465995412265
86.50618129940199 1.0005077029756217
86.6061306712095 0.999638034698854
86.70608004301701 0.9980725020995155
86.80602941482452 0.9976754082599235
86.90597878663203 0.9991298244958899
87.00592815843954 1.0024812247482175
87.10587753024706 1.0009409426740576
87.20582690205457 0.9983481697780046
87.30577627386208 1.0007131769867388
87.40572564566959 0.9999969733735319
87.5056750174771 1.0000133255089998
87.60562438928461 0.9996630827616294
87.70557376109213 0.9972892783406063
87.80552313289964 1.0021204842176454
87.90547250470715 1.0016935635977997
88.00542187651467 1.0001065916006222
88.10537124832219 0.9983726093110378
88.2053206201297 0.9983846547705217
88.30526999193721 1.0005214903102964
88.40521936374472 0.9995434205497258
88.50516873555223 1.000225791935157
88.60511810735974 1.0018231638617543
88.70506747916725 0.9984115645045956
88.80501685097477 0.9962149931880228
88.90496622278228 0.9977189478044255
89.00491559458979 0.999905332817033
89.1048649663973 1.002372742150601
89.20481433820481 1.003183445764729
89.30476371001232 1.0000339462524235
89.40471308181984 1.002736348683851
89.50466245362735 0.9972667585887635
89.60461182543487 0.9992761151693738
89.70456119724238 0.9973047452392079
89.8045105690499 1.000400065151826
89.90445994085741 1.000654640026712
90.00440931266492 1.0003985309285748
90.10435868447243 0.994761759951485
90.20430805627994 0.9995761498503919
90.30425742808745 1.0035364264499662
90.40420679989496 0.9980264356720365
90.50415617170248 1.0032523295950517
90.60410554350999 0.9999604553539969
90.7040549153175 1.0009944904936188
90.80400428712501 1.0011231358657129
90.90395365893252 0.9996136680451876
91.00390303074003 0.9989707339476777
91.10385240254755 0.9999110117647131
91.20380177435507 0.9990480096989997
91.30375114616258 0.9973701144094136
91.4037005179701 1.0007131736627304
91.5036498897776 1.0021143962891095
91.60359926158512 1.0012266819383153
91.70354863339263 1.000948648458425
91.80349800520014 0.9984799357765953
91.90344737700765 0.9992970572719716
92.00339674881516 0.9997287521540419
92.10334612062267 1.0012631113318762
92.20329549243019 1.0002036363418312
92.3032448642377 0.9986461666703431
92.40319423604521 1.0008688975720161
92.50314360785272 1.0003153598562635
92.60309297966023 0.9996971009939657
92.70304235146774 1.0015107138644466
92.80299172327527 0.997881191136716
92.90294109508278 0.998433065939822
93.00289046689029 0.9991349950988108
93.1028398386978 1.0009214697643194
93.20278921050532 1.0029205209404233
93.30273858231283 1.0019400211012321
93.40268795412034 0.9977224456256166
93.50263732592785 0.9967410834283156
93.60258669773536 1.0002331051527584
93.70253606954287 0.999276649086532
93.80248544135038 0.9990550123371956
93.9024348131579 1.001852292023511
94.00238418496541 1.0000643053166662
94.10233355677292 1.0037485917410036
94.20228292858043 1.0009904314618683
94.30223230038794 1.00009554064926
94.40218167219547 1.0002652151815545
94.50213104400298 1.0000778736571474
94.60208041581049 0.9979299834997487
94.702029787618 0.9997015745437541
94.80197915942551 1.0002236785227416
94.90192853123303 0.9961528408502786
95.00187790304054 0.9998929571189424
95.10182727484805 1.001392719734901
95.20177664665556 1.0014843398058948
95.30172601846307 1.000506419185973
95.40167539027058 1.0004263014881196
95.5016247620781 0.9979203431130587
95.6015741338856 0.9991339494269678
95.70152350569312 1.001088219173938
95.80147287750063 1.0013374868080311
95.90142224930814 1.000664708004575
96.00137162111567 0.9963608207548901
96.10132099292318 1.0020435164432278
96.20127036473069 1.001700389044075
96.3012197365382 0.9964112066407151
96.40116910834571 0.9991469804945201
96.50111848015322 1.0000399867341379
96.60106785196074 1.0003349798592418
96.70101722376825 0.9975363506031448
96.80096659557576 0.9999416344226292
96.90091596738327 1.0010410245064032
97.00086533919078 0.9986826039633959
97.10081471099829 1.0040228996675866
97.2007640828058 0.9992990452793011
97.30071345461332 0.9993608365668118
97.40066282642083 1.0015123854370638
97.50061219822834 1.0006762568240593
97.60056157003586 0.9984088376741094
97.70051094184338 0.9975667292387508
97.80046031365089 0.999648903243537
97.9004096854584 1.0008485127393347
98.00035905726591 1.0006943444522007
98.10030842907342 1.0028562431475907
98.20025780088093 1.000468026320451
98.30020717268845 1.0004092087735366
98.40015654449596 0.9992662865647819
98.50010591630347 0.9997476754530298
98.60005528811098 0.9981582425821263
98.70000465991849 1.0004709067760467
98.799954031726 0.9996683171749897
98.89990340353351 0.9985480196500673
98.99985277534103 1.0019899184249028
99.09980214714854 0.9975514555431642
99.19975151895606 0.9997594436709324
99.29970089076357 1.001195938530049
99.39965026257109 0.9997486629706651
99.4995996343786 0.9988510860248389
99.59954900618611 1.0024744660705598
99.69949837799362 0.9977214885289342
99.79944774980113 1.0011791866691004
99.89939712160864 1.0005016116758065
99.99934649341616 1.0024289095946928
100.09929586522367 0.9995932870470892
100.19924523703118 0.9992133216615644
100.29919460883869 0.9982996196772335
100.3991439806462 0.9998460757969668
100.49909335245371 0.999031269538373
100.59904272426122 1.0022623242197644
100.69899209606874 0.9981839831615141
100.79894146787626 1.002065060143781
100.89889083968377 1.0007489003504668
100.99884021149128 1.0005205772399313
101.0987895832988 0.9991822959430484
101.19873895510631 1.0010880548404102
101.29868832691382 0.999743994830146
101.39863769872133 0.9982089028979791
101.49858707052884 0.9988078488849671
101.59853644233635 0.9977808469719515
101.69848581414387 1.0008894737709653
101.79843518595138 0.9979879829115229
101.89838455775889 1.00123615924386
101.9983339295664 1.0001145318481375
102.09828330137391 1.003845550267324
102.19823267318142 0.9998280866273244
102.29818204498893 0.9989134783238685
102.39813141679646 1.0017872342723053
102.49808078860397 0.9987260154971133
102.59803016041148 0.9985239156864335
102.697979532219 0.9991310653302368
102.7979289040265 0.9997447793996279
102.89787827583402 1.0021420968140327
102.99782764764153 1.0001312127365705
103.09777701944904 0.9993727066335503
103.19772639125655 0.9985308040086419
103.29767576306406 0.9991498373832869
103.39762513487157 1.0010972341864368
103.49757450667909 1.0023613461683551
103.5975238784866 0.998909369736968
103.69747325029411 0.9991596721649779
103.79742262210162 1.00017654223444
103.89737199390913 1.002494185878427
103.99732136571666 1.0015638872993564
104.09727073752417 1.0010407405017792
104.19722010933168 0.9999200471956806
104.29716948113919 0.9981526336703039
104.3971188529467 1.0021058882258267
104.49706822475422 1.0008451679407073
104.59701759656173 0.9979553818315603
104.69696696836924 0.997687093152441
104.79691634017675 0.999645336854663
104.89686571198426 1.00098758064409
104.99681508379177 0.9988062870091913
105.09676445559928 1.0000659686602889
105.1967138274068 0.9999987749772433
105.29666319921431 0.9985404328959426
105.39661257102182 1.0002399574945249
105.49656194282933 1.0011035810698126
105.59651131463686 1.0026743120632957
105.69646068644437 0.9993207202968584
105.79641005825188 1.0021118178958572
105.89635943005939 0.9980007105329315
105.9963088018669 1.0018694268017019
106.09625817367441 0.9990245140542566
106.19620754548193 1.0003984018812397
106.29615691728944 0.998998337806464
106.39610628909695 1.0001052643794144
106.49605566090446 0.9982869483844454
106.59600503271197 1.0010954243670782
106.69595440451948 1.0001999153940835
106.795903776327 0.9999720746173734
106.8958531481345 0.9996751437164676
106.99580251994202 1.0012291474551913
107.09575189174953 0.9988500044288087
107.19570126355705 1.0015877765799166
107.29565063536457 0.9998113117817612
107.39560000717208 0.9999360108243572
107.49554937897959 0.9989124531455522
107.5954987507871 1.0013736040857888
107.69544812259461 0.9999587902945279
107.79539749440212 1.0013902137443655
107.89534686620964 0.9990088751786051
107.99529623801715 0.9993818264620011
108.09524560982466 0.9996411500634946
108.19519498163217 0.9980995618191645
108.29514435343968 1.0013101628556353
108.3950937252472 0.9972529418397988
108.4950430970547 0.9992108828551259
108.59499246886222 1.0045573184337022
108.69494184066973 0.9996317594474741
108.79489121247725 1.0000257913085586
108.89484058428476 0.9988373922277921
108.99478995609228 1.0011014414394397
109.09473932789979 1.0020866177660932
109.1946886997073 1.0014270040706654
109.29463807151481 0.997565760430571
109.39458744332232 0.999196786059319
109.49453681512983 1.000347345866748
109.59448618693735 1.001958330219889
109.69443555874486 0.9996010138461084
109.79438493055237 1.0006175358699234
109.89433430235988 0.9976885467512856
109.99428367416739 0.9960919126190134
110.0942330459749 1.0011249030162197
110.19418241778241 1.0015149853813505
110.29413178958993 1.000645904583869
110.39408116139745 1.002533435796819
110.49403053320496 0.9993616100512596
110.59397990501247 1.0022043713552877
110.69392927681999 1.001951576014221
110.7938786486275 0.9983768552207561
110.89382802043501 0.9976732547811442
110.99377739224252 0.9994671864717751
111.09372676405003 1.0015039476550964
111.19367613585754 0.9980379525469649
111.29362550766506 0.9985795691248429
111.39357487947257 1.000997605434292
111.49352425128008 0.9991647781397197
111.59347362308759 0.9980772352151557
111.6934229948951 1.0003941864342965
111.79337236670261 1.0031129412518722
111.89332173851012 1.0009954091716717
111.99327111031765 0.9998034774703031
112.09322048212516 0.9988812108703695
112.19316985393267 1.0001486721930093
112.29311922574018 1.0011846282685268
112.3930685975477 0.9986791684753578
112.49301796935521 1.001250423155639
112.59296734116272 1.00094381094933
112.69291671297023 0.99998305069094
112.79286608477774 1.0005228032583553
112.89281545658525 0.9982570516072602
112.99276482839277 1.0010686245266507
113.09271420020028 0.9990269834310352
113.19266357200779 0.9997368302955333
113.2926129438153 0.9994638999530617
113.39256231562281 0.9990580436093462
113.49251168743032 1.0013631252057187
113.59246105923785 0.9990404987896081
113.69241043104536 1.0018527554057566
113.79235980285287 1.0011570273434467
113.89230917466038 0.9996026741846072
113.9922585464679 0.9992034876387883
114.0922079182754 0.9994446845491417
114.19215729008292 0.9968849334091546
114.29210666189043 0.9999676097949189
114.39205603369794 1.0008756744585245
114.49200540550545 1.0014274994970016
114.59195477731296 0.9978744464860038
114.69190414912048 0.9996358128689457
114.79185352092799 1.0000254397907689
114.8918028927355 1.0002757927030714
114.99175226454301 1.001319637392358
115.09170163635052 1.0016975632402527
115.19165100815805 1.0012615487150835
115.29160037996556 0.9985473845560916
115.39154975177307 0.9996282085655039
115.49149912358058 1.0010840240824228
115.5914484953881 0.9978811280814477
115.6913978671956 1.0006228547062657
115.79134723900312 0.9981180671235494
115.89129661081063 1.0006281489398654
115.99124598261814 0.9996469320451126
116.09119535442565 1.0019296266457156
116.19114472623316 0.9981052694404169
116.29109409804067 0.9995135875953193
116.39104346984819 1.001530575405417
116.4909928416557 1.0024642237780048
116.59094221346321 0.9999909696920182
116.69089158527072 1.0007060025243977
116.79084095707825 0.9999859428047371
116.89079032888576 1.0005113112706496
116.99073970069327 1.0006841657349732
117.09068907250078 0.9972823663134692
117.19063844430829 0.9979513676170785
117.2905878161158 0.9998569218569004
117.39053718792331 0.998205306173246
117.49048655973083 0.999897329840382
117.59043593153834 1.0022793526112286
117.69038530334585 1.0023256526033515
117.79033467515336 0.9997087178598173
117.89028404696087 1.0009097244617706
117.99023341876838 1.0000258667321458
118.0901827905759 0.9986962780831737
118.1901321623834 0.9983838914373517
118.29008153419092 1.0035104571070073
118.39003090599844 0.9992648680103507
118.48998027780596 1.0012530559778317
118.58992964961347 1.0002637212726029
118.68987902142098 0.9971004081534297
118.78982839322849 1.00266001592064
118.889777765036 1.000906329234968
118.98972713684351 1.000043280908563
119.08967650865102 0.9995449284791452
119.18962588045854 0.9994370741742447
119.28957525226605 1.0004618116658515
119.38952462407356 0.9999021188908086
119.48947399588107 0.9984305091587259
119.58942336768858 0.9989519798361477
119.6893727394961 1.0007630742243203
119.7893221113036 1.001277297469877
119.88927148311112 1.0012527469447796
119.98922085491864 1.0030949996381768
120.08917022672615 0.9980059522852495
120.18911959853367 0.9988100222192421
120.28906897034118 0.998741271278952
120.38901834214869 0.999662436388726
120.4889677139562 0.9998772316623953
120.58891708576371 1.0019821617286302
120.68886645757122 0.9993404019623521
120.78881582937873 0.9994516638829885
120.88876520118625 1.0012663299012936
120.98871457299376 1.0009831747696805
121.08866394480127 0.9985767091598451
121.18861331660878 1.0003350489667093
121.28856268841629 0.9989527424282704
121.3885120602238 0.9987445729936971
121.48846143203131 1.000467851782096
121.58841080383884 0.9999029969097158
121.68836017564635 0.9999475466642057
121.78830954745386 0.998991802464423
121.88825891926138 1.0027298008315586
121.98820829106889 1.001129377578165
122.0881576628764 0.9998228610553475
122.18810703468391 1.0001257621856645
122.28805640649142 1.0013483435936972
122.38800577829893 1.002395451919152
122.48795515010644 0.9991984855545943
122.58790452191396 0.9981803087123226
122.68785389372147 0.9988791711607651
122.78780326552898 0.9983449022979701
122.88775263733649 0.9985479378044027
122.987702009144 1.0017544111290622
123.08765138095151 1.0031035639791561
123.18760075275904 1.0010229128465251
123.28755012456655 1.0008679347673466
123.38749949637406 0.9993409416881016
123.48744886818157 1.000197674644758
123.58739823998908 0.997288615152409
123.6873476117966 1.0004886968496376
123.78729698360411 0.9987053809842509
123.88724635541162 1.0016485174951761
123.98719572721913 1.001600933820396
124.08714509902664 0.9984222824024724
124.18709447083415 0.9984393460050829
124.28704384264167 0.9983965932051312
124.38699321444918 1.0001269341408143
124.48694258625669 1.000434657071687
124.5868919580642 0.9996107602723113
124.68684132987171 1.000442008037188
124.78679070167924 1.0032859738731341
124.88674007348675 1.0000498230068153
124.98668944529426 0.9984432236063256
125.08663881710177 1.0016638698635467
125.18658818890928 0.9996896713521997
125.2865375607168 0.9996801547134071
125.3864869325243 0.9972683161958068
125.48643630433182 0.9986354352449421
125.58638567613933 1.0018177538563648
125.68633504794684 0.9995598891838507
125.78628441975435 1.0018734794216682
125.88623379156186 0.9995369362741354
125.98618316336938 0.9982784264127211
126.08613253517689 1.0026734384452731
126.1860819069844 0.9999569310990166
126.28603127879191 1.0011934795297173
126.38598065059944 0.9980435688411041
126.48593002240695 0.9992440055923905
126.58587939421446 1.0017591749902517
126.68582876602197 0.9985890398615986
126.78577813782948 1.001820833321092
126.885727509637 0.9999085048427745
126.9856768814445 0.9984840530859683
127.08562625325202 1.002595830421811
127.18557562505953 0.9987718507221108
127.28552499686704 1.000550064613757
127.38547436867455 0.9964232669032995
127.48542374048206 1.0027574815157478
127.58537311228957 1.0008174638757563
127.68532248409709 1.0015160081301515
127.7852718559046 1.001598707951482
127.88522122771211 0.9980662093959165
127.98517059951963 0.9994246767961542
128.08511997132715 0.9985701981314202
128.18506934313464 1.0004603137366466
128.28501871494217 0.9971217631186877
128.38496808674967 0.9995971375631099
128.4849174585572 1.0021141029826237
128.5848668303647 1.0020988180397346
128.68481620217221 0.9996458639969604
128.78476557397974 1.0025051973357029
128.88471494578724 1.001081187965768
128.98466431759476 0.997391963647793
129.08461368940226 0.998301463586155
129.1845630612098 0.9998936606399392
129.28451243301728 0.9990241659616357
129.3844618048248 1.0010051227971926
129.4844111766323 0.9987403277939598
129.58436054843983 0.9993995166609451
129.68430992024733 1.002503198531868
129.78425929205486 1.0021789790515723
129.88420866386235 1.0010338513483332
129.98415803566988 1.0006806343525583
130.08410740747738 0.9993180801444586
130.1840567792849 0.9985161932532189
130.2840061510924 0.9999847896201219
130.38395552289992 0.99896175485444
130.48390489470745 1.0012535277833354
130.58385426651495 0.9991783286838076
130.68380363832247 1.0002723202921096
130.78375301012997 1.0005772917451174
130.8837023819375 1.0013583064099028
130.983651753745 0.9999802787731845
131.08360112555252 1.000837492642219
131.18355049736002 0.9991059025598461
131.28349986916754 1.0002252748544818
131.38344924097504 0.9982200471624137
131.48339861278257 1.0012357335777047
131.58334798459006 1.000910859030637
131.6832973563976 0.9991152462706917
131.78324672820509 0.9988710131945883
131.8831961000126 0.9992791454498207
131.98314547182014 1.0014863316129121
132.08309484362763 1.0013192208651873
132.18304421543516 0.9994397385679179
132.28299358724266 0.9997499076720545
132.38294295905018 1.001098060691125
132.48289233085768 0.9976364475011618
132.5828417026652 1.0013321687502397
132.6827910744727 1.0010679194570786
132.78274044628023 0.9978180131206911
132.88268981808773 1.0006085180404811
132.98263918989525 0.9994553291224966
133.08258856170275 1.001672067334573
133.18253793351028 1.0009063945693348
133.28248730531777 0.9992836613100128
133.3824366771253 1.0002002425082874
133.4823860489328 1.0003181740871405
133.58233542074032 0.9992796498499544
133.68228479254785 1.0003391013303384
133.78223416435534 1.000996249104608
133.88218353616287 0.9983598408340791
133.98213290797037 0.9996295536948594
134.0820822797779 1.0000739725675014
134.1820316515854 1.0004188366137032
134.28198102339292 1.0000457603102932
134.3819303952004 0.9977575735030848
134.48187976700794 0.9995874209003506
134.58182913881544 1.0001524835154376
134.68177851062296 1.001723641133094
134.78172788243046 1.0014809381475254
134.88167725423799 1.0002252830933673
134.98162662604548 0.9997933335631963
135.081575997853 0.9984248690121286
135.18152536966053 0.9996224081480342
135.28147474146803 0.9990976959636004
135.38142411327556 1.000341978438858
135.48137348508305 1.001394413044365
135.58132285689058 1.000331258389992
135.68127222869808 1.0001244421854978
135.7812216005056 0.9988390131046551
135.8811709723131 0.9990886763894975
135.98112034412063 1.0015043453673178
136.08106971592812 0.9992007524956912
136.18101908773565 0.9991436354709241
136.28096845954315 1.0005841474316177
136.38091783135067 0.9979029383786447
136.48086720315817 1.0033791155818588
136.5808165749657 1.0002936737809442
136.6807659467732 0.998505914558985
136.78071531858072 1.0015908656470964
136.88066469038824 1.0004504108049386
