r/sigma_0 g(r)

0.0499746859037562 0.0
0.1499240577112686 0.0
0.249873429518781 0.0
0.3498228013262934 0.0
0.4497721731338058 0.0
0.5497215449413182 0.0
0.6496709167488306 0.0
0.749620288556343 0.0
0.8495696603638554 0.0
0.9495190321713678 0.0
1.0494684039788802 1.780295538905241
1.1494177757863926 1.5603753846983326
1.249367147593905 1.3902995474138116
1.3493165194014174 1.2709894003604745
1.4492658912089298 1.1633746509206746
1.5492152630164422 1.0441208188332858
1.6491646348239546 0.9716680171406111
1.749114006631467 0.9202408332494563
1.8490633784389794 0.905088363924545
1.9490127502464918 0.9273021016129026
2.048962122054004 0.9552496936943916
2.1489114938615166 0.9809680126057442
2.248860865669029 1.0166735082734903
2.3488102374765414 1.0443686683635276
2.448759609284054 1.031653808939062
2.548708981091566 1.0249343493157588
2.6486583528990786 1.0156158534230648
2.748607724706591 1.0136373809813317
2.8485570965141034 1.0012698347510645
2.948506468321616 0.9971215176710263
3.048455840129128 0.9915911185514729
3.1484052119366406 0.9931553995919294
3.248354583744153 1.0007509641107
3.3483039555516654 1.0036921866356394
3.4482533273591778 0.9979198598203897
3.54820269916669 1.0152856204927467
3.6481520709742026 1.0159864520224209
3.748101442781715 0.9721829786601289
3.8480508145892274 0.9965884763887166
3.9480001863967398 1.0026838561286717
4.047949558204252 0.9958902812068303
4.147898930011765 1.0045239580658851
4.2478483018192765 0.9958200910541833
4.34779767362679 0.9966725064396231
4.447747045434301 1.0050645735503663
4.547696417241815 0.9972728517597791
4.647645789049326 1.0025501348786439
4.747595160856839 1.003077281926478
4.847544532664351 1.0061010916818385
4.947493904471864 1.00363854481069
5.047443276279376 0.9978032702490716
5.147392648086889 1.0026610136900025
5.2473420198944005 0.9970666549425548
5.347291391701914 1.0058263291478944
5.447240763509425 1.0054948472300533
5.547190135316939 0.9861339125284236
5.64713950712445 1.000872430527659
5.747088878931963 1.0049390092277333
5.847038250739475 1.0075048825013018
5.946987622546988 1.0041384505574908
6.0469369943545 1.0030338551476192
6.146886366162013 0.9953162119203077
6.2468357379695245 0.9892475160131583
6.346785109777038 1.0064938104536867
6.446734481584549 0.9970231355616482
6.546683853392063 1.0055164181635123
6.646633225199574 1.0042911197939135
6.746582597007087 0.9976735738762722
6.846531968814599 1.0084988073880752
6.946481340622112 1.0087352900057398
7.046430712429624 0.9981180021025584
7.146380084237137 0.9944451612731399
7.2463294560446485 0.9920456215799878
7.346278827852162 0.9960695738371613
7.446228199659673 1.0025160266214717
7.546177571467187 0.9981002928175287
7.646126943274698 1.0090374367218133
7.746076315082211 1.0043431561371268
7.846025686889723 1.0013920798486202
7.945975058697236 1.004226580665328
8.045924430504748 1.0081781091892048
8.145873802312261 0.9964920057271941
8.245823174119773 1.0011173790380492
8.345772545927286 1.0000034278468761
8.445721917734797 1.0001413517497617
8.54567128954231 0.9938785559237716
8.645620661349822 1.0066083794891239
8.745570033157335 0.9987154513791542
8.845519404964847 1.0007218842269787
8.94546877677236 0.999064005939971
9.045418148579872 0.9980882459285916
9.145367520387385 1.0107148688331653
9.245316892194896 1.0024865503754163
9.34526626400241 0.9992904015882884
9.445215635809921 1.0041417562161712
9.545165007617435 0.9998552514918483
9.645114379424946 1.0002252015349982
9.74506375123246 1.0051083308143143
9.845013123039971 1.0030991313323874
9.944962494847484 0.9916567401925065
10.044911866654996 0.9993063669778038
10.144861238462509 1.0052356442688009
10.24481061027002 1.000402241927865
10.344759982077534 1.0014345654812304
10.444709353885045 0.9978480509700562
10.544658725692559 1.0068382415349462
10.64460809750007 1.003168612203383
10.744557469307583 1.0039391885272686
10.844506841115095 1.0059926051747308
10.944456212922608 1.0016795159707423
11.04440558473012 0.9973964325381379
11.144354956537633 0.993333060216523
11.244304328345144 1.0004350550246879
11.344253700152658 1.0075990601682163
11.44420307196017 0.9932798165009521
11.544152443767683 1.0059911219906308
11.644101815575194 0.997173668903328
11.744051187382707 0.9990143912369321
11.844000559190219 1.0018771917230977
11.943949930997732 1.0038255056482759
12.043899302805244 1.0068212188976486
12.143848674612757 0.9944697662127894
12.243798046420268 1.0011344568435434
12.343747418227782 1.0103572376789967
12.443696790035293 0.9981257162947648
12.543646161842807 1.005596364565132
12.643595533650318 0.9990953154627678
12.743544905457831 1.003067417145048
12.843494277265343 0.9939183121728997
12.943443649072856 1.0054555321863057
13.043393020880368 0.9940681033524053
13.143342392687881 0.9962816603014153
13.243291764495392 1.0045538970085122
13.343241136302906 0.9973274936977761
13.443190508110417 1.0039685716519235
13.54313987991793 1.004221281093539
13.643089251725442 0.9984594560853169
13.743038623532955 1.0061253798153622
13.842987995340467 1.001659994177072
13.94293736714798 0.9964591921746669
14.042886738955492 1.0036354904719025
14.142836110763005 0.9978374562856417
14.242785482570516 1.0013257351791698
14.34273485437803 1.0034701431233037
14.442684226185541 1.004316956126231
14.542633597993055 1.001064290221604
14.642582969800566 0.9981641494193969
14.74253234160808 1.004178236120693
14.84248171341559 0.9972015258167141
14.942431085223104 1.0033724885351025
15.042380457030616 1.0018749584329383
15.142329828838129 0.9955423469935143
15.24227920064564 0.9952475563898544
15.342228572453154 1.0101098107026787
15.442177944260665 0.9966802106053089
15.542127316068179 1.0019163145144718
15.64207668787569 0.9987888439722572
15.742026059683203 0.9991908712105666
15.841975431490715 0.9981806160348831
15.941924803298228 1.001511368993715
16.04187417510574 0.994444235749201
16.14182354691325 1.0095946141914929
16.241772918720766 0.9989208700951818
16.341722290528278 1.0079958358024832
16.44167166233579 0.9931840955226018
16.5416210341433 1.0034675716224055
16.641570405950816 0.996770941438063
16.741519777758327 0.9990157403739713
16.84146914956584 0.9970421920874121
16.94141852137335 1.0077181717453672
17.041367893180865 1.000343898529902
17.141317264988377 1.0009207966066733
17.24126663679589 1.0003827192615629
17.3412160086034 0.9995141531978351
17.441165380410915 0.9994163644915753
17.541114752218427 1.0025423259777413
17.641064124025938 1.0078744254635952
17.74101349583345 1.0044999871882636
17.840962867640965 0.9986642797827823
17.940912239448476 0.9996094311344464
18.040861611255988 1.001147246092938
18.1408109830635 0.9960848005518501
18.240760354871014 1.0010587404403644
18.340709726678526 0.9923910088065023
18.440659098486037 1.002598416741541
18.54060847029355 1.007857597242051
18.640557842101064 0.996445363040344
18.740507213908575 1.0092009874906838
18.840456585716087 1.0019877425479111
18.9404059575236 0.9954251180464108
19.040355329331113 1.0029673884339558
19.140304701138625 0.9964543218059905
19.240254072946136 0.9943952920600546
19.340203444753648 1.0012358900466591
19.440152816561163 1.0027092587995412
19.540102188368675 0.9965209194392822
19.640051560176186 1.001395006193133
19.740000931983698 1.0056147368022577
19.839950303791213 1.0006556810132292
19.939899675598724 0.9976496165499412
20.039849047406236 1.005625700196299
20.139798419213747 0.9988823917359845
20.239747791021262 0.9974899996308887
20.339697162828774 0.9998038792163054
20.439646534636285 0.9974078304393202
20.539595906443797 1.006005049847161
20.639545278251312 0.9996417742601931
20.739494650058823 0.9985096108010322
20.839444021866335 1.0031318418167394
20.939393393673846 1.0004982576407768
21.03934276548136 1.0031119375363013
21.139292137288873 1.0025246209564131
21.239241509096384 0.9975694456278403
21.339190880903896 1.0037046234990352
21.43914025271141 1.0009316957978385
21.539089624518923 1.0025955784694385
21.639038996326434 0.9946041713088677
21.738988368133946 1.003020738964716
21.83893773994146 1.0018693465887183
21.938887111748972 0.9948977377356127
22.038836483556484 1.004800054530521
22.138785855363995 0.9977223237605268
22.23873522717151 1.0028926220853203
22.33868459897902 0.9971698447388916
22.438633970786533 0.9993869821726308
22.538583342594045 0.9988290972859226
22.63853271440156 1.0085924206313845
22.73848208620907 1.0041707188718398
22.838431458016583 1.007108595731895
22.938380829824094 0.9978494349180684
23.03833020163161 0.9952828706071758
23.13827957343912 0.9999300757506074
23.238228945246632 1.0020133705528558
23.338178317054144 1.0007355687037172
23.43812768886166 0.9982457685923892
23.53807706066917 1.000490077187044
23.638026432476682 0.9991114242817869
23.737975804284194 1.0011766673708884
23.83792517609171 0.9989717060400575
23.93787454789922 1.0003883429620093
24.03782391970673 1.0058782304041756
24.137773291514243 0.9961606745052657
24.237722663321758 0.9974618822206972
24.33767203512927 1.004226512082932
24.43762140693678 1.0013138463355646
24.537570778744293 1.0027295835406644
24.637520150551808 1.0002882701006912
24.73746952235932 1.0045289991048565
24.83741889416683 0.9994394800226175
24.937368265974342 0.9974344753851835
25.037317637781857 1.0034801890041012
25.13726700958937 0.998012125243043
25.23721638139688 1.0005899896105725
25.337165753204392 1.0020476996825927
25.437115125011907 0.9993936743447706
25.53706449681942 1.0015305575566447
25.63701386862693 1.001466521442547
25.73696324043444 0.9974020316672546
25.836912612241957 0.9959472201652283
25.936861984049468 1.0051656314458213
26.03681135585698 1.001276451244474
26.13676072766449 1.002707248882307
26.236710099472006 1.0000607883488952
26.336659471279518 1.0055161104710766
26.43660884308703 0.997759238552487
26.53655821489454 0.9975315594176765
26.636507586702056 1.0000555124432178
26.736456958509567 0.9967934468867221
26.83640633031708 0.998480538715517
26.93635570212459 1.0038498279171246
27.036305073932105 1.002151050064115
27.136254445739617 1.0000246861729118
27.23620381754713 1.0004961181223004
27.33615318935464 1.0004107190918186
27.436102561162155 1.0018929870643725
27.536051932969666 1.0008007851819027
27.636001304777178 0.9999757684813871
27.73595067658469 0.9997690845190408
27.835900048392205 0.9982863041223415
27.935849420199716 0.9996071553510011
28.035798792007228 1.0031620791890767
28.13574816381474 0.9999568862709292
28.235697535622254 1.0020943248411172
28.335646907429766 1.0027181192111543
28.435596279237277 1.0042241740138322
28.53554565104479 0.9945033702048349
28.635495022852304 0.999493801079752
28.735444394659815 1.0063890177237242
28.835393766467327 0.9985933312956108
28.93534313827484 0.9941717354862595
29.035292510082353 0.9995333294844111
29.135241881889865 1.001788407904874
29.235191253697376 1.0015135032838323
29.335140625504888 0.9947538319814836
29.435089997312403 1.002042222386717
29.535039369119914 0.9993341287253781
29.634988740927426 1.0069877666804472
29.734938112734937 1.0004076841708143
29.834887484542453 0.9981770522714545
29.934836856349964 0.9972202422464546
30.034786228157476 1.0012887472641783
30.134735599964987 1.0006009763948758
30.234684971772502 1.0022350796088213
30.334634343580014 1.0000526727662287
30.434583715387525 0.9970213104245182
30.534533087195037 1.0028404141550125
30.63448245900255 0.9973680517431078
30.734431830810063 1.002932304393424
30.834381202617575 1.0008432580103885
30.934330574425086 0.9964942163252114
31.0342799462326 1.0000406554502888
31.134229318040113 1.0023709445748774
31.234178689847624 1.00203529794659
31.334128061655136 1.0014053509404113
31.43407743346265 0.9980523755584058
31.534026805270162 1.0017901546365477
31.633976177077674 0.9983900354453411
31.733925548885185 0.9992095885267639
31.8338749206927 1.0014495878283585
31.933824292500212 0.9988221133451268
32.03377366430772 0.999541514442683
32.133723036115235 1.0007024265694642
32.23367240792275 1.0028853137896505
32.33362177973026 0.9999657794266851
32.43357115153778 1.003143949000983
32.53352052334529 0.9980635029761609
32.6334698951528 1.0021226087653243
32.73341926696031 0.9995086156650511
32.83336863876782 1.0003296525127592
32.933318010575334 0.9905407414558385
33.033267382382846 1.0021014346648893
33.13321675419036 1.0053662484758148
33.233166125997876 1.0041952904885898
33.33311549780539 0.9972988370733697
33.4330648696129 1.0014616007936687
33.53301424142041 1.0008430142940439
33.63296361322792 1.0033449893258604
33.73291298503543 1.000285573139161
33.832862356842945 0.9951655135066549
33.93281172865046 0.9966844628648782
34.032761100457975 1.0020701712768052
34.13271047226549 1.0015150982204002
34.232659844073 1.0023432317793108
34.33260921588051 0.9958230011886374
34.43255858768802 1.0062511118931865
34.53250795949553 0.9988120226335135
34.632457331303044 0.9989180642151075
34.732406703110556 1.0029892085901104
34.832356074918074 1.000895962208235
34.932305446725586 0.999392092187518
35.0322548185331 0.9980710437295592
35.13220419034061 1.004100108678572
35.23215356214812 1.0001518261889528
35.33210293395563 0.9985919644079868
35.43205230576314 0.9961795317808583
35.532001677570655 1.0017502167703685
35.63195104937817 0.9944862563857702
35.731900421185685 1.0028231890714527
35.8318497929932 0.9994852311257695
35.93179916480071 0.9980197315110455
36.03174853660822 1.0010037714559434
36.13169790841573 1.0002693485274323
36.23164728022324 1.0032453687309886
36.331596652030754 0.998724968402324
36.43154602383827 1.0000134170356874
36.531495395645784 1.0049925789474523
36.631444767453296 0.9988018524579177
36.73139413926081 0.9996388351854534
36.83134351106832 0.9966811200522758
36.93129288287583 1.0028945276175427
37.03124225468334 0.999585655186345
37.13119162649085 1.0005187276080576
37.23114099829837 0.9975547698344371
37.33109037010588 1.00035088259961
37.431039741913395 0.9994239016111294
37.530989113720906 1.0003545365740494
37.63093848552842 0.9990586870072072
37.73088785733593 0.9973476731464116
37.83083722914344 1.0031169365234303
37.93078660095095 0.9982487075298647
38.03073597275847 0.9980048139075522
38.13068534456598 1.003838348305457
38.230634716373494 1.001623505433458
38.330584088181006 1.0001056676433637
38.43053345998852 0.9989686368069004
38.53048283179603 0.9990566563231492
38.63043220360354 0.9989655993381226
38.73038157541105 0.9979225411592973
38.83033094721857 1.0017374702500172
38.93028031902608 0.9983271089625797
39.03022969083359 1.0004011473471701
39.130179062641105 0.9995482015150927
39.230128434448616 0.9994099289998063
39.33007780625613 0.9998189333388198
39.43002717806364 1.0019489293054267
39.52997654987115 1.0003420478311578
39.62992592167867 1.0009799937335435
39.72987529348618 0.9997643905174287
39.82982466529369 0.9981617615965869
39.929774037101204 1.0006946223775874
40.029723408908715 0.9992899406869505
40.12967278071623 1.004756940119917
40.22962215252374 0.9982892887365654
40.32957152433125 1.001718007947896
40.42952089613877 0.9974363828549986
40.52947026794628 1.0000055844195768
40.62941963975379 0.9991916177283203
40.7293690115613 0.9959837576630686
40.829318383368815 0.9999676581118607
40.929267755176326 0.9999443325363998
41.02921712698384 1.000445059453721
41.12916649879135 0.9967104065566937
41.22911587059887 0.999649738707423
41.32906524240638 1.0028317120893466
41.42901461421389 1.0029811250983978
41.5289639860214 0.9995830679222469
41.628913357828914 0.9994016777869839
41.728862729636425 1.003711266422478
41.82881210144394 1.0014588409775145
41.92876147325145 0.9994956568808959
42.02871084505897 0.9931342508445694
42.12866021686648 1.0002400202214328
42.22860958867399 1.0016685249838648
42.3285589604815 0.9996732296468682
42.42850833228901 0.999050936721432
42.528457704096525 0.9971398156561666
42.628407075904036 1.002864165640195
42.72835644771155 1.0003630055840185
42.828305819519066 1.000519494893451
42.92825519132658 1.0005887041951795
43.02820456313409 0.9976476687998331
43.1281539349416 0.9984185674534661
43.22810330674911 0.9997384430616518
43.328052678556624 1.0012237346286936
43.428002050364135 1.0019933025087484
43.52795142217165 1.0008448588596306
43.627900793979165 0.9996895110790763
43.72785016578668 0.997161738908837
43.82779953759419 0.9983210924802043
43.9277489094017 0.9987864312043947
44.02769828120921 1.0002442533061764
44.12764765301672 0.9992777621149125
44.227597024824234 0.9978415909822168
44.327546396631746 1.0041472047764761
44.427495768439265 1.0028080921258933
44.527445140246776 1.0004319557192465
44.62739451205429 1.000445204322273
44.7273438838618 0.9961980940476531
44.82729325566931 0.9952853106585576
44.92724262747682 1.0011521060037007
45.027191999284334 0.9997903243453402
45.127141371091845 1.0016044325516298
45.227090742899364 1.0043611387200408
45.327040114706875 0.9956297671178541
45.42698948651439 1.0009346781689135
45.5269388583219 0.9988305061539656
45.62688823012941 0.9997485430712579
45.72683760193692 1.0010862491920947
45.82678697374443 0.9985206350343999
45.926736345551944 0.9984856609080041
46.02668571735946 1.000561216403472
46.126635089166975 0.9994460555256911
46.226584460974486 0.9965846738253724
46.326533832782 0.9976311812107296
46.42648320458951 1.0048983481871747
46.52643257639702 0.9995909205327915
46.62638194820453 1.0015748006450165
46.726331320012044 0.9977568764750178
46.82628069181956 1.0016915240352973
46.926230063627074 0.9994901294281506
47.026179435434585 0.9947923751195532
47.1261288072421 1.001112942068435
47.22607817904961 1.002433391810151
47.32602755085712 1.0008378411223922
47.42597692266463 0.9990419660910717
47.52592629447214 0.9981303585522013
47.62587566627966 1.0004155886146764
47.72582503808717 1.000072121739106
47.825774409894684 0.9987922833841909
47.925723781702196 0.996786822490147
48.02567315350971 1.0006031208348625
48.12562252531722 0.9966280094826713
48.22557189712473 1.0016560207828817
48.32552126893224 1.0024785056758911
48.42547064073976 0.9979760938401377
48.52542001254727 1.0013787379194472
48.625369384354784 1.0054387159413019
48.725318756162295 1.0013392086156878
48.82526812796981 0.9950170352442703
48.92521749977732 0.9992224363679124
49.02516687158483 0.9991611748713021
49.12511624339234 0.9968473697191309
49.22506561519986 0.998839915972668
49.32501498700737 0.9992156214507715
49.42496435881488 0.998462190060706
49.524913730622394 1.0010663895334047
49.624863102429906 1.0003443533431535
49.72481247423742 1.0025767062335929
49.82476184604493 1.0024244748207276
49.92471121785244 0.9959948263851857
50.02466058965996 1.000498434904013
50.12460996146747 1.0033903912037436
50.22455933327498 1.0000619961477684
50.32450870508249 1.002299949558293
50.424458076890005 0.9979237499910876
50.52440744869752 0.9967112681880929
50.62435682050503 1.0020775306372494
50.72430619231254 0.9999512638976381
50.82425556412006 1.0039010574584528
50.92420493592757 0.9980064163991305
51.02415430773508 0.9993386875750958
51.12410367954259 0.9996846231974548
51.224053051350104 0.9990085488154375
51.324002423157616 1.000418990682252
51.42395179496513 0.996926279134756
51.52390116677264 0.9995199868851795
51.62385053858016 1.000432861577751
51.72379991038767 1.0027788762595378
51.82374928219518 0.99957997433281
51.92369865400269 1.0007941341236983
52.0236480258102 1.0018913981087225
52.123597397617715 0.9983816459656095
52.223546769425226 0.9984477101079162
52.32349614123274 1.0029161477411652
52.42344551304026 0.9987461444672704
52.52339488484777 1.000872698820343
52.62334425665528 0.9989969222825552
52.72329362846279 0.9992575076495764
52.8232430002703 0.9992508262266457
52.923192372077814 1.0004677507047337
53.023141743885326 0.9978510924208186
53.12309111569284 1.0038820272240319
53.223040487500356 0.9995335097165737
53.32298985930787 1.00039238488847
53.42293923111538 1.002331019055108
53.52288860292289 0.9964726280776903
53.6228379747304 0.9966791054339318
53.72278734653791 0.9996611157642492
53.822736718345425 1.0002898903846453
53.922686090152936 0.9983570373434131
54.022635461960455 1.001054110465606
54.12258483376797 1.0005097850706817
54.22253420557548 1.0022532014218248
54.32248357738299 1.0009611910196812
54.4224329491905 1.0003858996069157
54.52238232099801 0.9994184426317108
54.622331692805524 0.9977208650588171
54.722281064613036 1.000224573321419
54.822230436420554 1.0029515187026272
54.922179808228066 0.9995751887731597
55.02212918003558 0.9989025709359667
55.12207855184309 0.9986079337366807
55.2220279236506 0.9988622378814495
55.32197729545811 1.0003533101168132
55.42192666726562 0.9998134328550046
55.521876039073135 1.0003031917346032
55.62182541088065 0.9987347277352251
55.721774782688165 1.0002486701294229
55.821724154495676 1.0011010992003966
55.92167352630319 1.0010677639452674
56.0216228981107 1.0030100119197747
56.12157226991821 0.9982397793404083
56.22152164172572 1.0009731898125842
56.321471013533234 0.9987586142474218
56.42142038534075 0.997431487227482
56.521369757148264 1.0013773355743443
56.621319128955776 1.000673662194775
56.72126850076329 1.0003467799580437
56.8212178725708 1.0011653594566718
56.92116724437831 0.9987220054642156
57.02111661618582 0.9998012032875719
57.12106598799333 1.0037340019165057
57.22101535980085 0.9985671670370517
57.32096473160836 0.996450961171013
57.420914103415875 0.9997404788263484
57.520863475223386 0.9982939828268341
57.6208128470309 1.001154365378756
57.72076221883841 0.9973793101508335
57.82071159064592 0.9976747978556835
57.92066096245343 1.0061435578681381
58.02061033426095 1.0004445691716248
58.12055970606846 1.0005551776585884
58.220509077875974 1.0024933263813753
58.320458449683485 0.9993372702507048
58.420407821491 1.0032106491582886
58.52035719329851 0.9964996012362651
58.62030656510602 1.000260481752534
58.72025593691353 1.0008041564329595
58.82020530872105 0.9980206916294989
58.92015468052856 0.9954899011732778
59.02010405233607 0.9995597676045155
59.120053424143585 1.0028662022879762
59.220002795951096 1.0025897452813548
59.31995216775861 1.001683397452115
59.41990153956612 1.0018431001449812
59.51985091137363 0.9978242844343301
59.61980028318115 1.0000242188970774
59.71974965498866 0.9989149220161565
59.81969902679617 1.0028093147949244
59.919648398603684 0.9970883366448016
60.019597770411195 1.001233684876658
60.11954714221871 0.999591195544652
60.21949651402622 0.998341982176373
60.31944588583373 1.0035073956595488
60.41939525764125 0.9969013711882729
60.51934462944876 0.9987193104012763
60.61929400125627 1.0014681514663277
60.71924337306378 0.9982242966124236
60.819192744871295 1.0004936440628112
60.919142116678806 0.9983467941810646
61.01909148848632 1.0029788953417125
61.11904086029383 0.9990416641028497
61.21899023210135 1.002695105530246
61.31893960390886 1.0022422835187201
61.41888897571637 1.0006329003912282
61.51883834752388 0.9990460028000406
61.618787719331394 0.9991052232831804
61.718737091138905 0.9971303363826308
61.81868646294642 1.0009403219877095
61.91863583475393 0.998064470816633
62.01858520656145 0.9995413208419821
62.11853457836896 0.9986849833651045
62.21848395017647 1.001115827949135
62.31843332198398 1.0002299014995253
62.41838269379149 0.9998187658587
62.518332065599004 0.9999438194001187
62.618281437406516 1.0024418997260955
62.71823080921403 0.9988217226426477
62.818180181021546 0.999387142130659
62.91812955282906 0.9972807316567313
63.01807892463657 1.0021592470607856
63.11802829644408 0.9992436102073802
63.21797766825159 0.9983060809600283
63.317927040059104 1.0014497720670001
63.417876411866615 1.0004531334610114
63.51782578367413 1.0003788437943069
63.617775155481645 1.0012100407608022
63.71772452728916 0.9969904925665585
63.81767389909667 0.9975291316058946
63.91762327090418 1.000486762556466
64.0175726427117 1.0015737742372124
64.11752201451921 0.9992550084608368
64.21747138632672 1.0029358995207633
64.31742075813423 0.9984476666732403
64.41737012994174 1.0016116412218572
64.51731950174926 0.9983405108713415
64.61726887355677 0.9984925389262367
64.71721824536428 1.0009938578627593
64.81716761717179 0.9984021183660339
64.9171169889793 0.9988804034419329
65.01706636078681 1.0005572940648608
65.11701573259433 1.0001871482808997
65.21696510440184 1.0024795114481535
65.31691447620935 0.9981825514798931
65.41686384801686 0.9978542431488763
65.51681321982437 1.0010389416784544
65.6167625916319 1.0006506583920274
65.71671196343941 0.9984664530789711
65.81666133524692 0.9992929460350302
65.91661070705443 1.000547734578556
66.01656007886194 1.0001906870719783
66.11650945066945 0.9986586129393299
66.21645882247697 0.9995559768458501
66.31640819428448 0.9984056574531908
66.41635756609199 1.001598339147983
66.5163069378995 1.0035924394404847
66.61625630970701 0.9978995938867845
66.71620568151452 0.9997301652818195
66.81615505332203 0.9991601545455094
66.91610442512955 0.9999918621807196
67.01605379693706 1.0005517997964646
67.11600316874457 1.0036724154492283
67.2159525405521 0.9975366974872553
67.3159019123596 0.9956061295352451
67.41585128416712 0.9996886137213176
67.51580065597463 1.0031969030498333
67.61575002778214 1.00174538089112
67.71569939958965 0.9979270166536366
67.81564877139716 1.0011171418597518
67.91559814320468 0.9990459520096898
68.01554751501219 1.0000828919113356
68.1154968868197 0.9989193235976449
68.21544625862721 0.9997394325545038
68.31539563043472 0.9996558649413008
68.41534500224223 0.998005369526608
68.51529437404974 1.0017089650287427
68.61524374585726 0.9998978382035204
68.71519311766477 1.002695736095372
68.8151424894723 0.9994422114588981
68.9150918612798 0.9988784260572949
69.01504123308732 0.9980855477530155
69.11499060489483 0.9990574631441528
69.21493997670234 0.9992788781076942
69.31488934850985 1.001134550609987
69.41483872031736 1.0001709426060517
69.51478809212487 1.0000576541281856
69.61473746393239 1.0020262094118038
69.7146868357399 0.9989336376481577
69.81463620754741 1.0011414545027906
69.91458557935492 0.997759109389566
70.01453495116243 1.0044161789753794
70.11448432296994 0.9993052182560496
70.21443369477745 1.0019421650482916
70.31438306658497 0.9985514926821352
70.41433243839249 0.9996706487400241
70.5142818102 0.9990289974859816
70.61423118200752 0.99837037093234
70.71418055381503 0.9998265633917309
70.81412992562254 1.0000418926253296
70.91407929743005 0.9975096544391003
71.01402866923756 1.0019618697248556
71.11397804104507 1.001930714255981
71.21392741285258 1.0031108221833414
71.3138767846601 0.9994162152061621
71.41382615646761 0.9976792721471103
71.51377552827512 0.9985152444730316
71.61372490008263 1.0018911239938846
71.71367427189014 0.9992180098620742
71.81362364369765 0.9981081734467634
71.91357301550516 1.001551732439241
72.01352238731269 0.9992071567984245
72.1134717591202 1.0017637574526213
72.21342113092771 1.0003845834501537
72.31337050273522 0.9988110400626333
72.41331987454274 0.9979161948509832
72.51326924635025 0.998941613382918
72.61321861815776 1.0025262799090464
72.71316798996527 1.0008854472712043
72.81311736177278 1.0027991993575631
72.9130667335803 0.9995937159060619
73.0130161053878 0.9960626008270203
73.11296547719532 0.9990132482052443
73.21291484900283 1.0008973560168044
73.31286422081034 0.9993156060834473
73.41281359261785 1.002701656925913
73.51276296442536 0.9992119820323034
73.61271233623289 1.0030973195544752
73.7126617080404 1.0006534772624156
73.81261107984791 1.0019879237530436
73.91256045165542 1.0000620604575463
74.01250982346293 0.9974672719812356
74.11245919527045 0.9985427884673974
74.21240856707796 1.0008634743999536
74.31235793888547 0.9993601854031268
74.41230731069298 1.0014738143745525
74.51225668250049 1.0003156658072099
74.612206054308 0.9992815567422457
74.71215542611552 0.9985059730047074
74.81210479792303 1.0003150091353936
74.91205416973054 0.9987217473027162
75.01200354153805 1.0003841549724295
75.11195291334556 1.0024838001358725
75.21190228515309 1.0011092525688874
75.3118516569606 0.9978847738790305
75.41180102876811 0.9996380164223364
75.51175040057562 1.0015623470287314
75.61169977238313 0.9991819125041205
75.71164914419064 0.9990897180549471
75.81159851599816 0.9979790670750008
75.91154788780567 1.001874226695932
76.01149725961318 0.9987482513373079
76.11144663142069 0.9992115269107621
76.2113960032282 1.0011535740792774
76.31134537503571 1.0028540462941349
76.41129474684323 0.9998056627574424
76.51124411865074 0.9969421460452552
76.61119349045825 1.003768397917271
76.71114286226576 0.9979976264122721
76.81109223407329 0.9998155264978558
76.9110416058808 0.9955728219854899
77.01099097768831 1.0017037492789833
77.11094034949582 0.9967606060073568
77.21088972130333 1.000543671908295
77.31083909311084 1.001718326981297
77.41078846491835 1.000983776610253
77.51073783672587 0.9997375286898724
77.61068720853338 0.9991818175797673
77.71063658034089 0.9984567790168899
77.8105859521484 1.0013353570897239
77.91053532395591 0.9989743554438554
78.01048469576342 1.0036037343246715
78.11043406757094 1.0026660936846805
78.21038343937845 1.0000172246256442
78.31033281118596 1.000004970139792
78.41028218299348 0.9964117704589447
78.510231554801 0.9993382869647301
78.6101809266085 0.9978414765395415
78.71013029841602 1.0000810189800193
78.81007967022353 1.000735525438248
78.91002904203104 0.9975038428529575
79.00997841383855 1.0016264165457798
79.10992778564606 1.0019477260238796
79.20987715745358 0.9990316427416257
79.30982652926109 0.9996364996210986
79.4097759010686 1.000263228342719
79.50972527287611 0.9944162642459392
79.60967464468362 0.9997417844423027
79.70962401649113 1.004957393817214
79.80957338829865 0.9999844516030263
79.90952276010616 0.999108980804094
80.00947213191368 0.9976087815208146
80.1094215037212 0.9973679058252295
80.2093708755287 1.0004562310124063
80.30932024733622 1.0037748023896849
80.40926961914373 0.9988800248600623
80.50921899095124 1.000616622113518
80.60916836275875 0.999912582984558
80.70911773456626 0.9991083515309823
80.80906710637377 1.000670728740508
80.90901647818129 1.0022128451642476
81.0089658499888 1.0002981581753367
81.10891522179631 0.9994156144509636
81.20886459360382 0.9973947024072409
81.30881396541133 1.001998166594001
81.40876333721884 1.002274086456718
81.50871270902636 1.0007650400615398
81.60866208083388 0.9981572569232138
81.70861145264139 0.9999796802222793
81.8085608244489 0.999701981978256
81.90851019625642 1.0009834544817986
82.00845956806393 0.9977441221923032
82.10840893987144 1.0034626988769222
82.20835831167895 0.9970709593321553
82.30830768348646 1.0042661248501297
82.40825705529397 0.9973833029651794
82.50820642710148 1.002103205962717
82.608155798909 0.9984266233215567
82.70810517071651 1.002594781856697
82.80805454252402 1.000753281509256
82.90800391433153 1.0014866637172242
83.00795328613904 0.9987269430109819
83.10790265794655 0.9976439821683895
83.20785202975408 0.9987165449267825
83.30780140156159 1.0001305882738558
83.4077507733691 1.0002048573520246
83.50770014517661 0.9993159960296365
83.60764951698413 0.9997973669093236
83.70759888879164 1.000445623264827
83.80754826059915 1.001440669392711
83.90749763240666 1.0006336441532575
84.00744700421417 0.9980341388426452
84.10739637602168 0.9985899024624734
84.2073457478292 0.9999196541833986
84.3072951196367 1.0015327136660837
84.40724449144422 1.0002084216490241
84.50719386325173 1.0008249343401119
84.60714323505924 1.0014399904152724
84.70709260686675 1.001154406138457
84.80704197867428 1.0000245651475577
84.90699135048179 1.0002476805624358
85.0069407222893 1.0007793503951117
85.10689009409681 0.9967164500068333
85.20683946590432 0.9984377103245893
85.30678883771184 0.9963625827583166
85.40673820951935 1.002539342522953
85.50668758132686 1.0034966494864799
85.60663695313437 1.0043711174043124
85.70658632494188 1.0031843565074268
85.80653569674939 1.0024859485102393
85.9064850685569 0.9963643201613459
86.00643444036442 0.9992641646359343
86.10638381217193 0.9963166069354761
86.20633318397944 1.0008999197442092
86.30628255578695 1.0010507538414555
86.40623192759448 0.9958784125092335
86.50618129940199 0.9970563117256023
86.6061306712095 1.0003030014186443
86.70608004301701 1.001188427403314
86.80602941482452 1.0030562669699135
86.90597878663203 1.0026355753234886
87.00592815843954 1.0008005194586216
87.10587753024706 0.9990184233609258
87.20582690205457 0.9974686590309337
87.30577627386208 1.0017740691984391
87.40572564566959 0.9990800017998618
87.5056750174771 0.9990822369963217
87.60562438928461 1.000338639275843
87.70557376109213 0.9987750193485748
87.80552313289964 1.0003583640067022
87.90547250470715 1.00101729235841
88.00542187651467 1.0027271820845836
88.10537124832219 1.0003757344077875
88.2053206201297 0.9995340182469815
88.30526999193721 0.9967497141128502
88.40521936374472 1.000398990979889
88.50516873555223 1.0001898085991658
88.60511810735974 0.9967492462672645
88.70506747916725 1.001020461104182
88.80501685097477 1.0010324335707397
88.90496622278228 0.9984443336295055
89.00491559458979 0.9986947323049431
89.1048649663973 0.9981850695863486
89.20481433820481 1.0015144186970053
89.30476371001232 1.0008422658171958
89.40471308181984 1.0013204024012325
89.50466245362735 1.000534327443243
89.60461182543487 0.9997677770495884
89.70456119724238 0.9986419955917725
89.8045105690499 0.9995046317500345
89.90445994085741 1.0003004071860206
90.00440931266492 1.001076723240683
90.10435868447243 0.9982932842240118
90.20430805627994 0.9983757617100195
90.30425742808745 1.001523299521925
90.40420679989496 0.9973717919078483
90.50415617170248 0.9995516656935731
90.60410554350999 1.000932931637753
90.7040549153175 1.0021414502416364
90.80400428712501 0.9987469831058152
90.90395365893252 1.0007405887151335
91.00390303074003 1.0003705469743742
91.10385240254755 0.9999780125521024
91.20380177435507 0.9988617770398862
91.30375114616258 1.000881407857359
91.4037005179701 0.9994182031111539
91.5036498897776 0.9969140689153447
91.60359926158512 1.0016496709933205
91.70354863339263 1.0000138775393952
91.80349800520014 1.0002057892224352
91.90344737700765 0.9985289203398193
92.00339674881516 1.0018979681148579
92.10334612062267 1.0019892406041755
92.20329549243019 0.9983125657617717
92.3032448642377 1.000877341310269
92.40319423604521 0.9971466365074632
92.50314360785272 0.99958089285922
92.60309297966023 1.0024885022959673
92.70304235146774 1.0006175124148242
92.80299172327527 0.9990994411773367
92.90294109508278 0.9988015757550096
93.00289046689029 1.0000053416352745
93.1028398386978 1.0013804053777788
93.20278921050532 0.9990194803409912
93.30273858231283 1.0001451891982922
93.40268795412034 0.9982452596883696
93.50263732592785 1.0008282980541001
93.60258669773536 1.000615872366028
93.70253606954287 0.9978095237174252
93.80248544135038 1.0008402820030393
93.9024348131579 0.9990542956087533
94.00238418496541 1.004203195599635
94.10233355677292 0.9997579305364935
94.20228292858043 1.0009819796730035
94.30223230038794 0.9995889707920234
94.40218167219547 0.9985278334271457
94.50213104400298 1.001021470518665
94.60208041581049 0.9979075406443022
94.702029787618 0.9989981731146367
94.80197915942551 1.0007863662795555
94.90192853123303 0.9998637873848387
95.00187790304054 1.0015690877880734
95.10182727484805 1.0000560150680886
95.20177664665556 1.0031123480742923
95.30172601846307 0.9986267050001993
95.40167539027058 0.9974525099866729
95.5016247620781 0.9994709876415132
95.6015741338856 0.9988785548939606
95.70152350569312 0.9980960137520256
95.80147287750063 0.9983788757305184
95.90142224930814 1.0014838429906765
96.00137162111567 1.0030895328792278
96.10132099292318 0.9997320642639167
96.20127036473069 1.0002548184928566
96.3012197365382 1.001713479733158
96.40116910834571 0.9975337213796225
96.50111848015322 1.0004965117218256
96.60106785196074 0.9999311260162546
96.70101722376825 0.9994547319614657
96.80096659557576 0.9992123603812105
96.90091596738327 1.000317980289339
97.00086533919078 1.0005102398044985
97.10081471099829 1.0011448763399793
97.2007640828058 0.9984662869737181
97.30071345461332 1.0007082464748729
97.40066282642083 1.0012589835477295
97.50061219822834 0.9975568925965583
97.60056157003586 0.9994829101598554
97.70051094184338 1.000554757237233
97.80046031365089 1.0016461224224547
97.9004096854584 1.001832548606216
98.00035905726591 0.999984828054675
98.10030842907342 1.000643292425184
98.20025780088093 0.9999356209708348
98.30020717268845 1.001265050864233
98.40015654449596 0.9986540505403548
98.50010591630347 0.9997153433941559
98.60005528811098 1.0014393115515974
98.70000465991849 0.9996050869807304
98.799954031726 0.9984541723177042
98.89990340353351 1.000209073048121
98.99985277534103 0.9997783101196153
99.09980214714854 1.0005776335346588
99.19975151895606 0.9975790453605675
99.29970089076357 1.0001161909554683
99.39965026257109 0.9979864926125858
99.4995996343786 1.0013236481549832
99.59954900618611 1.0008197516921913
99.69949837799362 1.0021216507983874
99.79944774980113 1.0012935348157261
99.89939712160864 0.9997710470513652
99.99934649341616 0.9998413148154429
100.09929586522367 0.9996860823159115
100.19924523703118 0.9991073757130351
100.29919460883869 1.0008662487006161
100.3991439806462 0.9990134126257078
100.49909335245371 0.999768037736751
100.59904272426122 1.0001307212086448
100.69899209606874 1.0005506658025498
100.79894146787626 0.999421637817202
100.89889083968377 1.0001939107113502
100.99884021149128 1.0019841948318198
101.0987895832988 0.9999986964118469
101.19873895510631 1.000739263774181
101.29868832691382 0.9996653977802689
101.39863769872133 0.9996746016536305
101.49858707052884 0.9994510753767579
101.59853644233635 0.9992175402176555
101.69848581414387 1.0017558617328572
101.79843518595138 1.0026728339591633
101.89838455775889 0.9987827363349986
101.9983339295664 0.9997242422349556
102.09828330137391 0.9998217044732927
102.19823267318142 0.9985530374982365
102.29818204498893 1.000008274690626
102.39813141679646 1.0001362755574155
102.49808078860397 0.9996814467536911
102.59803016041148 1.0025281616470796
102.697979532219 0.9979604205985951
102.7979289040265 1.0015622906449857
102.89787827583402 0.9988613742631449
102.99782764764153 1.0004094943437336
103.09777701944904 0.9998978400783811
103.19772639125655 1.0006730221094335
103.29767576306406 0.9973411191289565
103.39762513487157 1.0024832622008477
103.49757450667909 1.002669054946918
103.5975238784866 0.9974056131651844
103.69747325029411 0.9990956897472667
103.79742262210162 1.0022373490616159
103.89737199390913 1.0000292163033533
103.99732136571666 1.0010228807534427
104.09727073752417 1.000370230566005
104.19722010933168 0.9978646005190791
104.29716948113919 0.9993485867680107
104.3971188529467 0.9954632636347363
104.49706822475422 1.0019448638326838
104.59701759656173 1.0002414769790504
104.69696696836924 0.9987238526436306
104.79691634017675 0.9997289075948208
104.89686571198426 1.0035403846155335
104.99681508379177 0.9997768951088064
105.09676445559928 1.002411899369969
105.1967138274068 1.002897497651763
105.29666319921431 0.9972499740335529
105.39661257102182 0.9981399143846126
105.49656194282933 0.9989577301974604
105.59651131463686 0.9990250432261527
105.69646068644437 1.0005786781577022
105.79641005825188 1.001883542411222
105.89635943005939 1.000496840078637
105.9963088018669 0.9994632836692651
106.09625817367441 0.9993221844921906
106.19620754548193 0.9996236877129059
106.29615691728944 0.9992704811694321
106.39610628909695 1.0006864555377597
106.49605566090446 0.999665047394547
106.59600503271197 1.0017452373604574
106.69595440451948 0.9984637292640222
106.795903776327 1.0022806812071992
106.8958531481345 1.0030516445632374
106.99580251994202 1.0018988559936817
107.09575189174953 0.997216945025379
107.19570126355705 0.9978939179879891
107.29565063536457 0.999667850506092
107.39560000717208 0.9988363409322384
107.49554937897959 0.9994630112903299
107.5954987507871 0.999185750126515
107.69544812259461 1.0000475046630297
107.79539749440212 0.9990611588190765
107.89534686620964 0.997801151478288
107.99529623801715 1.0009349322942358
108.09524560982466 1.0040285454298115
108.19519498163217 0.9983546640037756
108.29514435343968 1.0006190818824243
108.3950937252472 0.9997698785888955
108.4950430970547 1.0002773940168639
108.59499246886222 0.9999530576779102
108.69494184066973 1.0012725333924213
108.79489121247725 0.9978303450049175
108.89484058428476 0.9989763095376551
108.99478995609228 1.0017564324711856
109.09473932789979 1.0024296256609508
109.1946886997073 0.9987024658138676
109.29463807151481 1.0011716831077517
109.39458744332232 1.0000822805063545
109.49453681512983 0.9961396331313889
109.59448618693735 1.0003019645936688
109.69443555874486 1.001476033900447
109.79438493055237 0.9995926522813515
109.89433430235988 0.9994828767730374
109.99428367416739 1.0015037902759316
110.0942330459749 0.99817192420515
110.19418241778241 0.9996797781293946
110.29413178958993 0.9982902093795376
110.39408116139745 1.0004827833787406
110.49403053320496 1.0018235296291793
110.59397990501247 1.0017484279629219
110.69392927681999 0.9979836551072687
110.7938786486275 0.9996440072344891
110.89382802043501 1.001997791505229
110.99377739224252 0.9997062923101375
111.09372676405003 1.0015278367269365
111.19367613585754 1.0009712804047026
111.29362550766506 1.00092364702275
111.39357487947257 0.9989558228617412
111.49352425128008 0.9990171970005257
111.59347362308759 1.000569598234498
111.6934229948951 0.9990421964382129
111.79337236670261 1.0012826207974275
111.89332173851012 0.9981231158481316
111.99327111031765 0.9985759629379177
112.09322048212516 1.0021863891028089
112.19316985393267 1.001487543471066
112.29311922574018 1.0005843268309713
112.3930685975477 1.0012246388365371
112.49301796935521 1.0000566721209723
112.59296734116272 0.9972360965800638
112.69291671297023 0.9996980948501091
112.79286608477774 0.9975157713681035
112.89281545658525 0.9968465494372656
112.99276482839277 1.001817878163864
113.09271420020028 1.002091749721384
113.19266357200779 1.0013733677735381
113.2926129438153 1.0023264851752833
113.39256231562281 1.0017659746605692
113.49251168743032 1.0022493845249354
113.59246105923785 0.9979120381016959
113.69241043104536 1.0008420019507576
113.79235980285287 0.997558360565293
113.89230917466038 0.9982348429545469
113.9922585464679 0.9959580278869157
114.0922079182754 1.0005053970088587
114.19215729008292 1.0011566068233844
114.29210666189043 1.0011681124299892
114.39205603369794 1.0000497450227313
114.49200540550545 1.0025749100738959
114.59195477731296 1.0002923289367283
114.69190414912048 1.0001194307338852
114.79185352092799 0.9977227412677607
114.8918028927355 1.000550674973508
114.99175226454301 0.9995471492417353
115.09170163635052 0.9967582761732948
115.19165100815805 1.0017154213884008
115.29160037996556 0.9997351777878798
115.39154975177307 1.0005435811019578
115.49149912358058 1.0015573998409801
115.5914484953881 0.9977915858911618
115.6913978671956 0.9996066259732967
115.79134723900312 0.9998737314106634
115.89129661081063 0.9969229075409399
115.99124598261814 1.0012462719539237
116.09119535442565 1.0003408079777558
116.19114472623316 1.000672601790143
116.29109409804067 0.9990137988515563
116.39104346984819 0.9977226737656789
116.4909928416557 1.0020518651931591
116.59094221346321 0.9997792764719955
116.69089158527072 0.9981564881384861
116.79084095707825 0.9998632345479199
116.89079032888576 0.9999709484320574
116.99073970069327 1.0003915302174877
117.09068907250078 1.0032162098790425
117.19063844430829 1.0010991934300173
117.2905878161158 1.0003728158802352
117.39053718792331 0.9975180331363414
117.49048655973083 0.9990412282181186
117.59043593153834 0.9994943091829172
117.69038530334585 1.000381836867655
117.79033467515336 0.9991612162124617
117.89028404696087 0.9987688494396433
117.99023341876838 0.9990159418016742
118.0901827905759 1.0004222599852401
118.1901321623834 1.002239366418511
118.29008153419092 1.0019040578168756
118.39003090599844 0.9990563917409068
118.48998027780596 0.9985877065905117
118.58992964961347 1.0010246078414229
118.68987902142098 1.000691451654932
118.78982839322849 0.9990072039747002
118.889777765036 0.9994464328086547
118.98972713684351 1.0009042085434356
119.08967650865102 0.9993978467820316
119.18962588045854 1.001810674322778
119.28957525226605 0.9995630021012549
119.38952462407356 1.000266676726675
119.48947399588107 0.9978108350278441
119.58942336768858 0.9988365815432761
119.6893727394961 0.9996366630926397
119.7893221113036 1.0012994524163519
119.88927148311112 0.9991940546466855
119.98922085491864 0.9989014198337718
120.08917022672615 1.001471173995864
120.18911959853367 0.9998942116034353
120.28906897034118 0.999520091742816
120.38901834214869 1.0007183720387651
120.4889677139562 1.0007032178719604
120.58891708576371 1.0012779043666702
120.68886645757122 1.001213934322959
120.78881582937873 0.9990869349830195
120.88876520118625 1.0008096980454166
120.98871457299376 0.9989541577850553
121.08866394480127 0.9990654630060757
121.18861331660878 0.9994590834953642
121.28856268841629 0.9984057151651853
121.3885120602238 1.0022011249901226
121.48846143203131 1.0002952755941354
121.58841080383884 1.0016600808552045
121.68836017564635 1.0001023919979108
121.78830954745386 1.000530268493574
121.88825891926138 1.0001801316537788
121.98820829106889 0.9987406132784136
122.0881576628764 1.0003989123355594
122.18810703468391 0.9962986977028045
122.28805640649142 0.998757094897328
122.38800577829893 0.9994008187360931
122.48795515010644 1.001096500090272
122.58790452191396 0.9999598702413746
122.68785389372147 0.9997292902985743
122.78780326552898 1.0013168165923498
122.88775263733649 1.0016750882274215
122.987702009144 0.9998080041057517
123.08765138095151 0.9996925711492791
123.18760075275904 0.9978947566384587
123.28755012456655 1.000342692804036
123.38749949637406 1.0000077167418517
123.48744886818157 0.9999268822026601
123.58739823998908 1.0018690370081202
123.6873476117966 0.9979117435790494
123.78729698360411 0.9997966467093398
123.88724635541162 1.0019484270126446
123.98719572721913 0.9999185134388386
124.08714509902664 1.0005695972767013
124.18709447083415 1.001382048018214
124.28704384264167 0.9990585423839448
124.38699321444918 0.997645552542082
124.48694258625669 0.9983155573422572
124.5868919580642 0.9994509967142479
124.68684132987171 1.0014636751801198
124.78679070167924 1.0028223383640968
124.88674007348675 0.9977951276683192
124.98668944529426 0.998315821591051
125.08663881710177 1.001432607804804
125.18658818890928 0.9995115933417076
125.2865375607168 0.9990891531789283
125.3864869325243 1.000149004060259
125.48643630433182 0.9992656786219508
125.58638567613933 1.0029398776509473
125.68633504794684 0.9996886935500026
125.78628441975435 1.0007109415157538
125.88623379156186 0.9987864192123924
125.98618316336938 1.001360267348958
126.08613253517689 1.0024461144689103
126.1860819069844 0.9981545020478421
126.28603127879191 0.9973077693204236
126.38598065059944 0.9977432891590897
126.48593002240695 1.001667424981519
126.58587939421446 1.0010128060686052
126.68582876602197 1.000375979187648
126.78577813782948 1.001789434775546
126.885727509637 0.9987957802911968
126.9856768814445 0.9977400340074438
127.08562625325202 1.000469943515759
127.18557562505953 1.000580981865889
127.28552499686704 1.0008857525006336
127.38547436867455 0.9978274663586154
127.48542374048206 1.0006694876733175
127.58537311228957 1.0026042850412697
127.68532248409709 0.9973070668946094
127.7852718559046 0.9998499886538031
127.88522122771211 0.9985476652128165
127.98517059951963 1.000590051203244
128.08511997132715 0.9992746787509326
128.18506934313464 1.0005100030060738
128.28501871494217 1.0020061365203008
128.38496808674967 1.000612114390274
128.4849174585572 0.9992677688545408
128.5848668303647 1.0003196940375714
128.68481620217221 0.9979506156743334
128.78476557397974 1.0003455362483178
128.88471494578724 0.9995615373203698
128.98466431759476 0.9992849111163817
129.08461368940226 1.000813844809065
129.1845630612098 1.001247488996438
129.28451243301728 0.9988825241733743
129.3844618048248 1.0008061570015212
129.4844111766323 0.9971436812551897
129.58436054843983 1.0025268578114024
129.68430992024733 1.0006818570303933
129.78425929205486 1.0000277704320608
129.88420866386235 0.9987698732558389
129.98415803566988 1.000545880148705
130.08410740747738 0.9998974860416112
130.1840567792849 1.0011092864325963
130.2840061510924 1.0006794173026996
130.38395552289992 0.9982228793223508
130.48390489470745 0.9996467383810667
130.58385426651495 1.0003367703913917
130.68380363832247 0.999606218058928
130.78375301012997 1.0008025382160282
130.8837023819375 0.9975300128684684
130.983651753745 0.9997067484448923
131.08360112555252 1.001054125448812
131.18355049736002 0.9990270030984628
131.28349986916754 1.0016160826127536
131.38344924097504 0.9997390759124565
131.48339861278257 1.0003233943976009
131.58334798459006 0.9997632336446715
131.6832973563976 1.0006711238408106
131.78324672820509 0.9998296090834522
131.8831961000126 1.000886997664809
131.98314547182014 0.9991377093097714
132.08309484362763 0.9996896906028361
132.18304421543516 0.9997629888695719
132.28299358724266 0.9976834713705318
132.38294295905018 1.0007271848798924
132.48289233085768 1.000887676285567
132.5828417026652 1.002154872186117
132.6827910744727 1.0002218333164299
132.78274044628023 0.9998946603755503
132.88268981808773 0.9995939431400015
132.98263918989525 0.9988945392208513
133.08258856170275 0.9997177564608857
133.18253793351028 0.9999180162682711
133.28248730531777 0.999317511775476
133.3824366771253 0.9983955739478839
133.4823860489328 1.0012049210503877
133.58233542074032 1.0023114063267466
133.68228479254785 0.9986079643343511
133.78223416435534 0.9997940871150534
133.88218353616287 0.9993708060232226
133.98213290797037 1.001028002673987
134.0820822797779 0.9999077089013506
134.1820316515854 0.9986526121003562
134.28198102339292 1.0007967857865163
134.3819303952004 1.0007930145628974
134.48187976700794 1.0007517534887258
134.58182913881544 0.9987227984111777
134.68177851062296 1.000300928567691
134.78172788243046 0.9992204632905753
134.88167725423799 1.0021259804950897
134.98162662604548 1.0020190025889177
135.081575997853 1.000035909836925
135.18152536966053 0.999100188621887
135.28147474146803 1.00193639280495
135.38142411327556 0.999938149949369
135.48137348508305 0.9977978978580224
135.58132285689058 0.999890833896532
135.68127222869808 1.0006251782486757
135.7812216005056 0.9996931560096249
135.8811709723131 0.9982566461116628
135.98112034412063 1.0000854688266665
136.08106971592812 0.9998540874661136
136.18101908773565 0.9992001513165868
136.28096845954315 1.0037778719269785
136.38091783135067 0.9998158227607038
136.48086720315817 0.9986033236061747
136.5808165749657 0.9992424471060499
136.6807659467732 1.0003097508597008
136.78071531858072 0.99960790161174
136.88066469038824 0.9993782205929903
