r/sigma_0 g(r)

0.0499746859037562 0.0
0.1499240577112686 0.0
0.249873429518781 0.0
0.3498228013262934 0.0
0.4497721731338058 0.0
0.5497215449413182 0.0
0.6496709167488306 0.0
0.749620288556343 0.0
0.8495696603638554 0.0
0.9495190321713678 0.0
1.0494684039788802 1.8645055409585714
1.1494177757863926 1.6381863501679002
1.249367147593905 1.409417493825919
1.3493165194014174 1.2491571776059074
1.4492658912089298 1.1413999998722753
1.5492152630164422 1.0569689010994872
1.6491646348239546 0.9866340863016043
1.749114006631467 0.9153854817797147
1.8490633784389794 0.9349422141776856
1.9490127502464918 0.9176341942392586
2.048962122054004 0.9495505768777742
2.1489114938615166 1.0149307727047723
2.248860865669029 1.0232821811073052
2.3488102374765414 1.0504701406227108
2.448759609284054 1.0397821875156381
2.548708981091566 1.0109811640258766
2.6486583528990786 1.0106059093947348
2.748607724706591 1.0191410322211807
2.8485570965141034 1.0041580235365193
2.948506468321616 1.0108929197475445
3.048455840129128 0.9975981235716705
3.1484052119366406 1.0073168413786757
3.248354583744153 1.0018130722447058
3.3483039555516654 1.0105879633265737
3.4482533273591778 1.0055393312165195
3.54820269916669 1.0032434085508481
3.6481520709742026 1.0087844859082709
3.748101442781715 0.9843618185967307
3.8480508145892274 0.9970712528132647
3.9480001863967398 1.0151199323812732
4.047949558204252 1.0101828474545649
4.147898930011765 0.9993413822312778
4.2478483018192765 0.9943206442767633
4.34779767362679 1.0015557622281563
4.447747045434301 1.0073916644057728
4.547696417241815 1.003342041096956
4.647645789049326 1.0006086468917514
4.747595160856839 0.9856922487856434
4.847544532664351 0.9959727409194106
4.947493904471864 1.0062133524082801
5.047443276279376 1.0138400514803498
5.147392648086889 0.9933804571792707
5.2473420198944005 1.0150719166428464
5.347291391701914 0.9940140984986691
5.447240763509425 0.9958968975787149
5.547190135316939 1.0023525907909472
5.64713950712445 1.0052430524950287
5.747088878931963 0.9972733592170815
5.847038250739475 0.9866258337131504
5.946987622546988 0.9986494043187204
6.0469369943545 1.005491626036228
6.146886366162013 0.9932869809325728
6.2468357379695245 1.000760768185783
6.346785109777038 1.007539192475346
6.446734481584549 1.0110610764025798
6.546683853392063 0.9955439524778075
6.646633225199574 0.9937898250855086
6.746582597007087 0.9980276099209409
6.846531968814599 0.9981103044715205
6.946481340622112 0.9968916381517163
7.046430712429624 1.002637611183435
7.146380084237137 1.0033208201552177
7.2463294560446485 0.9975392843420876
7.346278827852162 0.9981287630765606
7.446228199659673 1.007862208504052
7.546177571467187 1.0023557591822545
7.646126943274698 0.997444491729722
7.746076315082211 1.0099963123342555
7.846025686889723 0.9982801706661822
7.945975058697236 1.0032913911133732
8.045924430504748 0.9952480971230453
8.145873802312261 0.9930385252914691
8.245823174119773 1.000377121853742
8.345772545927286 1.0056319649642131
8.445721917734797 1.0121764823806578
8.54567128954231 1.0056176458259427
8.645620661349822 1.0028019803961545
8.745570033157335 1.0010217433272814
8.845519404964847 1.0013819514289033
8.94546877677236 0.993219444420441
9.045418148579872 1.0030467065541995
9.145367520387385 0.9945801113876103
9.245316892194896 1.001395736616167
9.34526626400241 1.0066740410225545
9.445215635809921 1.004507031500353
9.545165007617435 1.003719990513493
9.645114379424946 1.004820332581086
9.74506375123246 0.9933434407145558
9.845013123039971 1.0016704071927345
9.944962494847484 0.9981948430274679
10.044911866654996 0.9971398777492345
10.144861238462509 1.0008930346568552
10.24481061027002 0.9994178490231765
10.344759982077534 1.0051545094288359
10.444709353885045 1.006385570898908
10.544658725692559 1.0060328514807235
10.64460809750007 1.0017973458331875
10.744557469307583 0.9971713366966258
10.844506841115095 1.0044997803780864
10.944456212922608 0.9882212964645024
11.04440558473012 1.0100600295205167
11.144354956537633 1.0053115443287428
11.244304328345144 0.9975791642643607
11.344253700152658 1.012324739530974
11.44420307196017 1.004805313064292
11.544152443767683 1.001990974472946
11.644101815575194 1.0004101357494406
11.744051187382707 0.9967997827873027
11.844000559190219 0.9989418295805919
11.943949930997732 0.9912490787895443
12.043899302805244 0.9986460712271877
12.143848674612757 1.0026650450245638
12.243798046420268 1.0061198623705103
12.343747418227782 1.0064657078762622
12.443696790035293 1.0040547536693363
12.543646161842807 1.0030786181916915
12.643595533650318 0.9941835900999733
12.743544905457831 1.0063370441458115
12.843494277265343 0.9981543465594994
12.943443649072856 0.9994273508851907
13.043393020880368 1.0018609657149395
13.143342392687881 0.998765297192722
13.243291764495392 1.00792057939555
13.343241136302906 1.003175055334438
13.443190508110417 0.9989146742113003
13.54313987991793 0.9961868837698776
13.643089251725442 1.00375054422542
13.743038623532955 1.0067433336387839
13.842987995340467 1.0044973949682794
13.94293736714798 0.9936801995659775
14.042886738955492 1.005487565153977
14.142836110763005 1.002134678241249
14.242785482570516 1.000263627045164
14.34273485437803 0.9971604066477631
14.442684226185541 1.0006418414756915
14.542633597993055 1.002597229796458
14.642582969800566 0.9976204080538649
14.74253234160808 1.0038362012978774
14.84248171341559 1.0031378877778248
14.942431085223104 1.0018095200435886
15.042380457030616 1.006056347598377
15.142329828838129 1.0039200316148815
15.24227920064564 0.9980334137905258
15.342228572453154 0.9970496862535826
15.442177944260665 1.0029875517894544
15.542127316068179 0.9932760136172529
15.64207668787569 1.0002479701627447
15.742026059683203 0.994841285518923
15.841975431490715 0.9995710730557426
15.941924803298228 1.0072380962366312
16.04187417510574 1.003841080299285
16.14182354691325 1.004744429988215
16.241772918720766 1.0071562931650127
16.341722290528278 1.000476629899658
16.44167166233579 1.0016745040102484
16.5416210341433 0.9968574726615225
16.641570405950816 0.9970739452600766
16.741519777758327 0.9968439670253323
16.84146914956584 1.0022424247910022
16.94141852137335 0.9963764860666015
17.041367893180865 1.005358543971983
17.141317264988377 1.0049772445820315
17.24126663679589 0.9996438614292108
17.3412160086034 0.9994223282871142
17.441165380410915 1.0056398920962808
17.541114752218427 1.0041460790005994
17.641064124025938 1.0022479602777845
17.74101349583345 1.0004161066166632
17.840962867640965 0.9987832834952759
17.940912239448476 1.0058223199406096
18.040861611255988 1.0016768290960436
18.1408109830635 0.9959970230201142
18.240760354871014 0.9981343057152248
18.340709726678526 0.9969201620209964
18.440659098486037 1.0014902551383098
18.54060847029355 1.0028333390879256
18.640557842101064 1.000930135992246
18.740507213908575 1.0001943105143132
18.840456585716087 1.0026357130275436
18.9404059575236 0.9967562562090831
19.040355329331113 1.0015038536036325
19.140304701138625 1.0033316799583005
19.240254072946136 1.0091544570390987
19.340203444753648 0.9962409629048223
19.440152816561163 1.0040744363496774
19.540102188368675 1.002333992090875
19.640051560176186 0.9956385422607342
19.740000931983698 1.0038131862964754
19.839950303791213 0.9983950226423601
19.939899675598724 1.0052627224728912
20.039849047406236 1.0046589434159692
20.139798419213747 0.9997125755131852
20.239747791021262 0.9971228511401212
20.339697162828774 0.9956024195215889
20.439646534636285 0.9996930508743453
20.539595906443797 0.9944665758366097
20.639545278251312 1.0053895022977313
20.739494650058823 1.0010945004765648
20.839444021866335 1.0013998669219575
20.939393393673846 1.0041864851705589
21.03934276548136 1.001951439337625
21.139292137288873 1.0006163415667098
21.239241509096384 1.0021552536887837
21.339190880903896 1.0005332233330924
21.43914025271141 0.9991120000437723
21.539089624518923 1.001215577181635
21.639038996326434 1.0030053730616864
21.738988368133946 1.0018853819938822
21.83893773994146 1.0031817914225014
21.938887111748972 0.9996397239375528
22.038836483556484 0.9984900243466307
22.138785855363995 0.9989570544354999
22.23873522717151 1.0016395731631782
22.33868459897902 1.001470551053323
22.438633970786533 1.007074847285146
22.538583342594045 1.0025264581958768
22.63853271440156 1.0053568594284525
22.73848208620907 1.0031786398455707
22.838431458016583 1.0004849454432363
22.938380829824094 0.9954429153987521
23.03833020163161 0.9959394884340558
23.13827957343912 0.9991386560827197
23.238228945246632 0.9966457272949762
23.338178317054144 1.0076836208437348
23.43812768886166 1.0070211822795387
23.53807706066917 0.9960026139457024
23.638026432476682 1.000604662990273
23.737975804284194 1.0026188984160125
23.83792517609171 1.00653115491836
23.93787454789922 1.0008650720827008
24.03782391970673 0.9993311397236606
24.137773291514243 0.9947423313449472
24.237722663321758 0.9976589744517499
24.33767203512927 1.001042368601107
24.43762140693678 0.9975671458628443
24.537570778744293 1.0034650555682858
24.637520150551808 1.002733488624214
24.73746952235932 1.0047221096746757
24.83741889416683 0.9959133664992577
24.937368265974342 1.0019574809658702
25.037317637781857 1.00002462761003
25.13726700958937 1.0015489664447526
25.23721638139688 0.9958893724234372
25.337165753204392 0.9977846029317009
25.437115125011907 1.0005413353933035
25.53706449681942 0.9997638414824664
25.63701386862693 1.0023360836575226
25.73696324043444 1.003537510693794
25.836912612241957 1.0022335855231745
25.936861984049468 1.0001825229558317
26.03681135585698 1.0016943632741693
26.13676072766449 0.9989198078308326
26.236710099472006 0.9926159160952914
26.336659471279518 0.9974545686569894
26.43660884308703 1.000289023521953
26.53655821489454 0.9978915960732717
26.636507586702056 0.9969867572342699
26.736456958509567 1.0026102260131473
26.83640633031708 1.0105454542042254
26.93635570212459 0.9996033658971193
27.036305073932105 1.004300788339044
27.136254445739617 0.999340086086536
27.23620381754713 0.9992975924297982
27.33615318935464 0.9975175909022957
27.436102561162155 0.9982655685739149
27.536051932969666 0.9998177086876322
27.636001304777178 0.9986121215100594
27.73595067658469 0.9967454253267355
27.835900048392205 0.9975235693761972
27.935849420199716 1.0039296884545137
28.035798792007228 1.002726633786543
28.13574816381474 0.9996361786638581
28.235697535622254 1.000496463046595
28.335646907429766 0.9974637747386909
28.435596279237277 1.0038228502022133
28.53554565104479 1.002529633949556
28.635495022852304 1.000476204763911
28.735444394659815 0.997698202470684
28.835393766467327 1.0030295195156358
28.93534313827484 0.9997207460309366
29.035292510082353 0.9986101546002923
29.135241881889865 1.0026901978299734
29.235191253697376 1.0007055748742038
29.335140625504888 0.9964365586673875
29.435089997312403 1.0023307407253264
29.535039369119914 1.0041594423291107
29.634988740927426 0.9987040396656451
29.734938112734937 0.9987743582168387
29.834887484542453 1.0012993299518238
29.934836856349964 0.997885168039864
30.034786228157476 0.998531860926326
30.134735599964987 1.002556100820658
30.234684971772502 1.0021034133112172
30.334634343580014 0.9980141950461018
30.434583715387525 0.9992187755293581
30.534533087195037 1.0006588336178972
30.63448245900255 0.9991786602260381
30.734431830810063 1.0011275840681617
30.834381202617575 1.0057923032053109
30.934330574425086 0.9972835050839234
31.0342799462326 0.9990743251834395
31.134229318040113 0.9948100303303887
31.234178689847624 1.0034032932231898
31.334128061655136 1.0041410840128508
31.43407743346265 1.0006865388160358
31.534026805270162 0.9992485012572307
31.633976177077674 0.9983648670061466
31.733925548885185 1.0034580210627877
31.8338749206927 0.9999823112853047
31.933824292500212 0.9988470454609486
32.03377366430772 0.999160414800216
32.133723036115235 0.9980595447430107
32.23367240792275 0.9958045928962774
32.33362177973026 1.0045129811750568
32.43357115153778 1.0012946698154257
32.53352052334529 1.0012938779459486
32.6334698951528 0.9981051400195438
32.73341926696031 0.9974492609624747
32.83336863876782 1.00111370494045
32.933318010575334 1.003224794588808
33.033267382382846 1.0038850050563366
33.13321675419036 1.0025467759028879
33.233166125997876 0.9918652532035881
33.33311549780539 0.9969405547193197
33.4330648696129 1.0016362374076309
33.53301424142041 1.0039691895021836
33.63296361322792 0.9987288432753887
33.73291298503543 1.0022917773922835
33.832862356842945 1.000891798128696
33.93281172865046 1.0007749087712488
34.032761100457975 1.001781639698551
34.13271047226549 1.003140139216061
34.232659844073 0.999195670447877
34.33260921588051 0.9948567456082099
34.43255858768802 1.0011101385595003
34.53250795949553 0.9984738695373033
34.632457331303044 0.9960980368463183
34.732406703110556 1.0037685972927624
34.832356074918074 0.9997759486092472
34.932305446725586 1.003160372834635
35.0322548185331 1.0035785516712308
35.13220419034061 0.995035174391181
35.23215356214812 1.0003401432339893
35.33210293395563 0.9963761093900818
35.43205230576314 1.002156698853755
35.532001677570655 1.001025712628325
35.63195104937817 0.9961025078940401
35.731900421185685 0.9985376198873867
35.8318497929932 1.0028404262771273
35.93179916480071 1.0053171086765385
36.03174853660822 0.9999210398630247
36.13169790841573 0.9976838570808894
36.23164728022324 0.9961622062097213
36.331596652030754 0.9983232081040412
36.43154602383827 0.999445211038071
36.531495395645784 0.9990863278329049
36.631444767453296 1.003170550990016
36.73139413926081 0.9986056279530531
36.83134351106832 0.9992174976857229
36.93129288287583 1.0025783384572162
37.03124225468334 1.0013343352450323
37.13119162649085 1.0024056491920252
37.23114099829837 0.9992227785818022
37.33109037010588 1.0011257807696679
37.431039741913395 0.9976655383452183
37.530989113720906 0.9988059235158117
37.63093848552842 0.9992420522893065
37.73088785733593 1.0003229826873687
37.83083722914344 0.9993427345677155
37.93078660095095 0.9996970368035093
38.03073597275847 0.9995958825971275
38.13068534456598 1.003713066874185
38.230634716373494 1.0009154333441206
38.330584088181006 1.002335125395319
38.43053345998852 1.00028073398155
38.53048283179603 1.0019633335770437
38.63043220360354 1.0021807779067824
38.73038157541105 1.000108428222187
38.83033094721857 0.9953743899877292
38.93028031902608 0.9956752471902541
39.03022969083359 1.002352652049217
39.130179062641105 0.9981307008764768
39.230128434448616 1.001087653950338
39.33007780625613 1.0016071077702784
39.43002717806364 1.0022181582367338
39.52997654987115 1.000939567577849
39.62992592167867 1.0011541098210854
39.72987529348618 0.9995038734279555
39.82982466529369 1.0013667428541582
39.929774037101204 1.0005949251184505
40.029723408908715 0.9999529295346447
40.12967278071623 1.0029514885596202
40.22962215252374 0.9984542123598583
40.32957152433125 0.9995464113913783
40.42952089613877 0.9955064706708344
40.52947026794628 1.0004050208941413
40.62941963975379 0.9981530249035544
40.7293690115613 0.9996913621308563
40.829318383368815 1.0018591725977588
40.929267755176326 0.9977656491845927
41.02921712698384 1.0004774013579234
41.12916649879135 1.0041116096533211
41.22911587059887 1.0012589934559168
41.32906524240638 1.0015987933364499
41.42901461421389 1.0008735643258528
41.5289639860214 0.9982602256614813
41.628913357828914 1.000421709608358
41.728862729636425 1.0007856991072521
41.82881210144394 0.9982293723980101
41.92876147325145 0.998685467124324
42.02871084505897 0.9932605419425488
42.12866021686648 0.9985076374405809
42.22860958867399 1.0008452340634224
42.3285589604815 1.0013974311631118
42.42850833228901 1.0032730980315263
42.528457704096525 0.9989807198837328
42.628407075904036 1.0027521026483306
42.72835644771155 1.0006859858352952
42.828305819519066 0.9975574897122675
42.92825519132658 0.9973615770359764
43.02820456313409 0.9969383631354273
43.1281539349416 1.0002277203584358
43.22810330674911 0.9966196515467672
43.328052678556624 1.0005867147559333
43.428002050364135 1.0030199662976609
43.52795142217165 1.000015658479465
43.627900793979165 1.0052616247717996
43.72785016578668 1.0024722795788668
43.82779953759419 0.9991022324419304
43.9277489094017 0.9973847867954676
44.02769828120921 0.99987655412244
44.12764765301672 1.0008895683431889
44.227597024824234 0.9980336105318676
44.327546396631746 0.9980523565215828
44.427495768439265 0.9975274195136252
44.527445140246776 1.0027087531782266
44.62739451205429 0.9983519116953405
44.7273438838618 1.0037218544606117
44.82729325566931 0.9980441868594873
44.92724262747682 0.9993149779187406
45.027191999284334 0.9997785362417442
45.127141371091845 1.0028394420097764
45.227090742899364 1.0014506103528202
45.327040114706875 0.9994882525660896
45.42698948651439 1.0018226893700626
45.5269388583219 1.000719216556918
45.62688823012941 0.999870691323252
45.72683760193692 0.9985557620531514
45.82678697374443 1.00339683486446
45.926736345551944 0.9966480635923681
46.02668571735946 1.0004804915724401
46.126635089166975 1.0006485506503242
46.226584460974486 0.9966248617007132
46.326533832782 1.0005700241057947
46.42648320458951 1.000645342526785
46.52643257639702 1.0016558138975078
46.62638194820453 0.9976416992484564
46.726331320012044 0.9987110698788306
46.82628069181956 1.0019465660098452
46.926230063627074 0.9984495123000511
47.026179435434585 1.0014009225420877
47.1261288072421 0.9999810028588104
47.22607817904961 0.9998539863418506
47.32602755085712 0.9989087746065629
47.42597692266463 1.0002003242772637
47.52592629447214 0.9988618841334567
47.62587566627966 0.9979915747726376
47.72582503808717 0.9992546877302113
47.825774409894684 1.0037254815614705
47.925723781702196 0.9976119221354385
48.02567315350971 1.0020730519672536
48.12562252531722 0.9977640129904867
48.22557189712473 0.9987228413247203
48.32552126893224 0.9987495944918682
48.42547064073976 1.0013301195264723
48.52542001254727 0.9992184252884875
48.625369384354784 1.0006248445425698
48.725318756162295 1.0003479076906154
48.82526812796981 1.0015179632292812
48.92521749977732 1.0005188809237215
49.02516687158483 1.000888047933218
49.12511624339234 0.9966636887600454
49.22506561519986 0.9995893222195047
49.32501498700737 0.9993286116777934
49.42496435881488 1.0000140062928988
49.524913730622394 0.9992015377138583
49.624863102429906 1.0012909451846392
49.72481247423742 0.9966683961615094
49.82476184604493 1.0015562520231198
49.92471121785244 1.0007046752677147
50.02466058965996 0.9997079548242583
50.12460996146747 1.0012248766134721
50.22455933327498 0.9969337970665169
50.32450870508249 1.0004752752069224
50.424458076890005 1.0047342947155857
50.52440744869752 0.9980297110250637
50.62435682050503 1.0014065047677885
50.72430619231254 0.9976648537766499
50.82425556412006 0.9996244273613492
50.92420493592757 0.998871529010735
51.02415430773508 1.0023606504833107
51.12410367954259 0.99830377880036
51.224053051350104 0.9969568667614552
51.324002423157616 0.9974870758235306
51.42395179496513 1.004223756790171
51.52390116677264 1.0027341259522005
51.62385053858016 1.0009520915948593
51.72379991038767 0.9997772663156078
51.82374928219518 0.9982536194306522
51.92369865400269 1.0022866056113293
52.0236480258102 1.0018454856533618
52.123597397617715 0.9982136231064428
52.223546769425226 0.9950174565650739
52.32349614123274 1.0012981320069345
52.42344551304026 1.0003205754952773
52.52339488484777 0.9987100809261727
52.62334425665528 1.0004241616079288
52.72329362846279 1.0049204064683286
52.8232430002703 0.9997532425625048
52.923192372077814 1.001671272669613
53.023141743885326 1.0004688235899286
53.12309111569284 1.0035473082918662
53.223040487500356 0.9952551586415638
53.32298985930787 1.0015819061819442
53.42293923111538 1.0008158507629106
53.52288860292289 0.9967651788709039
53.6228379747304 0.9977332947747671
53.72278734653791 1.002264515702022
53.822736718345425 1.0018381817220543
53.922686090152936 1.000045188826101
54.022635461960455 1.0006267126503492
54.12258483376797 1.0020396915240974
54.22253420557548 0.9997227410288245
54.32248357738299 0.9985672950414709
54.4224329491905 0.9979330052478478
54.52238232099801 1.000085302459203
54.622331692805524 1.0032451877869268
54.722281064613036 1.0005495105131013
54.822230436420554 1.0011797248236565
54.922179808228066 0.996448783119375
55.02212918003558 0.9981308302391413
55.12207855184309 0.9978857387226241
55.2220279236506 1.0008278588172341
55.32197729545811 1.002756725542003
55.42192666726562 1.002949955973913
55.521876039073135 0.9999542543188408
55.62182541088065 0.9990925808801058
55.721774782688165 0.9983149665311878
55.821724154495676 0.9998935098269073
55.92167352630319 0.9999097908232948
56.0216228981107 0.9982205769354748
56.12157226991821 0.9991619124042158
56.22152164172572 1.0026489604240159
56.321471013533234 0.998961234698896
56.42142038534075 1.0016272376948572
56.521369757148264 1.0025934540832193
56.621319128955776 1.0002986902145434
56.72126850076329 0.9951578904399264
56.8212178725708 0.9997221254487217
56.92116724437831 1.0011278342488823
57.02111661618582 1.003408275171247
57.12106598799333 0.9963791586263421
57.22101535980085 0.9998101582157137
57.32096473160836 1.0003401103975387
57.420914103415875 1.0003135920057076
57.520863475223386 0.9987184569724837
57.6208128470309 0.9992199099742352
57.72076221883841 0.9978161078682818
57.82071159064592 1.0021224330408685
57.92066096245343 0.9995271465415435
58.02061033426095 1.0016887268479797
58.12055970606846 0.9993679544649445
58.220509077875974 0.9993434692114264
58.320458449683485 0.9988139521898194
58.420407821491 1.0012436139913743
58.52035719329851 1.0019779386652967
58.62030656510602 0.9996266576316439
58.72025593691353 1.0029057746555672
58.82020530872105 0.9973123187448815
58.92015468052856 0.9986654153143898
59.02010405233607 0.9989302369577718
59.120053424143585 1.0030188298304792
59.220002795951096 0.9952939138798286
59.31995216775861 1.0003233263790832
59.41990153956612 0.9970551273962244
59.51985091137363 0.9978287433265803
59.61980028318115 1.0001755670804646
59.71974965498866 1.0022967809700416
59.81969902679617 1.0019619352895146
59.919648398603684 1.0018319472016004
60.019597770411195 0.9978731429039498
60.11954714221871 1.003158042478471
60.21949651402622 0.9993908690473001
60.31944588583373 1.0014350968562482
60.41939525764125 0.9981927681750296
60.51934462944876 1.0000173451150078
60.61929400125627 0.999401725088542
60.71924337306378 1.001060955785139
60.819192744871295 0.9995292812952872
60.919142116678806 1.0011305804715889
61.01909148848632 0.9971377355383955
61.11904086029383 1.0012301452947507
61.21899023210135 1.0009913973805957
61.31893960390886 1.0043067724344532
61.41888897571637 0.9995656070262996
61.51883834752388 0.9986534283069678
61.618787719331394 1.0025551365651706
61.718737091138905 1.0020710742205776
61.81868646294642 0.9948140960086209
61.91863583475393 1.0029421102698162
62.01858520656145 0.9965586884108695
62.11853457836896 0.9967880565288267
62.21848395017647 1.0007063404757832
62.31843332198398 1.002095191646657
62.41838269379149 1.002561198790781
62.518332065599004 1.0033992791166688
62.618281437406516 0.9986444181296495
62.71823080921403 0.9986228418366784
62.818180181021546 1.0007010467833075
62.91812955282906 0.9981285622164422
63.01807892463657 1.0022729541171622
63.11802829644408 0.9990081468047501
63.21797766825159 0.9987090943231293
63.317927040059104 0.9996432661247879
63.417876411866615 0.9987666497021287
63.51782578367413 1.0010431836578275
63.617775155481645 1.003216615829368
63.71772452728916 0.9982525269375538
63.81767389909667 1.00443241861627
63.91762327090418 0.9950475066708215
64.0175726427117 1.0013126001058994
64.11752201451921 1.0029057464740607
64.21747138632672 1.0004397387700257
64.31742075813423 0.9993348199320253
64.41737012994174 0.9992385834825732
64.51731950174926 0.9993688882280474
64.61726887355677 0.9956216433900024
64.71721824536428 1.0020846716220089
64.81716761717179 1.0006008541715898
64.9171169889793 1.0019506236445443
65.01706636078681 0.9975326125610238
65.11701573259433 1.0006069377582698
65.21696510440184 0.9980886506182974
65.31691447620935 1.0018231363615662
65.41686384801686 1.003120157426721
65.51681321982437 0.9991634418079557
65.6167625916319 0.9990166458781721
65.71671196343941 0.9987895277965394
65.81666133524692 1.0014461948716253
65.91661070705443 0.9998512042253225
66.01656007886194 0.9992861665187939
66.11650945066945 1.0017534178195968
66.21645882247697 1.0012112623528102
66.31640819428448 0.99943815141918
66.41635756609199 0.9997322575129913
66.5163069378995 0.999610531409914
66.61625630970701 1.0000827718966694
66.71620568151452 0.9996267390215792
66.81615505332203 0.9984730015642714
66.91610442512955 1.0026927420883298
67.01605379693706 0.9995063242283154
67.11600316874457 1.0017862442656065
67.2159525405521 0.9991634207259559
67.3159019123596 0.9989769626999634
67.41585128416712 1.0013026401666194
67.51580065597463 1.0017503605135114
67.61575002778214 1.0014235299414214
67.71569939958965 0.9995926843914688
67.81564877139716 0.998103791590096
67.91559814320468 1.0030317882741713
68.01554751501219 0.9964189700236369
68.1154968868197 1.0000024712911653
68.21544625862721 1.0006653729790218
68.31539563043472 0.9988594780814938
68.41534500224223 1.000135016588585
68.51529437404974 0.9998458212925763
68.61524374585726 1.0014411053028225
68.71519311766477 1.0033291387643792
68.8151424894723 0.9972285220292706
68.9150918612798 0.996929815775181
69.01504123308732 1.003411470148375
69.11499060489483 1.000973558440136
69.21493997670234 0.9990411499332957
69.31488934850985 0.9966663451579864
69.41483872031736 1.0008858966055445
69.51478809212487 0.9997407778696574
69.61473746393239 1.0004898505532094
69.7146868357399 1.0021237688893656
69.81463620754741 1.0008525489258957
69.91458557935492 0.9980058464471443
70.01453495116243 0.9998902792180521
70.11448432296994 0.9997670044012695
70.21443369477745 0.9962196322551063
70.31438306658497 1.0040016850968636
70.41433243839249 1.0002774599876285
70.5142818102 1.0029018155933245
70.61423118200752 0.9975021933705729
70.71418055381503 0.9994137298414106
70.81412992562254 0.9979693951020222
70.91407929743005 0.9982880846430229
71.01402866923756 0.9995999684557079
71.11397804104507 1.0018486117298104
71.21392741285258 0.997845001855796
71.3138767846601 0.9983146594680199
71.41382615646761 1.0015293212262921
71.51377552827512 1.003588276685422
71.61372490008263 1.0022394776735657
71.71367427189014 0.9985777844015061
71.81362364369765 1.0021696099090895
71.91357301550516 0.9983742650890702
72.01352238731269 0.9973939812192055
72.1134717591202 1.0001812678558695
72.21342113092771 1.0006638921635949
72.31337050273522 0.9966897598226352
72.41331987454274 1.0020576102803371
72.51326924635025 0.9989452733006782
72.61321861815776 1.0026870946299558
72.71316798996527 1.0009219458325105
72.81311736177278 0.9989101486403896
72.9130667335803 1.001300805401774
73.0130161053878 0.9959680942853223
73.11296547719532 1.0023091955247159
73.21291484900283 0.9987296404395499
73.31286422081034 0.9992142460706587
73.41281359261785 1.0021232454165838
73.51276296442536 0.9968076175957026
73.61271233623289 0.9955010471907598
73.7126617080404 1.0025436697042907
73.81261107984791 1.0027645498767581
73.91256045165542 0.9980979862543641
74.01250982346293 1.0025662516117437
74.11245919527045 0.9997996999813424
74.21240856707796 0.9994795153162488
74.31235793888547 0.9983495041592677
74.41230731069298 0.9999402129721934
74.51225668250049 1.001106370051842
74.612206054308 0.996297267645022
74.71215542611552 1.001351286099486
74.81210479792303 0.9981546088227361
74.91205416973054 1.0029588431275032
75.01200354153805 0.9989371122448863
75.11195291334556 0.998360446202456
75.21190228515309 1.0019843449849455
75.3118516569606 1.0008483868209648
75.41180102876811 1.0025906629578931
75.51175040057562 0.9961112228862983
75.61169977238313 1.0018635073963233
75.71164914419064 0.9988829049199426
75.81159851599816 0.9987877255422236
75.91154788780567 1.0007554821176505
76.01149725961318 0.9989821804792488
76.11144663142069 0.9999193665404509
76.2113960032282 1.0012197381925434
76.31134537503571 1.002353248745684
76.41129474684323 1.002049357507501
76.51124411865074 1.0000639531014452
76.61119349045825 1.000089471503982
76.71114286226576 0.997717395927404
76.81109223407329 0.9975351381815124
76.9110416058808 0.9984023498278709
77.01099097768831 1.000535499254882
77.11094034949582 0.9989770597931632
77.21088972130333 1.002499463261853
77.31083909311084 0.9998508841083196
77.41078846491835 1.0044704259720478
77.51073783672587 0.9994636129880011
77.61068720853338 0.9985526228062416
77.71063658034089 0.9982211344469658
77.8105859521484 0.9971878828092124
77.91053532395591 0.998909634293932
78.01048469576342 1.001834688105315
78.11043406757094 1.0009196970727832
78.21038343937845 0.9965967613698039
78.31033281118596 1.0000219150685412
78.41028218299348 1.0005275240948632
78.510231554801 0.9981957263368052
78.6101809266085 1.0020311656504806
78.71013029841602 0.999632573323439
78.81007967022353 1.0001428462005022
78.91002904203104 1.0029287333537542
79.00997841383855 1.0006859033341364
79.10992778564606 0.9988915652213546
79.20987715745358 0.9995844750511241
79.30982652926109 0.9965813492545345
79.4097759010686 1.0015933700586863
79.50972527287611 1.0002508494698312
79.60967464468362 1.0016519789205998
79.70962401649113 0.9972263120392773
79.80957338829865 1.0011682665551431
79.90952276010616 1.0001252568797845
80.00947213191368 1.000537705575553
80.1094215037212 0.9994748951366075
80.2093708755287 0.9983651022252046
80.30932024733622 0.9984477385688459
80.40926961914373 0.9975961216154124
80.50921899095124 1.0009462646132095
80.60916836275875 1.0009167459754813
80.70911773456626 0.9980265138341156
80.80906710637377 1.000345593597445
80.90901647818129 1.0050567233365242
81.0089658499888 0.9980999022903335
81.10891522179631 0.9972069792369955
81.20886459360382 1.0031104781807068
81.30881396541133 1.0011691086160124
81.40876333721884 0.9987663260141445
81.50871270902636 0.9999901113800762
81.60866208083388 0.999139365485583
81.70861145264139 0.9980503461806904
81.8085608244489 1.0001983245088086
81.90851019625642 0.9987704591934334
82.00845956806393 1.0005045677691073
82.10840893987144 0.9978289360115163
82.20835831167895 1.0015937967052324
82.30830768348646 0.9999164470335722
82.40825705529397 1.0005941028730143
82.50820642710148 1.0020999894026505
82.608155798909 0.9994450391669285
82.70810517071651 1.0002587857190643
82.80805454252402 1.0007180274673908
82.90800391433153 0.999770901330765
83.00795328613904 1.0021479415160583
83.10790265794655 1.0019390376110775
83.20785202975408 0.9983816459656095
83.30780140156159 0.9985441160161024
83.4077507733691 0.998298917351217
83.50770014517661 1.0039559657353478
83.60764951698413 0.9977817104087445
83.70759888879164 1.0008609551023042
83.80754826059915 1.0000093250976283
83.90749763240666 0.9996278359739429
84.00744700421417 1.0001097041134421
84.10739637602168 0.9991042329016979
84.2073457478292 1.00021275820851
84.3072951196367 0.9984320126821007
84.40724449144422 0.9984413856179071
84.50719386325173 1.0018644310649965
84.60714323505924 0.997443753667713
84.70709260686675 0.9999575763237365
84.80704197867428 1.0007693551767074
84.90699135048179 1.004579881485721
85.0069407222893 1.0011102835585586
85.10689009409681 0.9971686099581863
85.20683946590432 1.0005588119059912
85.30678883771184 0.9986958607328464
85.40673820951935 0.9983567867933684
85.50668758132686 1.0008646573835078
85.60663695313437 0.9977399168828917
85.70658632494188 1.000347939449848
85.80653569674939 1.0015951880484055
85.9064850685569 0.9984403430410783
86.00643444036442 1.0005971998302705
86.10638381217193 1.0010415395223338
86.20633318397944 1.0017988634402375
86.30628255578695 1.000555677380613
86.40623192759448 1.0002890177158055
86.50618129940199 0.9968354226856011
86.6061306712095 1.0012866618658915
86.70608004301701 0.9996243430907
86.80602941482452 0.99797196695019
86.90597878663203 0.999728367320114
87.00592815843954 1.0008584748134353
87.10587753024706 0.9991433414145524
87.20582690205457 0.997821680645675
87.30577627386208 1.0036830672183468
87.40572564566959 1.0007044381969263
87.5056750174771 0.9983664816575856
87.60562438928461 1.0001265811772109
87.70557376109213 0.999755426856888
87.80552313289964 1.0015280733062477
87.90547250470715 0.9978321755836053
88.00542187651467 1.0010263615633475
88.10537124832219 0.9990142117856358
88.2053206201297 0.9994738421487375
88.30526999193721 1.000263025965292
88.40521936374472 1.0008372832002532
88.50516873555223 0.9976529834117884
88.60511810735974 1.0003375303748199
88.70506747916725 0.9986209942774982
88.80501685097477 1.0032947179191993
88.90496622278228 0.9984264228683923
89.00491559458979 0.9988318939393178
89.1048649663973 0.9986854458244669
89.20481433820481 1.0025110747891397
89.30476371001232 1.0027293353893665
89.40471308181984 0.9972477015631773
89.50466245362735 0.9993215909083227
89.60461182543487 0.9966786002961913
89.70456119724238 1.000168591127001
89.8045105690499 1.001877678026069
89.90445994085741 0.9985026755195126
90.00440931266492 1.0003071223995514
90.10435868447243 0.999983938879917
90.20430805627994 0.9991789625980628
90.30425742808745 1.0014145612790966
90.40420679989496 1.000768306863749
90.50415617170248 0.9967013920705643
90.60410554350999 0.9987214268358376
90.7040549153175 0.9998826417582958
90.80400428712501 0.9991707741884538
90.90395365893252 1.0014091504597387
91.00390303074003 1.0016187135898451
91.10385240254755 1.0003159295667614
91.20380177435507 1.0004593040688432
91.30375114616258 0.9986083685557916
91.4037005179701 0.9983555142728648
91.5036498897776 0.9995881915247207
91.60359926158512 0.9970663238356624
91.70354863339263 1.0017300359139607
91.80349800520014 1.0022236212244389
91.90344737700765 0.999646472944116
92.00339674881516 1.0000114425319142
92.10334612062267 1.0003496868107697
92.20329549243019 0.997918232931531
92.3032448642377 1.000883091760372
92.40319423604521 1.0010239917830392
92.50314360785272 0.9971766610485852
92.60309297966023 0.9974788827108555
92.70304235146774 0.9971305913711065
92.80299172327527 0.9986561811860311
92.90294109508278 1.0034693667473866
93.00289046689029 1.0016518660665519
93.1028398386978 1.001594195259825
93.20278921050532 1.0002467420186227
93.30273858231283 1.0009074949827421
93.40268795412034 1.0031835794767656
93.50263732592785 0.9972463085695583
93.60258669773536 1.000567672050283
93.70253606954287 0.9986393842061284
93.80248544135038 0.997247108507601
93.9024348131579 1.0009111477749106
94.00238418496541 1.0003833330124203
94.10233355677292 0.999859459726149
94.20228292858043 0.9986577377351921
94.30223230038794 0.998809416067276
94.40218167219547 1.0010551897333166
94.50213104400298 1.0017937596166335
94.60208041581049 0.9986537655878985
94.702029787618 0.999847299142615
94.80197915942551 0.9988155594099187
94.90192853123303 0.9985214706278012
95.00187790304054 1.0025971145984738
95.10182727484805 0.9990820903734798
95.20177664665556 0.9998396054251506
95.30172601846307 1.000514773471243
95.40167539027058 0.9989658332577552
95.5016247620781 1.0006353605042775
95.6015741338856 1.0002693446878366
95.70152350569312 0.9996045955402744
95.80147287750063 0.9989107608680488
95.90142224930814 0.9986832868895456
96.00137162111567 1.000289128038655
96.10132099292318 1.0016513704343124
96.20127036473069 0.9995375506620993
96.3012197365382 1.001087899695744
96.40116910834571 0.9990506254279307
96.50111848015322 0.9990994352534801
96.60106785196074 1.0008157582437505
96.70101722376825 0.9981977667796188
96.80096659557576 1.0011123111733276
96.90091596738327 1.0002960698585188
97.00086533919078 1.0002421135882889
97.10081471099829 0.9987970871297087
97.2007640828058 1.0014451043881152
97.30071345461332 1.0000672721258965
97.40066282642083 0.9994442990499153
97.50061219822834 0.9978100347197325
97.60056157003586 0.9988384666684078
97.70051094184338 1.0002994166628172
97.80046031365089 0.9983328009313426
97.9004096854584 0.9983762242803927
98.00035905726591 1.001685500946454
98.10030842907342 1.0024774985251739
98.20025780088093 0.9999410261012878
98.30020717268845 0.9988622134487135
98.40015654449596 0.999584541414484
98.50010591630347 0.999815033909017
98.60005528811098 1.000117732499907
98.70000465991849 1.001022127453189
98.799954031726 1.0009925946410114
98.89990340353351 0.9986097389201081
98.99985277534103 0.9994566216388462
99.09980214714854 1.001217683570028
99.19975151895606 1.0016027497271796
99.29970089076357 0.9947334889376322
99.39965026257109 1.0013746656192564
99.4995996343786 0.9994885642870875
99.59954900618611 1.0001855777436377
99.69949837799362 1.0017649528285708
99.79944774980113 0.9995251274318654
99.89939712160864 0.9987907621552967
99.99934649341616 0.9999978974738796
100.09929586522367 1.002957778365246
100.19924523703118 1.0000344027626662
100.29919460883869 0.9982414074725795
100.3991439806462 0.9991376512576099
100.49909335245371 1.0003014684753617
100.59904272426122 0.9995239530247864
100.69899209606874 0.9987717005656911
100.79894146787626 0.9993610813296409
100.89889083968377 1.0005016537813818
100.99884021149128 0.9989544801398136
101.0987895832988 1.0026159030594097
101.19873895510631 1.000004966792646
101.29868832691382 1.000433028967402
101.39863769872133 0.9983868806040226
101.49858707052884 0.9973383639728268
101.59853644233635 0.999551897918474
101.69848581414387 0.9998247560346645
101.79843518595138 0.9989213032649205
101.89838455775889 1.002126892401854
101.9983339295664 1.0023886193276115
102.09828330137391 1.0007054948931704
102.19823267318142 1.0009810842104507
102.29818204498893 1.0006075589577372
102.39813141679646 0.9976326238798905
102.49808078860397 1.000251080565201
102.59803016041148 0.9998327971180142
102.697979532219 0.999149154763176
102.7979289040265 0.9998687006209023
102.89787827583402 0.9982939536961675
102.99782764764153 0.9996931768734433
103.09777701944904 1.0005130699475702
103.19772639125655 1.0002512648843078
103.29767576306406 0.9987721646796128
103.39762513487157 0.9979042363162015
103.49757450667909 0.9996637658762879
103.5975238784866 1.0026213684976402
103.69747325029411 1.0013811417079108
103.79742262210162 0.9998518245333838
103.89737199390913 1.0012399889236485
103.99732136571666 0.9978508470903735
104.09727073752417 0.9977366307041994
104.19722010933168 0.9994641302748484
104.29716948113919 1.0011272489282173
104.3971188529467 0.9973469929963887
104.49706822475422 0.996139079054258
104.59701759656173 1.002634138160053
104.69696696836924 1.0033373056362103
104.79691634017675 0.9990704714602439
104.89686571198426 0.999431609938007
104.99681508379177 1.0007727794610157
105.09676445559928 0.9991745654950389
105.1967138274068 0.9999003849125729
105.29666319921431 1.0020085410886153
105.39661257102182 0.9973114801122371
105.49656194282933 1.0007136550613547
105.59651131463686 0.997290886547345
105.69646068644437 1.0008448329146873
105.79641005825188 1.0016101135340216
105.89635943005939 0.9987851367857485
105.9963088018669 1.0025905186041388
106.09625817367441 0.9984716975266652
106.19620754548193 0.9990563970154486
106.29615691728944 0.9992155531512183
106.39610628909695 0.9997660283384919
106.49605566090446 1.001723473764066
106.59600503271197 0.9995941322789262
106.69595440451948 0.997048414209574
106.795903776327 1.0026857435044452
106.8958531481345 0.9998886577406015
106.99580251994202 1.0015962469503639
107.09575189174953 1.0011694939608422
107.19570126355705 1.0013649566916636
107.29565063536457 1.0009985775114372
107.39560000717208 0.9986361763001899
107.49554937897959 0.9978335566914365
107.5954987507871 0.9996470000593044
107.69544812259461 0.9961613224650542
107.79539749440212 1.0008731930949883
107.89534686620964 1.0011217767235592
107.99529623801715 1.0038543780674867
108.09524560982466 0.9999529571208658
108.19519498163217 1.0009939904522525
108.29514435343968 0.9992663276369899
108.3950937252472 1.0022329509328558
108.4950430970547 0.9989687163298689
108.59499246886222 0.9970937237690584
108.69494184066973 1.0012041678113817
108.79489121247725 1.0014845434080892
108.89484058428476 1.00008764801656
108.99478995609228 0.9972518473086203
109.09473932789979 0.9993693140883911
109.1946886997073 1.0002725387076155
109.29463807151481 1.0020288485656943
109.39458744332232 1.000043464311416
109.49453681512983 1.0018646432010423
109.59448618693735 1.0007620661565078
109.69443555874486 1.0003727962942814
109.79438493055237 0.9992784191056101
109.89433430235988 0.9982874617518165
109.99428367416739 1.0002250140128168
110.0942330459749 0.999222943602396
110.19418241778241 0.9999013517083709
110.29413178958993 0.9982228350529582
110.39408116139745 1.001754524444583
110.49403053320496 1.0001590318072298
110.59397990501247 1.0005317790159245
110.69392927681999 0.999460536846654
110.7938786486275 0.9990499548726635
110.89382802043501 1.0024836138378184
110.99377739224252 1.0024129704004003
111.09372676405003 1.000216326682921
111.19367613585754 0.9985343985961183
111.29362550766506 0.9976734149018472
111.39357487947257 1.0002113881076389
111.49352425128008 0.998543509150532
111.59347362308759 0.9986741656711241
111.6934229948951 0.9980038491125739
111.79337236670261 1.0001502435512923
111.89332173851012 1.0009954091716717
111.99327111031765 1.0002845304627244
112.09322048212516 0.9989806503300848
112.19316985393267 1.003595201260374
112.29311922574018 1.0021181679056705
112.3930685975477 0.9990829490243018
112.49301796935521 0.9976951211610877
112.59296734116272 0.9998524748063102
112.69291671297023 1.000143191163473
112.79286608477774 0.9990592869549619
112.89281545658525 0.9996746062881049
112.99276482839277 0.9985460589894495
113.09271420020028 1.0012586777205617
113.19266357200779 1.0009911964140612
113.2926129438153 0.9984050713765935
113.39256231562281 0.999437200766043
113.49251168743032 0.998203926418748
113.59246105923785 1.0010450935519863
113.69241043104536 0.9987831461832998
113.79235980285287 1.0026146856301261
113.89230917466038 1.0014598487848767
113.9922585464679 0.9980417341121136
114.0922079182754 1.001463760020708
114.19215729008292 0.9982212839059893
114.29210666189043 0.998077456709915
114.39205603369794 0.9998293425047529
114.49200540550545 1.0014159094911745
114.59195477731296 1.0002390614114727
114.69190414912048 1.0002698382038424
114.79185352092799 1.00041847066317
114.8918028927355 0.9993980173857112
114.99175226454301 0.9989378564399587
115.09170163635052 0.9984231525796177
115.19165100815805 1.0001994405810777
115.29160037996556 1.0011439558069775
115.39154975177307 0.998531141480357
115.49149912358058 0.9974785553194297
115.5914484953881 0.9993023233580359
115.6913978671956 1.001694138720479
115.79134723900312 1.0008432431514587
115.89129661081063 1.0005594485430993
115.99124598261814 0.9974687180348288
116.09119535442565 1.003077233798688
116.19114472623316 0.9973560834878277
116.29109409804067 1.0021814097024377
116.39104346984819 1.0005386968345868
116.4909928416557 1.0010107167220292
116.59094221346321 1.0010813035886938
116.69089158527072 0.9991844814502008
116.79084095707825 0.9977272019292516
116.89079032888576 0.9983589416446605
116.99073970069327 1.0018252174039288
117.09068907250078 0.9990389472009097
117.19063844430829 1.0018238727538593
117.2905878161158 1.000535729782341
117.39053718792331 1.0018677480146458
117.49048655973083 1.0002451917132806
117.59043593153834 1.0005934308600546
117.69038530334585 0.9980388849542107
117.79033467515336 0.9986858135474739
117.89028404696087 0.9992145836713796
117.99023341876838 1.0004982146951726
118.0901827905759 1.0009436503514895
118.1901321623834 1.0000994318483043
118.29008153419092 1.0016460467577064
118.39003090599844 1.0006816099704432
118.48998027780596 0.9985093139614728
118.58992964961347 0.9977102754637094
118.68987902142098 1.0021023784603167
118.78982839322849 0.9987860245357718
118.889777765036 0.9981606524698833
118.98972713684351 1.0029918465388779
119.08967650865102 0.9985755263845322
119.18962588045854 1.0020556049197185
119.28957525226605 1.001398442424998
119.38952462407356 1.0004245035946415
119.48947399588107 0.998870277896771
119.58942336768858 0.9986301961348714
119.6893727394961 0.9979670024978453
119.7893221113036 0.9993188002014971
119.88927148311112 1.0013368655548092
119.98922085491864 1.001038022202472
120.08917022672615 0.9991683927315398
120.18911959853367 1.0018969809954175
120.28906897034118 1.000387163817316
120.38901834214869 0.9993824701516593
120.4889677139562 0.9998552053634735
120.58891708576371 0.9985026901996965
120.68886645757122 0.9982035284524533
120.78881582937873 0.9989990485010992
120.88876520118625 1.000792135281729
120.98871457299376 0.999616604411387
121.08866394480127 0.9998172234063316
121.18861331660878 1.0012110144380544
121.28856268841629 1.0033180199876892
121.3885120602238 1.0003689993904992
121.48846143203131 0.9985476686274452
121.58841080383884 0.9984471273548824
121.68836017564635 0.9976772087432607
121.78830954745386 1.0009246910874499
121.88825891926138 0.9988454201200648
121.98820829106889 1.001738534230196
122.0881576628764 0.9987859687509659
122.18810703468391 1.0004493902264966
122.28805640649142 1.0021860504586877
122.38800577829893 1.0016256512095314
122.48795515010644 1.0006436632889517
122.58790452191396 0.9980222697930758
122.68785389372147 0.9984573563213941
122.78780326552898 0.9978953327174386
122.88775263733649 1.0003361149799963
122.987702009144 1.00321097957777
123.08765138095151 1.0010229014754701
123.18760075275904 0.9992261619666853
123.28755012456655 1.0000413244644315
123.38749949637406 0.9998162877748074
123.48744886818157 0.999675432077855
123.58739823998908 1.0004624845864178
123.6873476117966 0.9982335945287482
123.78729698360411 1.000534162248496
123.88724635541162 0.9993456408431867
123.98719572721913 1.0004857416845292
124.08714509902664 1.001632560914641
124.18709447083415 1.000587069696584
124.28704384264167 0.997322527279508
124.38699321444918 0.9992841605109782
124.48694258625669 1.0004858224575082
124.5868919580642 0.9990569132710246
124.68684132987171 0.9997204556174927
124.78679070167924 0.9975181779992371
124.88674007348675 1.000702218359236
124.98668944529426 0.9976660713131505
125.08663881710177 1.0013180376105644
125.18658818890928 1.0009616571414284
125.2865375607168 1.0000487363155552
125.3864869325243 0.9982694663500212
125.48643630433182 0.9996019494170663
125.58638567613933 0.9969573306406591
125.68633504794684 1.0015046239580445
125.78628441975435 0.9986158414421187
125.88623379156186 1.001406904346512
125.98618316336938 1.002280817239003
126.08613253517689 1.0003791501653156
126.1860819069844 0.9996414534354504
126.28603127879191 0.9995038575674284
126.38598065059944 0.9999880372714907
126.48593002240695 0.9974962061541705
126.58587939421446 0.998595493240913
126.68582876602197 1.0002440012538367
126.78577813782948 1.0006967653905419
126.885727509637 1.0003372802808825
126.9856768814445 0.9999783610667126
127.08562625325202 0.999954134020872
127.18557562505953 1.0013259182192096
127.28552499686704 1.0006626555820262
127.38547436867455 0.9998254296785678
127.48542374048206 0.9989686990698623
127.58537311228957 0.9970524507097737
127.68532248409709 1.0003042487522154
127.7852718559046 0.9984460287426025
127.88522122771211 1.0002016319631148
127.98517059951963 1.0007434990789106
128.08511997132715 1.0014212726386231
128.18506934313464 0.9996445815635504
128.28501871494217 1.0011910399001247
128.38496808674967 0.9990968842185606
128.4849174585572 0.9988298712963742
128.5848668303647 0.9980782454687209
128.68481620217221 0.9964265420606822
128.78476557397974 1.0013511799607642
128.88471494578724 1.0005643420145554
128.98466431759476 0.9995503352723034
129.08461368940226 1.002553185655695
129.1845630612098 1.0004935360270373
129.28451243301728 0.999603049791921
129.3844618048248 1.002869657933947
129.4844111766323 0.9976191908790596
129.58436054843983 0.9985332001536475
129.68430992024733 0.9989955813031853
129.78425929205486 0.9989378519965099
129.88420866386235 1.0001511450884437
129.98415803566988 0.9978344622287514
130.08410740747738 1.0008135186043632
130.1840567792849 0.998546772182221
130.2840061510924 1.0021012651690904
130.38395552289992 0.9997494816613781
130.48390489470745 1.0013186129236804
130.58385426651495 0.9986234960764911
130.68380363832247 1.000479461840233
130.78375301012997 1.000561057765232
130.8837023819375 0.9980997959644129
130.983651753745 0.9996763561861931
131.08360112555252 0.9994891052666034
131.18355049736002 1.0002752330388087
131.28349986916754 1.002438842434871
131.38344924097504 0.9978907896009018
131.48339861278257 1.0009026894079764
131.58334798459006 0.9999729929419305
131.6832973563976 0.9986960460963592
131.78324672820509 0.9991348284497168
131.8831961000126 0.998896802620224
131.98314547182014 1.001552688236203
132.08309484362763 0.9998665076966546
132.18304421543516 1.0000139596006696
132.28299358724266 1.0010700194064255
132.38294295905018 0.9995704532956692
132.48289233085768 0.9987422258677617
132.5828417026652 0.9988120139430149
132.6827910744727 1.0020400184271858
132.78274044628023 0.999063201994394
132.88268981808773 0.9994960806003883
132.98263918989525 1.0019838729139012
133.08258856170275 0.9998433907313371
133.18253793351028 0.9997884908860754
133.28248730531777 0.9988515700743935
133.3824366771253 0.9997147528404391
133.4823860489328 0.9997634601796384
133.58233542074032 0.9984352877905595
133.68228479254785 1.0017784067455802
133.78223416435534 0.9985958926568173
133.88218353616287 1.0004907968700187
133.98213290797037 0.9977794809660986
134.0820822797779 1.0006380814347986
134.1820316515854 1.0029089560563726
134.28198102339292 1.0003323358209575
134.3819303952004 0.9969676083606482
134.48187976700794 0.9978981519246741
134.58182913881544 0.9995865254120961
134.68177851062296 1.002366029355146
134.78172788243046 1.0001085069843771
134.88167725423799 0.9993890549404356
134.98162662604548 1.0000961189253528
135.081575997853 1.0009710993888798
135.18152536966053 0.9992670632824979
135.28147474146803 1.0002002167824247
135.38142411327556 1.001635797871202
135.48137348508305 1.0006324062864744
135.58132285689058 0.9995658984924684
135.68127222869808 0.9970672137997679
135.7812216005056 1.0021559021429476
135.8811709723131 0.9985300832921717
135.98112034412063 0.9987192878384193
136.08106971592812 0.9997663260521762
136.18101908773565 0.9990559384690337
136.28096845954315 1.000299828055811
136.38091783135067 0.9990802476880504
136.48086720315817 1.0018098712315424
136.5808165749657 1.0003364223703115
136.6807659467732 0.9994961799124457
136.78071531858072 0.9998678988531664
136.88066469038824 0.9993917926209896
