r/sigma_0 g(r)

0.0499746859037562 0.0
0.1499240577112686 0.0
0.249873429518781 0.0
0.3498228013262934 0.0
0.4497721731338058 0.0
0.5497215449413182 0.0
0.6496709167488306 0.0
0.749620288556343 0.0
0.8495696603638554 0.0
0.9495190321713678 0.0
1.0494684039788802 1.9742567148058545
1.1494177757863926 1.6942933668121285
1.249367147593905 1.4756930413878915
1.3493165194014174 1.3081631850506834
1.4492658912089298 1.146161174266095
1.5492152630164422 1.048574820685569
1.6491646348239546 0.9707024642915149
1.749114006631467 0.9152337520462852
1.8490633784389794 0.9125518264878301
1.9490127502464918 0.9112343118933252
2.048962122054004 0.9718289426154604
2.1489114938615166 1.0218468256703925
2.248860865669029 1.0475926561745528
2.3488102374765414 1.0847061794103499
2.448759609284054 1.0611327285767784
2.548708981091566 1.0526324633986597
2.6486583528990786 1.0425693522954804
2.748607724706591 1.0209755826344638
2.8485570965141034 1.0164561177197462
2.948506468321616 0.9818199598082284
3.048455840129128 1.0015157355413646
3.1484052119366406 1.004619423895486
3.248354583744153 1.0041823903897962
3.3483039555516654 1.0210505210645429
3.4482533273591778 1.0176996997073124
3.54820269916669 1.009675894432856
3.6481520709742026 0.996271979124091
3.748101442781715 1.004825101978579
3.8480508145892274 1.0012783045128988
3.9480001863967398 1.0155232645840604
4.047949558204252 1.000873010724389
4.147898930011765 1.0052277646607084
4.2478483018192765 1.0008807239279764
4.34779767362679 1.0097352156739494
4.447747045434301 1.007928685372405
4.547696417241815 0.9944716874503128
4.647645789049326 0.9979248252628116
4.747595160856839 1.0121331512795815
4.847544532664351 0.9979984110718961
4.947493904471864 0.9856148916275584
5.047443276279376 1.0001167731152232
5.147392648086889 1.0086418167746962
5.2473420198944005 0.9994437540996157
5.347291391701914 1.0001683699293578
5.447240763509425 0.9986252487486386
5.547190135316939 1.0010608376549939
5.64713950712445 0.9962198329494913
5.747088878931963 0.9922398902341837
5.847038250739475 1.0076410502107898
5.946987622546988 0.9937851275705418
6.0469369943545 1.00522829344102
6.146886366162013 0.9884945417913263
6.2468357379695245 0.9971071162048025
6.346785109777038 0.9958309138327607
6.446734481584549 1.0026218451052455
6.546683853392063 1.0022733398917383
6.646633225199574 1.0024144625646547
6.746582597007087 0.9952346589018881
6.846531968814599 0.9949704957542036
6.946481340622112 0.996853432823155
7.046430712429624 0.9968751096053174
7.146380084237137 0.996710496803712
7.2463294560446485 1.0007256087441054
7.346278827852162 1.0024277721903943
7.446228199659673 0.9992013938542719
7.546177571467187 1.000913824298339
7.646126943274698 1.0008807239279767
7.746076315082211 0.9983816459656095
7.846025686889723 1.0040304376337306
7.945975058697236 1.0026233985762625
8.045924430504748 0.9934009525421653
8.145873802312261 0.9994242060971492
8.245823174119773 0.9949378408038326
8.345772545927286 0.9923079138220424
8.445721917734797 1.0074629847445367
8.54567128954231 0.9859593286088149
8.645620661349822 0.9890498288344588
8.745570033157335 1.0060288245304525
8.845519404964847 1.0080726326120484
8.94546877677236 1.0119398419779204
9.045418148579872 1.0030760465579014
9.145367520387385 0.9997165359700981
9.245316892194896 1.0023717278744426
9.34526626400241 0.993525483106919
9.445215635809921 1.0005732976707014
9.545165007617435 1.0022185811094009
9.645114379424946 0.9947220505815993
9.74506375123246 0.9954404234406701
9.845013123039971 1.0058757084339764
9.944962494847484 1.0066810336459076
10.044911866654996 0.9946299207161358
10.144861238462509 0.9973090737120568
10.24481061027002 1.000739007921574
10.344759982077534 1.0062063556485037
10.444709353885045 0.9914449110234174
10.544658725692559 0.9990108569454708
10.64460809750007 1.0064097872602087
10.744557469307583 1.0025312777449815
10.844506841115095 1.0099571562740157
10.944456212922608 0.9997395924383113
11.04440558473012 0.9963151007274983
11.144354956537633 1.002477668365812
11.244304328345144 1.0067368966197898
11.344253700152658 0.9973055011602289
11.44420307196017 1.0007934198943567
11.544152443767683 1.0023358147761947
11.644101815575194 1.000638055949871
11.744051187382707 0.9953535078814222
11.844000559190219 1.0029975589530618
11.943949930997732 0.9997370559274162
12.043899302805244 0.9991308508734146
12.143848674612757 1.005637199473634
12.243798046420268 1.006401646161165
12.343747418227782 1.0017356716519443
12.443696790035293 0.9983816459656096
12.543646161842807 0.9997357280488043
12.643595533650318 1.0031254490937784
12.743544905457831 1.001692924265746
12.843494277265343 1.002762325428825
12.943443649072856 1.0052915000420577
13.043393020880368 1.0006198048686874
13.143342392687881 0.990627852743969
13.243291764495392 1.0019086465615539
13.343241136302906 1.0067154157811247
13.443190508110417 0.9995858949651332
13.54313987991793 1.0033982452701395
13.643089251725442 0.9962224151437293
13.743038623532955 0.9957167201021037
13.842987995340467 1.0077565715527743
13.94293736714798 1.0035970156558898
14.042886738955492 1.0046938188616594
14.142836110763005 0.995003916917534
14.242785482570516 0.9946363172825358
14.34273485437803 1.0077259771097389
14.442684226185541 1.004022946954188
14.542633597993055 0.9987831301399761
14.642582969800566 0.9966597983080916
14.74253234160808 1.0036021774717405
14.84248171341559 1.0021365737120953
14.942431085223104 1.0041184507696885
15.042380457030616 1.002157246309086
15.142329828838129 0.9974352129749111
15.24227920064564 1.0030131338942259
15.342228572453154 1.0010455653896637
15.442177944260665 0.9910259456200667
15.542127316068179 1.003658035248694
15.64207668787569 1.0058639093377602
15.742026059683203 0.9957516639194997
15.841975431490715 1.0042785239335923
15.941924803298228 1.0037754239502168
16.04187417510574 1.000433069775839
16.14182354691325 1.0025741780735278
16.241772918720766 1.0021725549977538
16.341722290528278 0.9979918815127633
16.44167166233579 1.0109719855480512
16.5416210341433 0.9970018680271728
16.641570405950816 0.9979670091565381
16.741519777758327 1.0006643858357118
16.84146914956584 1.0047164748954374
16.94141852137335 0.9984913031475867
17.041367893180865 1.0012627310798485
17.141317264988377 0.9978087888087842
17.24126663679589 1.0033689363339855
17.3412160086034 0.9981061712334468
17.441165380410915 1.0004662994664524
17.541114752218427 1.0078528666477713
17.641064124025938 1.001285142705881
17.74101349583345 1.0041409647204305
17.840962867640965 0.9945586517017507
17.940912239448476 1.0000827940911066
18.040861611255988 0.9959985224516349
18.1408109830635 1.0029753367931284
18.240760354871014 0.9970139998752459
18.340709726678526 1.000798159022544
18.440659098486037 1.0023105825588836
18.54060847029355 0.9976945679274386
18.640557842101064 1.001670479463671
18.740507213908575 1.0091585031653236
18.840456585716087 1.0019454836035875
18.9404059575236 1.0019547010338354
19.040355329331113 1.0015596073114543
19.140304701138625 0.9943051473833935
19.240254072946136 1.0010438131066894
19.340203444753648 0.9998087680061344
19.440152816561163 1.0007434031273452
19.540102188368675 0.9997398405103745
19.640051560176186 1.0055839822941743
19.740000931983698 0.997803536474948
19.839950303791213 1.001030227962249
19.939899675598724 1.0041979524137374
20.039849047406236 1.001308402793731
20.139798419213747 1.0024666772502477
20.239747791021262 0.9965459035117723
20.339697162828774 0.9965418763477367
20.439646534636285 1.0034454867023126
20.539595906443797 1.001624822871151
20.639545278251312 1.0019177202616343
20.739494650058823 0.9987271510212502
20.839444021866335 0.9996551569176552
20.939393393673846 1.0055933348468675
21.03934276548136 1.0033642197534047
21.139292137288873 0.9915645689352877
21.239241509096384 1.0027925185691873
21.339190880903896 0.9980334137905256
21.43914025271141 1.0001765839543144
21.539089624518923 0.998061288523798
21.639038996326434 1.0037044511637456
21.738988368133946 1.0034724401251554
21.83893773994146 1.0027443098112403
21.938887111748972 1.0006800576451214
22.038836483556484 1.0033550094502408
22.138785855363995 1.0010429101388525
22.23873522717151 1.00051779603288
22.33868459897902 1.0026823522800412
22.438633970786533 0.9999665289272666
22.538583342594045 1.0004540520807432
22.63853271440156 0.9998587499930353
22.73848208620907 1.0003891470540605
22.838431458016583 1.0009730038855587
22.938380829824094 1.0021881119360667
23.03833020163161 0.9990728226254834
23.13827957343912 1.0001938823065701
23.238228945246632 1.001191093287819
23.338178317054144 1.0037717878876529
23.43812768886166 1.0013369788331528
23.53807706066917 1.0008057781185957
23.638026432476682 1.0053987451596234
23.737975804284194 1.0022164153336521
23.83792517609171 1.0001740926068567
23.93787454789922 0.9982264318332914
24.03782391970673 1.000700177235269
24.137773291514243 0.9964795268436318
24.237722663321758 1.0020278522400838
24.33767203512927 0.9985561195810521
24.43762140693678 1.003561866619197
24.537570778744293 1.0052280252815542
24.637520150551808 0.99956655362018
24.73746952235932 0.9992828286247664
24.83741889416683 1.0005721104270906
24.937368265974342 1.001680779447993
25.037317637781857 1.00238840120168
25.13726700958937 0.9962912144493752
25.23721638139688 0.9991387923581684
25.337165753204392 0.9993871921279821
25.437115125011907 1.0019289619338025
25.53706449681942 0.997539857718501
25.63701386862693 1.000669422745486
25.73696324043444 1.0020938685699023
25.836912612241957 1.0038359923791218
25.936861984049468 1.0061274634746897
26.03681135585698 1.0011439425521316
26.13676072766449 0.9986558038969496
26.236710099472006 0.996935155840249
26.336659471279518 0.9975654148569332
26.43660884308703 0.997197064114828
26.53655821489454 1.0071425379184273
26.636507586702056 0.9997566077150734
26.736456958509567 0.9964063233612434
26.83640633031708 0.9987969955152208
26.93635570212459 1.001810343837911
27.036305073932105 1.0006197296490973
27.136254445739617 1.0017557463913194
27.23620381754713 1.0034973044092164
27.33615318935464 1.000886434800834
27.436102561162155 0.9979657019787037
27.536051932969666 0.9989888402708943
27.636001304777178 1.0051518650838214
27.73595067658469 0.9922290736217731
27.835900048392205 0.9982481673850344
27.935849420199716 0.9958546266127868
28.035798792007228 1.00014235998455
28.13574816381474 0.9984288088490023
28.235697535622254 1.001887542726532
28.335646907429766 1.0007418862634008
28.435596279237277 1.00200289338208
28.53554565104479 1.0006974509162883
28.635495022852304 1.0034048798978195
28.735444394659815 1.0007367553062314
28.835393766467327 0.9983816459656096
28.93534313827484 1.0014083789899788
29.035292510082353 0.9998258205368052
29.135241881889865 0.9969697526485347
29.235191253697376 0.999979347090268
29.335140625504888 1.0010776274301223
29.435089997312403 0.9950366364773566
29.535039369119914 1.0016254787606702
29.634988740927426 0.9998145068546563
29.734938112734937 1.0039420944318762
29.834887484542453 1.000151826188953
29.934836856349964 1.0038429031488123
30.034786228157476 0.9989471611118358
30.134735599964987 0.9968228305450536
30.234684971772502 0.9982236464084847
30.334634343580014 0.9954507874409638
30.434583715387525 0.9989833328395539
30.534533087195037 1.0018495767795896
30.63448245900255 1.0014397550300802
30.734431830810063 0.9991069881059065
30.834381202617575 1.0038643273380716
30.934330574425086 0.9996513713600595
31.0342799462326 1.0009556761454468
31.134229318040113 0.9967961554926953
31.234178689847624 1.0035732305246308
31.334128061655136 1.0018373087939543
31.43407743346265 0.9988206731752145
31.534026805270162 0.9993999905314946
31.633976177077674 1.003440502243695
31.733925548885185 0.996023264124746
31.8338749206927 1.00053253998895
31.933824292500212 0.9982819175023225
32.03377366430772 1.0006351047210666
32.133723036115235 1.0001077781585122
32.23367240792275 0.9978464752004129
32.33362177973026 1.0013693380890887
32.43357115153778 0.9967205677591133
32.53352052334529 0.9991892397080566
32.6334698951528 1.0026349580183287
32.73341926696031 1.0036759712442807
32.83336863876782 1.0015744367794024
32.933318010575334 1.0035954848328466
33.033267382382846 1.0014185360915875
33.13321675419036 0.9984216952919296
33.233166125997876 0.9956425249884364
33.33311549780539 1.0023864465008796
33.4330648696129 1.005359172496187
33.53301424142041 0.9964347115321859
33.63296361322792 0.9984447727492058
33.73291298503543 0.9997584528059877
33.832862356842945 1.0012996978551976
33.93281172865046 1.0037782189587179
34.032761100457975 0.9996683408416082
34.13271047226549 0.9996023705412973
34.232659844073 0.9986374822314651
34.33260921588051 0.9972144092244531
34.43255858768802 1.0027826891043425
34.53250795949553 0.9995267553141399
34.632457331303044 0.9993855144039558
34.732406703110556 1.0016443810247504
34.832356074918074 0.9980997377808304
34.932305446725586 1.0003797463893833
35.0322548185331 1.0046012663509083
35.13220419034061 1.000300390389774
35.23215356214812 1.0008448329146873
35.33210293395563 0.9977657133843613
35.43205230576314 0.997700039194139
35.532001677570655 1.0008016391823322
35.63195104937817 1.0017035269457406
35.731900421185685 1.0000379404682902
35.8318497929932 1.001218378290047
35.93179916480071 0.9999400939230174
36.03174853660822 0.9978218663665497
36.13169790841573 0.9994687275965426
36.23164728022324 1.0045345482591614
36.331596652030754 1.0002443528031029
36.43154602383827 0.9995399120376738
36.531495395645784 1.0000525411148664
36.631444767453296 0.9946360122324509
36.73139413926081 0.9996749613124604
36.83134351106832 0.9974665324444512
36.93129288287583 1.0028370386793015
37.03124225468334 1.0025311777442159
37.13119162649085 0.998367351105125
37.23114099829837 1.0031504402048712
37.33109037010588 1.0014456928582238
37.431039741913395 1.0010900926090693
37.530989113720906 1.0006020318116673
37.63093848552842 0.997281454273014
37.73088785733593 0.9975586880074724
37.83083722914344 1.0030187230896384
37.93078660095095 0.9978638857421814
38.03073597275847 0.9968952528477169
38.13068534456598 1.002641214628858
38.230634716373494 0.9990966599381758
38.330584088181006 0.9975300207994902
38.43053345998852 1.0052114570483919
38.53048283179603 0.9964668206656508
38.63043220360354 0.9977564723550368
38.73038157541105 1.0038977559518987
38.83033094721857 1.0026601510614124
38.93028031902608 1.00063129734059
39.03022969083359 0.9991092104364074
39.130179062641105 0.9995482015150927
39.230128434448616 0.9974007180711453
39.33007780625613 1.0022548992624294
39.43002717806364 0.9976210742346674
39.52997654987115 1.0004293259964048
39.62992592167867 0.9983079814670341
39.72987529348618 1.00128073357667
39.82982466529369 1.0006138054693234
39.929774037101204 0.9995846595591957
40.029723408908715 1.0002114951852452
40.12967278071623 0.999935789250114
40.22962215252374 1.0006180102974604
40.32957152433125 1.001441622931612
40.42952089613877 1.0011977423159715
40.52947026794628 0.9979101799628449
40.62941963975379 1.002451100870196
40.7293690115613 1.0012877823322763
40.829318383368815 0.996594132276187
40.929267755176326 0.9980768896634222
41.02921712698384 1.000690857925659
41.12916649879135 1.0004658557303965
41.22911587059887 1.000467240119658
41.32906524240638 0.997784450944675
41.42901461421389 1.0020394490085371
41.5289639860214 1.0004585722204347
41.628913357828914 0.9973871149397697
41.728862729636425 1.0000543072784456
41.82881210144394 1.0004309943962184
41.92876147325145 1.0004830756467178
42.02871084505897 1.0004528199724703
42.12866021686648 1.0033646088007149
42.22860958867399 1.0014611310878754
42.3285589604815 0.9963314136172037
42.42850833228901 1.005712569010692
42.528457704096525 1.000852825877868
42.628407075904036 1.0002680396619976
42.72835644771155 0.9962077404281705
42.828305819519066 0.9981523694139278
42.92825519132658 0.9977696046078296
43.02820456313409 0.998319967212183
43.1281539349416 1.001372286481988
43.22810330674911 1.0004690261133669
43.328052678556624 0.9986634047554842
43.428002050364135 1.0031299659893302
43.52795142217165 1.001625282746845
43.627900793979165 1.0004316484922993
43.72785016578668 1.0049788547751208
43.82779953759419 0.9986056938616084
43.9277489094017 0.997131040824886
44.02769828120921 0.9984539802312629
44.12764765301672 1.0009918097830421
44.227597024824234 0.9983156392454172
44.327546396631746 0.9974057517951304
44.427495768439265 0.9995345529952113
44.527445140246776 1.0003127516638024
44.62739451205429 0.9995174950898824
44.7273438838618 0.9972008665317146
44.82729325566931 1.0035204969149807
44.92724262747682 1.0002955671859541
45.027191999284334 1.001075227637312
45.127141371091845 1.0003929470831623
45.227090742899364 1.0012980423335707
45.327040114706875 0.9993711513385256
45.42698948651439 0.9996961362304686
45.5269388583219 1.001004854858599
45.62688823012941 0.9960433794274365
45.72683760193692 0.9965186038289106
45.82678697374443 1.0050647036899438
45.926736345551944 0.9991848724652115
46.02668571735946 0.9971534753220522
46.126635089166975 0.9970813402327526
46.226584460974486 1.0002302882312848
46.326533832782 0.9972358982482354
46.42648320458951 1.0029604867370778
46.52643257639702 0.9981477768276169
46.62638194820453 1.0009316161908757
46.726331320012044 1.0027834310129604
46.82628069181956 1.0009547361088258
46.926230063627074 0.9952597945813111
47.026179435434585 0.9993749033066565
47.1261288072421 0.9999077928601781
47.22607817904961 1.0033887271687805
47.32602755085712 1.0021780937307734
47.42597692266463 0.9956900020643616
47.52592629447214 1.00093360925289
47.62587566627966 1.0004490232883596
47.72582503808717 0.9987430963777059
47.825774409894684 0.9997023446902358
47.925723781702196 1.0008569449014837
48.02567315350971 0.997204595848319
48.12562252531722 1.0006315946607
48.22557189712473 0.9953218940355198
48.32552126893224 0.9992877878586344
48.42547064073976 1.0011876282391445
48.52542001254727 0.9997270558572957
48.625369384354784 0.9994732267816487
48.725318756162295 1.0043566850579406
48.82526812796981 0.9984033881996732
48.92521749977732 0.9992495586389545
49.02516687158483 0.9988147175798833
49.12511624339234 0.9957128696777207
49.22506561519986 1.002468336146201
49.32501498700737 1.000286338363979
49.42496435881488 0.9980755784042428
49.524913730622394 0.9983387758088383
49.624863102429906 0.9986062609788436
49.72481247423742 1.0009435148315535
49.82476184604493 1.0017160476300415
49.92471121785244 1.0026821738955936
50.02466058965996 0.9969545376337033
50.12460996146747 0.9996100063199935
50.22455933327498 1.002223201256268
50.32450870508249 0.9987349788602392
50.424458076890005 1.0011290218127409
50.52440744869752 0.9995792753155274
50.62435682050503 1.001170597235556
50.72430619231254 0.9955981901661457
50.82425556412006 1.0008463216748074
50.92420493592757 1.0012271368447423
51.02415430773508 1.0014244141262045
51.12410367954259 0.9997936372288043
51.224053051350104 0.9996354516652655
51.324002423157616 0.9975181013775911
51.42395179496513 1.0022058545530654
51.52390116677264 0.9946215153263062
51.62385053858016 1.0034968327678164
51.72379991038767 1.0013370772950174
51.82374928219518 0.9977824817820092
51.92369865400269 1.0024859425565953
52.0236480258102 0.9953004100725279
52.123597397617715 1.0031677516509672
52.223546769425226 1.0032144920681918
52.32349614123274 0.9972404122972651
52.42344551304026 0.9991764551983977
52.52339488484777 0.9989374589757934
52.62334425665528 1.0016345412478218
52.72329362846279 0.9989504526914041
52.8232430002703 1.0020844543608907
52.923192372077814 0.9977497969340481
53.023141743885326 1.0018102231182677
53.12309111569284 1.0024682144210042
53.223040487500356 1.0026699698869481
53.32298985930787 1.000710917787141
53.42293923111538 1.000721463229954
53.52288860292289 0.9994774718181554
53.6228379747304 0.9967582933656377
53.72278734653791 1.000071138904354
53.822736718345425 0.9988648706505334
53.922686090152936 1.0010738292339194
54.022635461960455 0.9998210432054974
54.12258483376797 0.9999262630580006
54.22253420557548 1.0026300785016335
54.32248357738299 1.0007657709398272
54.4224329491905 0.998410905142855
54.52238232099801 0.9990485057931019
54.622331692805524 1.0006312162585864
54.722281064613036 1.0023439397806
54.822230436420554 0.9994757044810397
54.922179808228066 0.9990726444331386
55.02212918003558 1.0028046848342902
55.12207855184309 1.0005674895414878
55.2220279236506 0.9990544746477854
55.32197729545811 1.0024305134683245
55.42192666726562 0.9970552079443308
55.521876039073135 0.9998921147790474
55.62182541088065 1.0009486458582204
55.721774782688165 1.0038398339547165
55.821724154495676 0.9991898750738506
55.92167352630319 0.9990602941477493
56.0216228981107 1.0002197278389116
56.12157226991821 0.9991666412917225
56.22152164172572 1.0003736887769452
56.321471013533234 1.0015764521539683
56.42142038534075 0.9970457792248757
56.521369757148264 1.0012458633031145
56.621319128955776 0.9992675172689066
56.72126850076329 0.9977874268774214
56.8212178725708 1.000436736462367
56.92116724437831 1.0008947113046318
57.02111661618582 1.0029288836821908
57.12106598799333 1.001136808360472
57.22101535980085 0.9986923937602752
57.32096473160836 0.9997243284366721
57.420914103415875 0.9983955116070458
57.520863475223386 0.9997104345954694
57.6208128470309 1.0027249589333789
57.72076221883841 1.0018576362223564
57.82071159064592 0.9989921056969095
57.92066096245343 1.0018868777279675
58.02061033426095 1.0023199539043657
58.12055970606846 0.9977560706674203
58.220509077875974 0.9949901933832045
58.320458449683485 0.9996467104954024
58.420407821491 1.0004122804219855
58.52035719329851 0.9988124754819656
58.62030656510602 0.9976708574871828
58.72025593691353 1.0017849116035098
58.82020530872105 1.0002180011505732
58.92015468052856 1.0036876823602618
59.02010405233607 1.0005445334019214
59.120053424143585 0.9970483994913923
59.220002795951096 1.0006313433633776
59.31995216775861 0.9978984628212431
59.41990153956612 0.9992570588935539
59.51985091137363 0.9993804378296621
59.61980028318115 0.9989514273618911
59.71974965498866 1.0022523412991626
59.81969902679617 0.9964828060267853
59.919648398603684 1.0042635458903797
60.019597770411195 0.9997745021779821
60.11954714221871 1.000006150509725
60.21949651402622 1.0012682884045057
60.31944588583373 1.0015274923442934
60.41939525764125 0.9982850108169408
60.51934462944876 0.9981360718305793
60.61929400125627 0.9998920635510674
60.71924337306378 1.0023459755028254
60.819192744871295 1.0005809167114559
60.919142116678806 0.9989479874644643
61.01909148848632 1.0008738161571962
61.11904086029383 0.9975783344169952
61.21899023210135 1.0000073216809249
61.31893960390886 1.0009525189550128
61.41888897571637 0.9993581977893904
61.51883834752388 0.9944860990728095
61.618787719331394 1.0030375214435512
61.718737091138905 0.9989664504442525
61.81868646294642 1.0022411254016295
61.91863583475393 1.0003061276127796
62.01858520656145 0.9981591253251251
62.11853457836896 1.0011330443497604
62.21848395017647 1.0010262525643392
62.31843332198398 1.0007920437356472
62.41838269379149 1.0014769811199584
62.518332065599004 0.999307063924096
62.618281437406516 0.9999667554712691
62.71823080921403 0.9979796528471608
62.818180181021546 0.999201252083339
62.91812955282906 0.9982804124659427
63.01807892463657 1.002239263137495
63.11802829644408 0.9998280640103367
63.21797766825159 0.9989441854516049
63.317927040059104 0.9983900288238101
63.417876411866615 1.0015662964383383
63.51782578367413 0.9990042034477767
63.617775155481645 1.0029579720575363
63.71772452728916 1.0018595294632369
63.81767389909667 1.000015978372283
63.91762327090418 1.0010389923524894
64.0175726427117 1.0012379789255241
64.11752201451921 1.0002525457184184
64.21747138632672 1.0022250722871096
64.31742075813423 1.0007914017941237
64.41737012994174 0.9980726540724736
64.51731950174926 1.0018986965255443
64.61726887355677 0.9963075368872143
64.71721824536428 1.0016745912613887
64.81716761717179 0.9995526672698722
64.9171169889793 1.001778920251056
65.01706636078681 0.9974428109509234
65.11701573259433 1.001927440580288
65.21696510440184 0.9989350816216432
65.31691447620935 1.0008439165440626
65.41686384801686 1.0002397266584084
65.51681321982437 0.9998885270710642
65.6167625916319 0.9998457858913907
65.71671196343941 1.000102018836661
65.81666133524692 0.9992042354088034
65.91661070705443 0.9987480289837848
66.01656007886194 0.9993625482543962
66.11650945066945 0.9996862005519737
66.21645882247697 1.0010669759647943
66.31640819428448 1.002019386334153
66.41635756609199 0.9958322667726233
66.5163069378995 1.002287746127863
66.61625630970701 1.001787881729207
66.71620568151452 0.9979679409246485
66.81615505332203 0.9974204261883867
66.91610442512955 1.0024389149017117
67.01605379693706 0.999126151294443
67.11600316874457 0.9993227544387794
67.2159525405521 0.998977847929308
67.3159019123596 0.9993633272030539
67.41585128416712 0.9998067132173152
67.51580065597463 1.0015538194080327
67.61575002778214 0.9987388220195437
67.71569939958965 1.0005137006700349
67.81564877139716 0.9997317834240919
67.91559814320468 1.0026527430607843
68.01554751501219 1.0002467734015201
68.1154968868197 0.9995544065978025
68.21544625862721 0.9996810749647232
68.31539563043472 0.9988322843838419
68.41534500224223 0.9987230101576932
68.51529437404974 0.9973280594869457
68.61524374585726 1.0019245849705238
68.71519311766477 1.0012589934559166
68.8151424894723 0.9995386265037425
68.9150918612798 1.001227541219527
69.01504123308732 1.0018002344201036
69.11499060489483 0.9987349140362117
69.21493997670234 0.9990986648141986
69.31488934850985 0.9990555141400329
69.41483872031736 0.9980031409070547
69.51478809212487 0.9972668523813906
69.61473746393239 1.0007338380642516
69.7146868357399 1.0003764297011621
69.81463620754741 1.0006814864132605
69.91458557935492 1.0014867369363631
70.01453495116243 1.0000419006504584
70.11448432296994 0.9985065553327592
70.21443369477745 1.0032915337452315
70.31438306658497 1.0007368537680963
70.41433243839249 0.9987208572220343
70.5142818102 1.0000790618707713
70.61423118200752 1.0008245698407119
70.71418055381503 0.9970605786045846
70.81412992562254 1.0004503957537934
70.91407929743005 0.9990328327708143
71.01402866923756 1.0006688035237084
71.11397804104507 1.0000013048909735
71.21392741285258 1.0024362903508675
71.3138767846601 0.9986347060676153
71.41382615646761 0.9979022479625069
71.51377552827512 0.9987156422341649
71.61372490008263 0.9991228240074839
71.71367427189014 1.0007057013947236
71.81362364369765 0.9990727184118836
71.91357301550516 1.002145893000655
72.01352238731269 1.00051175873957
72.1134717591202 0.9999162928536226
72.21342113092771 0.9993592264626532
72.31337050273522 0.9996478080465772
72.41331987454274 1.002548716180809
72.51326924635025 0.9972214520356305
72.61321861815776 0.9994452160516237
72.71316798996527 0.9980568087699857
72.81311736177278 0.9996646317692134
72.9130667335803 1.0025019557932133
73.0130161053878 0.9990904450283445
73.11296547719532 0.9990459172866046
73.21291484900283 0.9958260615476088
73.31286422081034 1.003000766548403
73.41281359261785 1.0000228886233316
73.51276296442536 0.9969953457499117
73.61271233623289 0.9991135127381936
73.7126617080404 0.9986840767563095
73.81261107984791 1.0047852159949413
73.91256045165542 1.001904053266015
74.01250982346293 0.9996187401797622
74.11245919527045 1.0022060946747073
74.21240856707796 1.0010601610914363
74.31235793888547 1.001995813523155
74.41230731069298 0.9966625857890117
74.51225668250049 0.9973451822935916
74.612206054308 0.9993135693785687
74.71215542611552 0.9993513968705717
74.81210479792303 1.0013686033765417
74.91205416973054 0.995940710327417
75.01200354153805 0.9983816459656094
75.11195291334556 1.0026039321270774
75.21190228515309 1.0002165171605701
75.3118516569606 1.003329223338351
75.41180102876811 0.9998034209362472
75.51175040057562 0.9978228266628069
75.61169977238313 0.9997154235297944
75.71164914419064 0.9985569113342576
75.81159851599816 1.000905640575426
75.91154788780567 1.0003499372080236
76.01149725961318 0.9990380441549361
76.11144663142069 1.004372131107508
76.2113960032282 0.998433880791872
76.31134537503571 1.001417731103092
76.41129474684323 0.9991839578653984
76.51124411865074 0.9978648134640847
76.61119349045825 1.0014474179766837
76.71114286226576 1.0000249728830457
76.81109223407329 1.0019127927221292
76.9110416058808 1.0006556201706451
77.01099097768831 1.0011971629853464
77.11094034949582 0.9972493271837303
77.21088972130333 0.9992237705378798
77.31083909311084 0.9994767089738442
77.41078846491835 0.9985804912586126
77.51073783672587 1.000364110857903
77.61068720853338 0.9992399497055822
77.71063658034089 0.998753896083316
77.8105859521484 0.9995003725807475
77.91053532395591 1.001931090082461
78.01048469576342 1.0006950140986144
78.11043406757094 0.9996727563012535
78.21038343937845 0.998938149908028
78.31033281118596 1.0019400810029617
78.41028218299348 0.9975151715159426
78.510231554801 1.0008493064933763
78.6101809266085 1.0011939030400752
78.71013029841602 1.0011397553421713
78.81007967022353 0.9983749109742716
78.91002904203104 1.0023132622058026
79.00997841383855 1.0014047241458925
79.10992778564606 0.9988445989741149
79.20987715745358 0.9991154052127619
79.30982652926109 0.9990174384843906
79.4097759010686 1.0012157167574192
79.50972527287611 0.9969497025668397
79.60967464468362 1.0021286941219898
79.70962401649113 1.0017743989077794
79.80957338829865 0.999412496064363
79.90952276010616 0.9972125963622009
80.00947213191368 1.0004514631911554
80.1094215037212 0.9991502332615838
80.2093708755287 1.0013826804750907
80.30932024733622 0.9972316346692995
80.40926961914373 1.005675800646011
80.50921899095124 1.0010913073130738
80.60916836275875 0.9974466220658647
80.70911773456626 0.9988452906928385
80.80906710637377 0.9998923749131753
80.90901647818129 0.9981749973786967
81.0089658499888 1.0006290431893237
81.10891522179631 1.0000765689890696
81.20886459360382 0.9998718653782456
81.30881396541133 1.0010516043356676
81.40876333721884 1.0017785663941983
81.50871270902636 0.9977890534444905
81.60866208083388 0.9989214804734018
81.70861145264139 0.9989078279769522
81.8085608244489 0.9985600697511023
81.90851019625642 1.0009348528283206
82.00845956806393 0.9982166017400329
82.10840893987144 1.0009060113114971
82.20835831167895 1.0008577460834898
82.30830768348646 1.0021057956158128
82.40825705529397 1.0008356374698926
82.50820642710148 1.0028108491773788
82.608155798909 0.997777664328607
82.70810517071651 0.999944324700537
82.80805454252402 0.9974041475320795
82.90800391433153 0.9972196650956753
83.00795328613904 0.999737256588182
83.10790265794655 0.9983497124678944
83.20785202975408 1.0014786639779814
83.30780140156159 1.0002070447682052
83.4077507733691 1.0005039531117508
83.50770014517661 1.0008065068460603
83.60764951698413 0.9999402087085772
83.70759888879164 0.9992788895534415
83.80754826059915 0.9996736558602859
83.90749763240666 1.0007823013369928
84.00744700421417 1.0026022779317965
84.10739637602168 0.9991073883031656
84.2073457478292 0.9994752706614555
84.3072951196367 0.9998233932251671
84.40724449144422 0.998070370935217
84.50719386325173 0.9983408198102516
84.60714323505924 1.0002229261624835
84.70709260686675 1.001965869285087
84.80704197867428 1.0020993373716176
84.90699135048179 0.9996506745188952
85.0069407222893 0.9989685840290815
85.10689009409681 1.0024510855277875
85.20683946590432 1.0007301196695406
85.30678883771184 0.9982758706974311
85.40673820951935 0.997654515177554
85.50668758132686 0.9991358606837961
85.60663695313437 1.000375036304681
85.70658632494188 1.0010322715128666
85.80653569674939 1.002420997226564
85.9064850685569 0.9999046806080324
86.00643444036442 1.0025905811625422
86.10638381217193 1.0003449741181394
86.20633318397944 1.0007706196235475
86.30628255578695 1.000223576400669
86.40623192759448 0.997970071385052
86.50618129940199 0.9987405906556118
86.6061306712095 1.0006829824013814
86.70608004301701 0.9977847840459231
86.80602941482452 1.0012402271552918
86.90597878663203 0.9997497438495506
87.00592815843954 1.0000226975913857
87.10587753024706 1.0012212465992687
87.20582690205457 0.9999124207260821
87.30577627386208 1.0005399080581803
87.40572564566959 1.001894679444869
87.5056750174771 0.9991277299203939
87.60562438928461 0.9972304734301781
87.70557376109213 1.0008084571435947
87.80552313289964 1.000630389425201
87.90547250470715 1.0007697287797048
88.00542187651467 1.000034216259293
88.10537124832219 1.001996307794331
88.2053206201297 0.9973225466365158
88.30526999193721 1.0000887128023823
88.40521936374472 1.00126356741458
88.50516873555223 0.9985465695889024
88.60511810735974 0.9999002269693916
88.70506747916725 0.9988992366900687
88.80501685097477 0.999887843206856
88.90496622278228 0.9991159871712462
89.00491559458979 0.9988229486153368
89.1048649663973 0.9986080066447581
89.20481433820481 1.0007944462364187
89.30476371001232 1.002871980018444
89.40471308181984 0.9972417646814892
89.50466245362735 1.0005313623172407
89.60461182543487 1.0005970862451312
89.70456119724238 0.9986242444808977
89.8045105690499 0.999495766072789
89.90445994085741 0.999273131948016
90.00440931266492 1.0000889213947863
90.10435868447243 1.0018306992793116
90.20430805627994 0.9983110348985288
90.30425742808745 0.9975999061658155
90.40420679989496 0.9996968047385081
90.50415617170248 0.9993581285957145
90.60410554350999 1.0031942319120295
90.7040549153175 0.9982324241616584
90.80400428712501 0.9985248581245701
90.90395365893252 1.0008573680591693
91.00390303074003 1.0024586014058632
91.10385240254755 1.0008956320315645
91.20380177435507 0.9970489184988295
91.30375114616258 0.9996373403112325
91.4037005179701 1.0001992503720825
91.5036498897776 0.9985237631107934
91.60359926158512 0.9987206166466756
91.70354863339263 0.9996347599220797
91.80349800520014 1.001584737453031
91.90344737700765 0.9992219762184529
92.00339674881516 1.0004152859288746
92.10334612062267 1.0002920575034444
92.20329549243019 1.001029720446058
92.3032448642377 0.9988129297233272
92.40319423604521 1.0000704495967494
92.50314360785272 0.9984935374221906
92.60309297966023 0.9970489954466869
92.70304235146774 0.9997787046432238
92.80299172327527 1.0000688936744504
92.90294109508278 1.0010697679508158
93.00289046689029 0.9997599324479438
93.1028398386978 0.9996501325990842
93.20278921050532 0.9994409066247254
93.30273858231283 0.9990614634375631
93.40268795412034 0.9991914394867217
93.50263732592785 1.00126540295158
93.60258669773536 1.0001735635862496
93.70253606954287 1.0000328700779442
93.80248544135038 0.9992332563767331
93.9024348131579 0.9977513902075379
94.00238418496541 0.99925403143453
94.10233355677292 1.000451713332472
94.20228292858043 0.9985168745874459
94.30223230038794 1.0003375684699396
94.40218167219547 0.999334675762931
94.50213104400298 1.0005047389040245
94.60208041581049 0.9975400388863657
94.702029787618 0.9997492152779971
94.80197915942551 1.0032750698407873
94.90192853123303 1.0033230495274543
95.00187790304054 0.9987587753661639
95.10182727484805 0.9992299929775322
95.20177664665556 1.0000514695148737
95.30172601846307 0.9976910250499477
95.40167539027058 0.9991939444861169
95.5016247620781 0.997420135200654
95.6015741338856 0.9998862528883259
95.70152350569312 0.9998735889841349
95.80147287750063 1.0020522074615876
95.90142224930814 0.9996850668387643
96.00137162111567 1.0001232600323031
96.10132099292318 0.9987820767493611
96.20127036473069 1.00568674294963
96.3012197365382 0.9978828354511956
96.40116910834571 1.0001655911984657
96.50111848015322 0.9960357675650217
96.60106785196074 0.9988541824349552
96.70101722376825 1.000448228458908
96.80096659557576 1.0022939544509646
96.90091596738327 0.9984446384542174
97.00086533919078 0.9987893072535201
97.10081471099829 0.9993847177236647
97.2007640828058 1.0003338498623044
97.30071345461332 1.0004709495882305
97.40066282642083 1.0009728846404164
97.50061219822834 1.0014819564849147
97.60056157003586 0.996146487526918
97.70051094184338 1.000780217531664
97.80046031365089 0.9972853463076167
97.9004096854584 1.0009813440271507
98.00035905726591 1.0010166057167258
98.10030842907342 0.9996829042754843
98.20025780088093 1.0003031698416358
98.30020717268845 1.0010139678533976
98.40015654449596 1.0000861973640145
98.50010591630347 0.9967731260366356
98.60005528811098 1.000949439072152
98.70000465991849 0.99836820155885
98.799954031726 1.0006487660088597
98.89990340353351 1.0015427459703063
98.99985277534103 1.0001375289231407
99.09980214714854 1.0010918159898508
99.19975151895606 1.0002035493390558
99.29970089076357 0.9988092687674236
99.39965026257109 0.9977488666097539
99.4995996343786 0.9979468804562099
99.59954900618611 0.9993728758347772
99.69949837799362 1.0007747166735579
99.79944774980113 0.9987512829977248
99.89939712160864 1.000073899295679
99.99934649341616 0.9994830324613929
100.09929586522367 1.0024938020211345
100.19924523703118 1.000738943320386
100.29919460883869 0.9981435051283886
100.3991439806462 0.9995368009047849
100.49909335245371 1.000121897731671
100.59904272426122 1.0008219093137356
100.69899209606874 1.0011515607269998
100.79894146787626 0.9997270531457708
100.89889083968377 1.0003964424753882
100.99884021149128 0.999374908891523
101.0987895832988 0.9995393070805294
101.19873895510631 0.9968894495995619
101.29868832691382 0.9988584680681972
101.39863769872133 0.9977561066752512
101.49858707052884 1.0005780291083104
101.59853644233635 0.9981778967416733
101.69848581414387 1.002280391794123
101.79843518595138 1.0020419302565875
101.89838455775889 1.0023482734498936
101.9983339295664 0.9989228475625551
102.09828330137391 1.0017036581909147
102.19823267318142 0.9969819484491568
102.29818204498893 0.9972660951653589
102.39813141679646 0.9994131711909253
102.49808078860397 0.9978482615784687
102.59803016041148 0.9993930543445583
102.697979532219 1.0015628019582163
102.7979289040265 1.0006122279485488
102.89787827583402 1.0015643595094739
102.99782764764153 1.0019091230045571
103.09777701944904 1.002258366396567
103.19772639125655 0.9977181498431555
103.29767576306406 0.9996585393923173
103.39762513487157 0.9999396441225493
103.49757450667909 0.9997304361116431
103.5975238784866 0.9970982012595386
103.69747325029411 0.9998020556387984
103.79742262210162 0.9986398860270795
103.89737199390913 1.0011531402546823
103.99732136571666 0.9986929799212769
104.09727073752417 1.0020605274763408
104.19722010933168 0.999846183560462
104.29716948113919 1.003804148202233
104.3971188529467 0.9995942490769567
104.49706822475422 0.9994762624308334
104.59701759656173 0.9980746342976337
104.69696696836924 1.003002703551034
104.79691634017675 0.9991312501803586
104.89686571198426 0.9979844306796662
104.99681508379177 1.001043235363773
105.09676445559928 0.9967225754852438
105.1967138274068 1.0011416134207225
105.29666319921431 1.0006475102571883
105.39661257102182 1.001430989138396
105.49656194282933 0.9988495571757592
105.59651131463686 1.0013523317545237
105.69646068644437 1.0022082483207517
105.79641005825188 1.0005665684614036
105.89635943005939 1.0000281892502765
105.9963088018669 1.0014537974989084
106.09625817367441 0.9998449838327634
106.19620754548193 0.9944655907985804
106.29615691728944 1.0027634037822069
106.39610628909695 0.9999281632109916
106.49605566090446 0.999393414859102
106.59600503271197 0.9997385351663438
106.69595440451948 1.0025703815573332
106.795903776327 1.0015923238063575
106.8958531481345 1.0010605021521275
106.99580251994202 0.9987487454607822
107.09575189174953 0.9989516060001905
107.19570126355705 1.0004712013621153
107.29565063536457 0.9995837525169066
107.39560000717208 0.9993330457599146
107.49554937897959 0.9986951925323665
107.5954987507871 1.0011762779113333
107.69544812259461 1.0022185424033063
107.79539749440212 0.999989333984863
107.89534686620964 1.0013480711847182
107.99529623801715 0.9991139648548595
108.09524560982466 0.9978979767506323
108.19519498163217 1.0005402029123192
108.29514435343968 1.0009597210855319
108.3950937252472 1.0018999709738314
108.4950430970547 1.0017475160540301
108.59499246886222 0.9993249817680171
108.69494184066973 0.9973903450405374
108.79489121247725 0.9982352828787002
108.89484058428476 0.9998049391052597
108.99478995609228 0.9998547670593134
109.09473932789979 0.9995614958167157
109.1946886997073 1.0011790978242843
109.29463807151481 0.9987337394256712
109.39458744332232 0.9999318677509678
109.49453681512983 1.0004661119520202
109.59448618693735 1.0028179936662456
109.69443555874486 0.998420356057054
109.79438493055237 1.0002815480897076
109.89433430235988 0.9990578403210477
109.99428367416739 0.999064464234405
110.0942330459749 0.9988010894865289
110.19418241778241 1.000568480853767
110.29413178958993 1.0033408776470467
110.39408116139745 0.9978912202993869
110.49403053320496 0.99961140481819
110.59397990501247 0.9991783470512174
110.69392927681999 0.9984991251948789
110.7938786486275 1.00226933541417
110.89382802043501 0.9996045780441969
110.99377739224252 1.0004690399345137
111.09372676405003 0.9991723742435134
111.19367613585754 0.9975128653795912
111.29362550766506 0.9983315690217073
111.39357487947257 1.0008046248177498
111.49352425128008 0.9980412572090814
111.59347362308759 1.000319886290766
111.6934229948951 1.0000615351171582
111.79337236670261 1.001448797751787
111.89332173851012 1.000238793506759
111.99327111031765 0.9994077343681633
112.09322048212516 0.9982514276255063
112.19316985393267 1.0004207043431446
112.29311922574018 0.9981902112552079
112.3930685975477 1.0018007935379543
112.49301796935521 0.9995400091237547
112.59296734116272 1.0004747485466068
112.69291671297023 1.0006542276714094
112.79286608477774 0.9999581024338948
112.89281545658525 0.9989340926488577
112.99276482839277 1.0010239981344655
113.09271420020028 0.9981305510245168
113.19266357200779 0.9996266336458682
113.2926129438153 1.0006375130433507
113.39256231562281 0.9995097555305961
113.49251168743032 1.000841658640586
113.59246105923785 0.999739069691649
113.69241043104536 0.998638419360644
113.79235980285287 1.0019803127437632
113.89230917466038 0.9976406402907217
113.9922585464679 0.9980207806416926
114.0922079182754 1.0000238893791187
114.19215729008292 1.0002153512560485
114.29210666189043 1.000116221339686
114.39205603369794 1.001283999123411
114.49200540550545 1.001042711303538
114.59195477731296 0.9999773557439136
114.69190414912048 1.0020677859601008
114.79185352092799 0.9981828185831008
114.8918028927355 0.9987558554430107
114.99175226454301 0.9963552858142467
115.09170163635052 1.001383957712192
115.19165100815805 0.9979047340702968
115.29160037996556 1.0004280571730897
115.39154975177307 1.0004906826890472
115.49149912358058 1.0018469403534958
115.5914484953881 1.0003722377342719
115.6913978671956 0.9991432440228233
115.79134723900312 0.9998851913603182
115.89129661081063 1.0000510656070292
115.99124598261814 0.9995691386876024
116.09119535442565 0.9980387354617333
116.19114472623316 1.0015771067816837
116.29109409804067 0.9995364089991441
116.39104346984819 1.0000461778201057
116.4909928416557 0.9999057779725807
116.59094221346321 0.9988391764734005
116.69089158527072 0.9996302484614752
116.79084095707825 0.9974636064146073
116.89079032888576 0.9991081842359858
116.99073970069327 1.001974937901247
117.09068907250078 1.0005756721579222
117.19063844430829 0.9999714112322882
117.2905878161158 1.0015200012742298
117.39053718792331 0.997357518709959
117.49048655973083 0.9990773697114068
117.59043593153834 1.0004602723817155
117.69038530334585 0.9990558929551379
117.79033467515336 0.9986948259202698
117.89028404696087 1.0019002449767402
117.99023341876838 1.0001383305328664
118.0901827905759 0.999388468741815
118.1901321623834 0.9990620239034613
118.29008153419092 0.9993396522461768
118.39003090599844 0.9990474250196404
118.48998027780596 1.0024491035180239
118.58992964961347 0.9992656171264446
118.68987902142098 1.0014964178196524
118.78982839322849 0.9968512629790844
118.889777765036 1.0017121742042328
118.98972713684351 0.997444885326629
119.08967650865102 0.9999416033592398
119.18962588045854 0.9991387041743353
119.28957525226605 1.001660966010697
119.38952462407356 1.0006601324397748
119.48947399588107 0.9978286034617045
119.58942336768858 1.0021143369004153
119.6893727394961 0.9993240174832558
119.7893221113036 0.9991061127153382
119.88927148311112 0.9998515079934962
119.98922085491864 0.9977645527348983
120.08917022672615 0.99850319392102
120.18911959853367 1.0002497197314497
120.28906897034118 1.0031494392302274
120.38901834214869 1.0028258344217242
120.4889677139562 0.9980402383323228
120.58891708576371 0.999603092327759
120.68886645757122 1.0016009550922862
120.78881582937873 0.9978411441018002
120.88876520118625 0.99845189702036
120.98871457299376 0.9997569904514043
121.08866394480127 0.9991881993979542
121.18861331660878 0.9987977295644986
121.28856268841629 1.0028738338500642
121.3885120602238 1.0024394324965173
121.48846143203131 0.9984974249271529
121.58841080383884 0.9975085607753046
121.68836017564635 0.9988200109244089
121.78830954745386 0.998623529434782
121.88825891926138 0.999516041902094
121.98820829106889 1.001549260556172
122.0881576628764 0.9996750441230667
122.18810703468391 0.999513258108385
122.28805640649142 1.0004585513277748
122.38800577829893 1.0007365856012373
122.48795515010644 0.999135651740057
122.58790452191396 0.9990332858929144
122.68785389372147 1.001628538652255
122.78780326552898 0.9994061458750905
122.88775263733649 1.0014872000459278
122.987702009144 0.9991584824715871
123.08765138095151 0.9992764386485419
123.18760075275904 1.0008548713973313
123.28755012456655 0.9996344772059655
123.38749949637406 0.9995431250914968
123.48744886818157 1.000851015139978
123.58739823998908 0.9990988803302638
123.6873476117966 1.0012654304749107
123.78729698360411 0.9995458056684058
123.88724635541162 1.0012329285923987
123.98719572721913 1.0015602646254218
124.08714509902664 1.0006166499930689
124.18709447083415 0.9991360205557588
124.28704384264167 0.9983709693659513
124.38699321444918 1.0012428090987997
124.48694258625669 0.9980469390666956
124.5868919580642 0.9990441321863796
124.68684132987171 0.9994501395192587
124.78679070167924 1.0001830187920075
124.88674007348675 0.9984985246118085
124.98668944529426 1.0021845961215565
125.08663881710177 1.0002168907437063
125.18658818890928 1.0002875046731372
125.2865375607168 0.9990700886132999
125.3864869325243 1.001683536537649
125.48643630433182 1.0014863348161092
125.58638567613933 0.9991635401350925
125.68633504794684 0.9980480215418065
125.78628441975435 1.0009409172539474
125.88623379156186 1.000525679257162
125.98618316336938 1.0004460370233759
126.08613253517689 0.9995561531768172
126.1860819069844 1.0009391182249192
126.28603127879191 0.998240844135419
126.38598065059944 1.0011135611145654
126.48593002240695 0.9991307028677039
126.58587939421446 1.0023042758880834
126.68582876602197 0.9995610678185587
126.78577813782948 1.0000248365158555
126.885727509637 1.000305906468338
126.9856768814445 0.9956605424817926
127.08562625325202 1.0002172595121908
127.18557562505953 1.0004954289513621
127.28552499686704 0.9991802078331485
127.38547436867455 0.9993983363724257
127.48542374048206 1.0004384135790905
127.58537311228957 1.0015933478044368
127.68532248409709 0.9996890158605014
127.7852718559046 1.000583121566013
127.88522122771211 0.9985746433404875
127.98517059951963 0.9992961123597849
128.08511997132715 1.0002112235745195
128.18506934313464 1.0034603033783127
128.28501871494217 0.9991677797617183
128.38496808674967 0.9989005037733862
128.4849174585572 0.99843741593764
128.5848668303647 1.0016591969115898
128.68481620217221 0.9994251929865942
128.78476557397974 0.9995954249546077
128.88471494578724 1.0017442333693156
128.98466431759476 0.9980771283293582
129.08461368940226 0.9975901019633017
129.1845630612098 1.0012741957773705
129.28451243301728 0.9987018795738526
129.3844618048248 1.0038480773621448
129.4844111766323 1.000500943168547
129.58436054843983 0.9997804501606079
129.68430992024733 0.998870747784545
129.78425929205486 1.0000379948076288
129.88420866386235 0.9994094266339533
129.98415803566988 0.9992248806048721
130.08410740747738 1.0004116067672537
130.1840567792849 0.997201299306129
130.2840061510924 0.9998442344585445
130.38395552289992 0.9980539353301651
130.48390489470745 0.9978487613790343
130.58385426651495 1.0021638565231776
130.68380363832247 0.999845852398914
130.78375301012997 1.000082155358611
130.8837023819375 0.9987243269023164
130.983651753745 1.0023245349941783
131.08360112555252 1.0004406699310768
131.18355049736002 1.0006151076416907
131.28349986916754 0.9991417385776884
131.38344924097504 1.0007531084025116
131.48339861278257 0.9984159596073392
131.58334798459006 0.9986599804177416
131.6832973563976 0.9996271541758862
131.78324672820509 1.0013762511898545
131.8831961000126 0.9992308495134505
131.98314547182014 1.0017778985940384
132.08309484362763 0.9998062291419437
132.18304421543516 0.9995561889871473
132.28299358724266 1.0009215569925296
132.38294295905018 1.0013947613401113
132.48289233085768 0.9985799649117932
132.5828417026652 0.9976970606248066
132.6827910744727 1.0007078828014835
132.78274044628023 1.0007960731878136
132.88268981808773 0.9984315758327592
132.98263918989525 0.9990003109816598
133.08258856170275 1.0004954924208225
133.18253793351028 1.0030126765536582
133.28248730531777 1.0013545133148238
133.3824366771253 1.0003813062778537
133.4823860489328 0.9977533678481519
133.58233542074032 0.9998677231901447
133.68228479254785 1.0017089230358787
133.78223416435534 0.9982427823694563
133.88218353616287 1.0014660809348395
133.98213290797037 0.9998058454216899
134.0820822797779 1.0007390272321044
134.1820316515854 1.000921211783233
134.28198102339292 1.0018837963442078
134.3819303952004 0.9984665672184215
134.48187976700794 0.9986046452579593
134.58182913881544 1.0006632261940627
134.68177851062296 0.9988368351658979
134.78172788243046 1.0001557642984598
134.88167725423799 0.998910929196524
134.98162662604548 1.0018204225786724
135.081575997853 1.001709820547567
135.18152536966053 1.000735560295874
135.28147474146803 1.0010516296567478
135.38142411327556 0.9998695383128053
135.48137348508305 1.0016784515530903
135.58132285689058 0.9987711769620473
135.68127222869808 0.9991503540625973
135.7812216005056 1.0008834833073976
135.8811709723131 0.9974402408155714
135.98112034412063 1.0009188392294974
136.08106971592812 0.9983445911463915
136.18101908773565 0.9998179279743481
136.28096845954315 0.9989463899312527
136.38091783135067 0.9983018613677822
136.48086720315817 1.0032352195695622
136.5808165749657 1.0020385934742069
136.6807659467732 0.9984010629333244
136.78071531858072 1.0005198322346534
136.88066469038824 0.9998202809335404
