r/sigma_0 g(r)

0.0499746859037562 0.0
0.1499240577112686 0.0
0.249873429518781 0.0
0.3498228013262934 0.0
0.4497721731338058 0.0
0.5497215449413182 0.0
0.6496709167488306 0.0
0.749620288556343 0.0
0.8495696603638554 0.0
0.9495190321713678 0.0
1.0494684039788802 1.7029133748562348
1.1494177757863926 1.5051919403445442
1.249367147593905 1.3769169849253364
1.3493165194014174 1.2542710315844545
1.4492658912089298 1.1359063371101754
1.5492152630164422 1.0432642800155392
1.6491646348239546 0.9810016946818757
1.749114006631467 0.9349586173921104
1.8490633784389794 0.9043707232934598
1.9490127502464918 0.8668436386002553
2.048962122054004 0.9593945059246588
2.1489114938615166 1.004186190418898
2.248860865669029 0.9968474897720455
2.3488102374765414 1.0164600822891154
2.448759609284054 1.032845971130293
2.548708981091566 1.0206650911300486
2.6486583528990786 1.0070989485749038
2.748607724706591 0.996933316691965
2.8485570965141034 0.9987543154863134
2.948506468321616 0.9820899872999249
3.048455840129128 1.0032568964167843
3.1484052119366406 0.9909637478868378
3.248354583744153 0.9953587228149773
3.3483039555516654 0.987443517421369
3.4482533273591778 0.9981507528929996
3.54820269916669 1.0147620460604903
3.6481520709742026 1.0059473477420906
3.748101442781715 1.0027716929195007
3.8480508145892274 0.9938297539627271
3.9480001863967398 0.9974405374924397
4.047949558204252 1.0016597574903194
4.147898930011765 0.9945427009029376
4.2478483018192765 0.9926337666521655
4.34779767362679 1.0004570296757362
4.447747045434301 1.0041098696096868
4.547696417241815 1.0035754714560783
4.647645789049326 0.9992381847833566
4.747595160856839 0.993965512145269
4.847544532664351 0.998655385175405
4.947493904471864 0.9922128360963833
5.047443276279376 1.002745753644941
5.147392648086889 1.0147772958012355
5.2473420198944005 0.9981287630765607
5.347291391701914 1.0057766979266791
5.447240763509425 1.0080283161735537
5.547190135316939 0.9978553761694805
5.64713950712445 0.9863036906364268
5.747088878931963 1.0028147929597213
5.847038250739475 1.01158991378594
5.946987622546988 0.9959718207876129
6.0469369943545 0.9976355369458534
6.146886366162013 0.9975613185450358
6.2468357379695245 1.0003359249321806
6.346785109777038 0.9884714244002784
6.446734481584549 1.0012221677193462
6.546683853392063 0.9992734924903475
6.646633225199574 1.0016558138975078
6.746582597007087 0.9956280322848533
6.846531968814599 1.003110740576877
6.946481340622112 1.0102252978196329
7.046430712429624 1.0103209466209249
7.146380084237137 1.000721254792266
7.2463294560446485 0.9982717727103676
7.346278827852162 0.9919511953583626
7.446228199659673 0.9965283029129817
7.546177571467187 1.0039735397837206
7.646126943274698 0.9934876182893077
7.746076315082211 1.001396662604078
7.846025686889723 0.9992272734608373
7.945975058697236 1.007165747828615
8.045924430504748 0.9959737610655338
8.145873802312261 0.992289185196925
8.245823174119773 1.0067497706577777
8.345772545927286 0.9955832772293064
8.445721917734797 1.0007383947836703
8.54567128954231 1.002387843313176
8.645620661349822 1.003876367236912
8.745570033157335 0.9996561757264166
8.845519404964847 0.9950813099559865
8.94546877677236 0.997936628591026
9.045418148579872 1.0055699468725563
9.145367520387385 0.9993683037950142
9.245316892194896 0.9945637978082367
9.34526626400241 1.0011079128336462
9.445215635809921 1.0015567311281142
9.545165007617435 0.9949617689896217
9.645114379424946 0.9974736260582988
9.74506375123246 1.0035015518423565
9.845013123039971 1.0034765301617294
9.944962494847484 0.9990487993161159
10.044911866654996 0.9955282211279817
10.144861238462509 1.0115664365946493
10.24481061027002 1.003743996788518
10.344759982077534 0.9982533720363818
10.444709353885045 0.9981783716815892
10.544658725692559 1.0047744295210008
10.64460809750007 0.9983317817339661
10.744557469307583 1.00589050347114
10.844506841115095 0.992777434843781
10.944456212922608 0.9973146880227727
11.04440558473012 0.9977809060708097
11.144354956537633 0.9976195952865022
11.244304328345144 0.9996325733234388
11.344253700152658 1.0039729200631298
11.44420307196017 1.0056169677518512
11.544152443767683 1.0007495493812506
11.644101815575194 1.001572528771636
11.744051187382707 0.9968449788781115
11.844000559190219 1.003019966297661
11.943949930997732 0.9927155879285483
12.043899302805244 0.9980290789501719
12.143848674612757 0.9993432253461912
12.243798046420268 1.0036921866356394
12.343747418227782 0.999757656503593
12.443696790035293 1.0074244943354596
12.543646161842807 1.0015975909131971
12.643595533650318 0.9974370833958414
12.743544905457831 0.9998602670933436
12.843494277265343 0.9949721548739563
12.943443649072856 1.0024004334996863
13.043393020880368 1.0004366827766173
13.143342392687881 0.9986643363434818
13.243291764495392 0.9966983047720906
13.343241136302906 0.9986203219507795
13.443190508110417 1.0041659895206978
13.54313987991793 0.9979113397808098
13.643089251725442 1.0062210155261297
13.743038623532955 0.9934766374922002
13.842987995340467 1.0005480398129503
13.94293736714798 0.9997711422699543
14.042886738955492 1.0057710459726619
14.142836110763005 0.999957919521378
14.242785482570516 1.0001145592368823
14.34273485437803 1.0040622591561992
14.442684226185541 0.9967278443728667
14.542633597993055 0.9952975175352486
14.642582969800566 1.00352906422598
14.74253234160808 0.9950693087341334
14.84248171341559 1.0033166938609908
14.942431085223104 1.0046157589260793
15.042380457030616 0.9934768941175423
15.142329828838129 1.001028153032192
15.24227920064564 1.0048587644221707
15.342228572453154 0.9963923554866082
15.442177944260665 1.0023860342378328
15.542127316068179 0.9935321490193444
15.64207668787569 1.0081883312923738
15.742026059683203 1.003304432872431
15.841975431490715 0.9986161808847909
15.941924803298228 0.9939201259042679
16.04187417510574 1.0045028299154881
16.14182354691325 1.0064543254361502
16.241772918720766 0.9946560974340194
16.341722290528278 0.9971636320504651
16.44167166233579 0.9931518126005955
16.5416210341433 1.0056976778252278
16.641570405950816 1.0043460369884059
16.741519777758327 1.0045799188073459
16.84146914956584 1.0027466897804411
16.94141852137335 0.9944183221027261
17.041367893180865 0.9954226936861207
17.141317264988377 1.003336086240856
17.24126663679589 1.0009060768928122
17.3412160086034 1.0030800205641663
17.441165380410915 0.9993098493491965
17.541114752218427 1.0010747406643712
17.641064124025938 1.0053018972636656
17.74101349583345 0.9995634282555598
17.840962867640965 1.001490617954507
17.940912239448476 1.0005117792705795
18.040861611255988 0.9996320502784974
18.1408109830635 0.9967431320398704
18.240760354871014 1.0007241036310202
18.340709726678526 0.9962545356699846
18.440659098486037 1.001821264448366
18.54060847029355 0.9992691217649137
18.640557842101064 0.9996487722917026
18.740507213908575 1.0011714499975988
18.840456585716087 1.0071855926997442
18.9404059575236 0.9971485916675551
19.040355329331113 0.9964163277648901
19.140304701138625 1.0032207548268117
19.240254072946136 0.9984092331898694
19.340203444753648 0.9955411242118727
19.440152816561163 0.99798574447607
19.540102188368675 1.00905705508746
19.640051560176186 1.0008004418433076
19.740000931983698 0.9936088815659625
19.839950303791213 1.0057388181784972
19.939899675598724 0.9972503277777586
20.039849047406236 1.0037451596099043
20.139798419213747 1.003573588953182
20.239747791021262 0.9988143566868715
20.339697162828774 1.0017610809374466
20.439646534636285 1.0032507235970547
20.539595906443797 0.9986271454126427
20.639545278251312 1.000374706023369
20.739494650058823 0.9947730376066979
20.839444021866335 0.9971208701230846
20.939393393673846 0.9957707357555234
21.03934276548136 0.9972463759886436
21.139292137288873 1.0046588808001604
21.239241509096384 0.9993562863709327
21.339190880903896 0.9990905471791731
21.43914025271141 1.0040387953506997
21.539089624518923 1.0040002226373814
21.639038996326434 1.0021100625099262
21.738988368133946 1.0040706389592506
21.83893773994146 1.0012617332397447
21.938887111748972 0.9965550135255765
22.038836483556484 0.9956842284824199
22.138785855363995 0.9967633096440429
22.23873522717151 1.0006013326276892
22.33868459897902 0.9943185477348487
22.438633970786533 1.0058566163519322
22.538583342594045 1.0089909522709242
22.63853271440156 0.9941847948400674
22.73848208620907 1.0031786398455707
22.838431458016583 0.9983932664047126
22.938380829824094 1.0000708375512835
23.03833020163161 0.9971605671998327
23.13827957343912 0.9985766334200167
23.238228945246632 0.997742096981692
23.338178317054144 0.9961641825166679
23.43812768886166 0.9965020089693943
23.53807706066917 1.0083262253094871
23.638026432476682 0.9975395940623277
23.737975804284194 1.0026077183303912
23.83792517609171 1.001510077681078
23.93787454789922 0.9959314800197294
24.03782391970673 1.0041006897641032
24.137773291514243 0.9983816459656094
24.237722663321758 1.000308770002569
24.33767203512927 0.9928966316801372
24.43762140693678 1.0076669471371342
24.537570778744293 1.0029350830777939
24.637520150551808 0.9979615423426254
24.73746952235932 1.0000123574440836
24.83741889416683 0.9953470512970211
24.937368265974342 1.00016956346574
25.037317637781857 0.9974806560315725
25.13726700958937 0.9995746700127535
25.23721638139688 1.0010842379501594
25.337165753204392 1.0007279203444788
25.437115125011907 0.998016481086531
25.53706449681942 1.0017591914015382
25.63701386862693 1.0036404269799861
25.73696324043444 0.9993921954523338
25.836912612241957 1.0028396240135649
25.936861984049468 1.0013285355859731
26.03681135585698 0.9954868406867448
26.13676072766449 1.0012552272459507
26.236710099472006 0.9940320602739661
26.336659471279518 0.9968600299482006
26.43660884308703 1.0033809829290783
26.53655821489454 0.9994217518595515
26.636507586702056 1.0027556184874542
26.736456958509567 1.003821227810799
26.83640633031708 1.0055414810589087
26.93635570212459 0.9990023585114574
27.036305073932105 0.9999522310066535
27.136254445739617 1.0017068463851497
27.23620381754713 0.9959845945806053
27.33615318935464 1.0008476008654041
27.436102561162155 0.9990007253879809
27.536051932969666 0.9919241827189308
27.636001304777178 0.9984008522609804
27.73595067658469 1.0002953543151698
27.835900048392205 1.00303432791709
27.935849420199716 1.0028371800876918
28.035798792007228 1.0025089110852763
28.13574816381474 1.0026074403176048
28.235697535622254 1.0011638053254837
28.335646907429766 1.0020999610379233
28.435596279237277 0.9992962909316254
28.53554565104479 0.9988559674615318
28.635495022852304 0.9985855410698691
28.735444394659815 0.998021452772338
28.835393766467327 0.9993020169656148
28.93534313827484 0.9987943822871145
29.035292510082353 1.0028878362415556
29.135241881889865 0.9979535234759159
29.235191253697376 1.0043911808776773
29.335140625504888 1.0012223781127807
29.435089997312403 1.0009422462207684
29.535039369119914 0.9997744273596106
29.634988740927426 1.001327966168712
29.734938112734937 0.9962663549760347
29.834887484542453 0.9991288577181768
29.934836856349964 1.0041000077889306
30.034786228157476 1.002808569219661
30.134735599964987 0.9983464184984785
30.234684971772502 1.000207418625719
30.334634343580014 1.001330002153089
30.434583715387525 0.9969079491294273
30.534533087195037 1.0001286487064867
30.63448245900255 0.9949943353587878
30.734431830810063 1.0009894236604862
30.834381202617575 1.003029444931276
30.934330574425086 1.001504484097905
31.0342799462326 1.0023410345811068
31.134229318040113 0.9965319070805428
31.234178689847624 1.001466007986763
31.334128061655136 1.000778588564682
31.43407743346265 1.0015983645590616
31.534026805270162 0.9949058087283316
31.633976177077674 0.9933060107280614
31.733925548885185 0.9992597668638036
31.8338749206927 1.0055763031056972
31.933824292500212 1.0019884920544873
32.03377366430772 0.999781772912934
32.133723036115235 0.9973410112464437
32.23367240792275 0.9995343214598797
32.33362177973026 1.0035608595093328
32.43357115153778 0.9995272171425036
32.53352052334529 1.0008044271929504
32.6334698951528 0.996193995980559
32.73341926696031 1.000197769797803
32.83336863876782 1.0015097726616546
32.933318010575334 1.0060049714190968
33.033267382382846 0.9956982562775765
33.13321675419036 0.9992226818183293
33.233166125997876 1.0047143658924271
33.33311549780539 0.9997670044012696
33.4330648696129 0.9990960684772728
33.53301424142041 0.9961814517684885
33.63296361322792 0.9996283999416344
33.73291298503543 0.9980512123239189
33.832862356842945 1.0019350801214788
33.93281172865046 1.0025033763530995
34.032761100457975 1.0002843947519346
34.13271047226549 1.0003021489604813
34.232659844073 1.0016997648076138
34.33260921588051 1.0012649526176054
34.43255858768802 0.9985203828771634
34.53250795949553 0.9979358987024233
34.632457331303044 1.0008185174419004
34.732406703110556 1.000849710190674
34.832356074918074 1.0008883430681057
34.932305446725586 1.0026209616936164
35.0322548185331 0.9958286470985623
35.13220419034061 0.9982532260632048
35.23215356214812 0.9998655842804973
35.33210293395563 1.0026631285425782
35.43205230576314 1.0059167713732966
35.532001677570655 0.9996215190334367
35.63195104937817 1.0030739890541354
35.731900421185685 0.9941629227480194
35.8318497929932 0.9967151583076507
35.93179916480071 1.002547355197733
36.03174853660822 1.0000978123679911
36.13169790841573 0.9960605797806451
36.23164728022324 0.9935105983165478
36.331596652030754 1.0002005244069265
36.43154602383827 1.0024756430253583
36.531495395645784 1.0006773106054583
36.631444767453296 1.007220472183122
36.73139413926081 1.0056068713670108
36.83134351106832 0.9978628414496773
36.93129288287583 1.0022980798832906
37.03124225468334 0.9999726581501529
37.13119162649085 0.9995609719555892
37.23114099829837 1.000669811811354
37.33109037010588 0.9950474510871036
37.431039741913395 1.0002038208016544
37.530989113720906 0.9965784663772506
37.63093848552842 0.9945662375957742
37.73088785733593 0.9976852969241088
37.83083722914344 1.0051653881425169
37.93078660095095 1.001984977250281
38.03073597275847 1.000747313885636
38.13068534456598 1.0024115320048592
38.230634716373494 0.9991452531207773
38.330584088181006 1.001061149537059
38.43053345998852 0.9968554697782539
38.53048283179603 0.9992977314508419
38.63043220360354 0.9987114078700875
38.73038157541105 1.0003071452279042
38.83033094721857 1.0040407549421666
38.93028031902608 0.9984839028462904
39.03022969083359 1.0005303410382465
39.130179062641105 1.0027765761752896
39.230128434448616 1.0015206152278946
39.33007780625613 1.0010132989024731
39.43002717806364 0.999175871312965
39.52997654987115 1.001107410203324
39.62992592167867 0.996526639956028
39.72987529348618 0.9996174321592644
39.82982466529369 1.0006138054693234
39.929774037101204 0.9972118647917356
40.029723408908715 0.9969429601661134
40.12967278071623 1.0014700924075821
40.22962215252374 1.0019176084490082
40.32957152433125 1.0015732348441282
40.42952089613877 1.000455973347228
40.52947026794628 1.0029391506590013
40.62941963975379 0.9966375938636443
40.7293690115613 0.9981601019376575
40.829318383368815 0.9986546480563576
40.929267755176326 0.999834101533481
41.02921712698384 1.0031035639791561
41.12916649879135 0.9992979239426986
41.22911587059887 1.002005687659218
41.32906524240638 0.9982532169288494
41.42901461421389 0.9979011989809868
41.5289639860214 0.9984966757274153
41.628913357828914 1.000593839978215
41.728862729636425 1.0018986866728272
41.82881210144394 1.0056717430144317
41.92876147325145 0.9978816069752253
42.02871084505897 1.0001560358922188
42.12866021686648 0.9997675521902913
42.22860958867399 0.9996385786685753
42.3285589604815 1.0010400512124722
42.42850833228901 1.0030354059874025
42.528457704096525 0.9988559128174571
42.628407075904036 0.9993217299529186
42.72835644771155 0.9963630193951305
42.828305819519066 0.9999555985095855
42.92825519132658 1.00128729685608
43.02820456313409 0.9992698200149526
43.1281539349416 1.000553860167835
43.22810330674911 1.000315542278973
43.328052678556624 0.9980570108381452
43.428002050364135 0.9988949778600659
43.52795142217165 1.0030824804737533
43.627900793979165 0.9974448495587545
43.72785016578668 1.0035708028488959
43.82779953759419 1.0017847518453775
43.9277489094017 1.001952214265937
44.02769828120921 0.998526314496916
44.12764765301672 1.0010399234017968
44.227597024824234 0.9971575213365859
44.327546396631746 0.9980763048447846
44.427495768439265 0.9956755999324
44.527445140246776 0.9999193782808373
44.62739451205429 0.998946597100719
44.7273438838618 1.004617822774773
44.82729325566931 0.9996781993733426
44.92724262747682 1.0026525257258228
45.027191999284334 0.9987411831252899
45.127141371091845 1.0005282100238164
45.227090742899364 0.9969791937886624
45.327040114706875 0.9994765424433333
45.42698948651439 1.000560778715798
45.5269388583219 0.9992677076361305
45.62688823012941 0.9988644223901577
45.72683760193692 1.0006973899299176
45.82678697374443 0.9997541630199139
45.926736345551944 1.002513350621835
46.02668571735946 1.000590046700269
46.126635089166975 0.9993770127434156
46.226584460974486 1.0047657770197427
46.326533832782 0.9996820696248295
46.42648320458951 0.9988789732404133
46.52643257639702 0.9989805791238837
46.62638194820453 0.9993606523913814
46.726331320012044 1.0008750442053347
46.82628069181956 1.000660020938237
46.926230063627074 1.0000669932709014
47.026179435434585 0.9955993967091539
47.1261288072421 0.9995079536368777
47.22607817904961 0.9991459142525133
47.32602755085712 1.0040622982346066
47.42597692266463 1.0013586824634557
47.52592629447214 1.0008163417932994
47.62587566627966 1.003558447940906
47.72582503808717 0.9974029494651643
47.825774409894684 1.0000075481770192
47.925723781702196 1.0007572684342674
48.02567315350971 0.9947952350448507
48.12562252531722 1.0020378125951317
48.22557189712473 0.9985137215884912
48.32552126893224 1.0010781045684893
48.42547064073976 1.0008971652303607
48.52542001254727 0.9979003611263071
48.625369384354784 1.0014981091954012
48.725318756162295 1.0018348590782238
48.82526812796981 1.001170087484264
48.92521749977732 1.0012132110623977
49.02516687158483 0.9978890270043734
49.12511624339234 1.0015744532250068
49.22506561519986 1.0009964807117664
49.32501498700737 0.995686021978087
49.42496435881488 1.0039606669526278
49.524913730622394 1.0005841002697289
49.624863102429906 0.9990234031462779
49.72481247423742 0.9982962503367446
49.82476184604493 0.9988823388672975
49.92471121785244 1.0006780959850818
50.02466058965996 0.99804741613323
50.12460996146747 1.0001235880198867
50.22455933327498 1.0000672802678379
50.32450870508249 1.001013184986806
50.424458076890005 0.9980553292941111
50.52440744869752 0.9995530115139941
50.62435682050503 1.0037026714148498
50.72430619231254 0.9976857820157436
50.82425556412006 1.0045955529443074
50.92420493592757 0.9982044542258833
51.02415430773508 0.998917381214398
51.12410367954259 1.0010395118727997
51.224053051350104 0.998366102919746
51.324002423157616 1.000610314932292
51.42395179496513 0.9995428429051205
51.52390116677264 1.0000556767296829
51.62385053858016 1.0008544146609477
51.72379991038767 0.9987664677532929
51.82374928219518 1.0023248632422952
51.92369865400269 0.9977018558702161
52.0236480258102 0.9970399819922975
52.123597397617715 1.0063245447625861
52.223546769425226 1.001283386369999
52.32349614123274 0.9990866747651647
52.42344551304026 1.0021531929619607
52.52339488484777 0.9966737841706809
52.62334425665528 1.0000307882249637
52.72329362846279 0.9950141088013915
52.8232430002703 1.0007580752342229
52.923192372077814 1.0026892516649069
53.023141743885326 0.9996279462736561
53.12309111569284 0.9963483533478277
53.223040487500356 1.001218920746123
53.32298985930787 0.9987250642469891
53.42293923111538 1.0041541887706373
53.52288860292289 1.0025368589268466
53.6228379747304 1.0011680713125124
53.72278734653791 1.000283560531155
53.822736718345425 0.9991163447212591
53.922686090152936 1.0000845626216155
54.022635461960455 0.9971240156126701
54.12258483376797 1.0023584220352257
54.22253420557548 0.9991011385725169
54.32248357738299 0.9983132489376608
54.4224329491905 1.0008394168542185
54.52238232099801 1.0011172315353225
54.622331692805524 0.9973807572391445
54.722281064613036 1.001728014059053
54.822230436420554 0.9977910480059528
54.922179808228066 1.0010296680649513
55.02212918003558 0.99702627636681
55.12207855184309 0.9993349433841644
55.2220279236506 0.9995302606444668
55.32197729545811 1.0014950523746877
55.42192666726562 1.003213328144203
55.521876039073135 0.9994380181420962
55.62182541088065 1.001673894898512
55.721774782688165 1.0017822971211265
55.821724154495676 0.997782605567737
55.92167352630319 1.0009775939070809
56.0216228981107 0.9962214260320381
56.12157226991821 0.9984383926156899
56.22152164172572 0.996446248921421
56.321471013533234 0.9975287552280094
56.42142038534075 0.9999432930005518
56.521369757148264 1.0006683243973553
56.621319128955776 0.9991643999743429
56.72126850076329 1.0029856741764551
56.8212178725708 1.0017678746250394
56.92116724437831 1.0012910203098577
57.02111661618582 1.0021702350150437
57.12106598799333 1.0008348091097703
57.22101535980085 1.0003017890550352
57.32096473160836 0.9978862424331831
57.420914103415875 0.9999345978064539
57.520863475223386 0.9975373115237195
57.6208128470309 0.9986764201224888
57.72076221883841 0.9997656050493144
57.82071159064592 1.0004471112218876
57.92066096245343 1.003179002377621
58.02061033426095 0.9986926853846985
58.12055970606846 0.998710415465388
58.220509077875974 1.001458568671421
58.320458449683485 1.0025272351261898
58.420407821491 1.001002845252699
58.52035719329851 1.0017511862882673
58.62030656510602 0.9967155939906983
58.72025593691353 0.9960856845525246
58.82020530872105 1.0012783045128988
58.92015468052856 1.0025886391681609
59.02010405233607 1.002437621989629
59.120053424143585 1.0003433587913095
59.220002795951096 0.9979738322939027
59.31995216775861 0.9959657302437764
59.41990153956612 1.0031740851068558
59.51985091137363 1.0036832688511388
59.61980028318115 0.9983593888798173
59.71974965498866 0.9985949563858283
59.81969902679617 0.9950453664469276
59.919648398603684 0.9993471988147058
60.019597770411195 1.0008180388958232
60.11954714221871 0.999498492839689
60.21949651402622 1.0004000921289904
60.31944588583373 1.0043653537628263
60.41939525764125 1.00095126241885
60.51934462944876 0.9996007461359385
60.61929400125627 0.9981408547563337
60.71924337306378 1.000510233048988
60.819192744871295 1.000284189706064
60.919142116678806 0.9981028316892504
61.01909148848632 0.9986208595093047
61.11904086029383 1.000743816140995
61.21899023210135 0.997388899995457
61.31893960390886 0.996074785185556
61.41888897571637 1.0048675056447915
61.51883834752388 0.9994256352768583
61.618787719331394 1.0035155993140892
61.718737091138905 0.9989879506089085
61.81868646294642 0.9982442673872417
61.91863583475393 1.0025477844089261
62.01858520656145 0.9997210490516044
62.11853457836896 1.0024702923221813
62.21848395017647 0.9985607967352009
62.31843332198398 0.9999786409545921
62.41838269379149 0.9974760053229222
62.518332065599004 0.9996296866986141
62.618281437406516 0.9977416685983516
62.71823080921403 0.997679215884952
62.818180181021546 1.0002194225697965
62.91812955282906 1.0005455120209912
63.01807892463657 1.004862948179072
63.11802829644408 1.0012240256116431
63.21797766825159 1.0040154369372936
63.317927040059104 1.0000582176057138
63.417876411866615 0.997075981120023
63.51782578367413 0.9980432086766463
63.617775155481645 0.9989865386577967
63.71772452728916 0.999347956111058
63.81767389909667 1.0006023419075016
63.91762327090418 0.9982653870611836
64.0175726427117 0.9942691898027138
64.11752201451921 1.0033238015073211
64.21747138632672 1.0003984116052784
64.31742075813423 1.0013154411609408
64.41737012994174 1.0013520880316231
64.51731950174926 1.003799137880737
64.61726887355677 0.9984720031927872
64.71721824536428 0.9990090689173583
64.81716761717179 1.0007810112953226
64.9171169889793 0.9981976780440152
65.01706636078681 0.9998307174013211
65.11701573259433 0.9982104696738665
65.21696510440184 1.0028416862524698
65.31691447620935 0.9975283838839675
65.41686384801686 1.0006089086301218
65.51681321982437 1.001391357420859
65.6167625916319 1.0032998618488969
65.71671196343941 0.9962089684899622
65.81666133524692 1.000663928440353
65.91661070705443 0.9988567360331334
66.01656007886194 0.9989685793023425
66.11650945066945 1.0006415359106033
66.21645882247697 1.0010589600543491
66.31640819428448 0.9997102816117663
66.41635756609199 0.9995524423661506
66.5163069378995 0.9969452863553836
66.61625630970701 1.002409370359758
66.71620568151452 1.002041344404881
66.81615505332203 0.9976428572112152
66.91610442512955 0.9995952572016285
67.01605379693706 1.0014547105144114
67.11600316874457 1.0006909205384298
67.2159525405521 1.0014218811447344
67.3159019123596 0.9929528304476949
67.41585128416712 1.0023773455801985
67.51580065597463 0.9997770878145069
67.61575002778214 1.0043398135466188
67.71569939958965 0.9986481528036628
67.81564877139716 1.0018137345194904
67.91559814320468 0.9987216143528741
68.01554751501219 0.9985689390972492
68.1154968868197 1.0004583284139779
68.21544625862721 0.9980626244748094
68.31539563043472 1.002398543590197
68.41534500224223 1.0020707067232415
68.51529437404974 0.9998264538940713
68.61524374585726 0.9989772929162173
68.71519311766477 1.000181436476325
68.8151424894723 1.002180398732479
68.9150918612798 0.9956628339909607
69.01504123308732 1.0005543146684095
69.11499060489483 1.0013767448250623
69.21493997670234 1.0003486548924871
69.31488934850985 1.0033629101413188
69.41483872031736 0.9993145271200281
69.51478809212487 0.9982480234469532
69.61473746393239 0.9988734332925541
69.7146868357399 1.0001860877416628
69.81463620754741 1.002741839343222
69.91458557935492 0.9989510391754055
70.01453495116243 0.9968009925327741
70.11448432296994 0.9983740757009338
70.21443369477745 0.9996932172200583
70.31438306658497 0.9989176067155344
70.41433243839249 0.999097758618062
70.5142818102 1.0032668917414413
70.61423118200752 1.0026624002636735
70.71418055381503 0.9989858841619876
70.81412992562254 1.0015297434693675
70.91407929743005 0.998273114831409
71.01402866923756 0.999741981506701
71.11397804104507 0.9993556804806326
71.21392741285258 0.9979642561024213
71.3138767846601 1.0006182506906889
71.41382615646761 0.9996600406405504
71.51377552827512 0.9985931769356945
71.61372490008263 0.9996008838444929
71.71367427189014 1.0035145518257709
71.81362364369765 0.999360973229046
71.91357301550516 1.0013967340319156
72.01352238731269 0.999236639328168
72.1134717591202 0.9966813897011928
72.21342113092771 1.0010571294312025
72.31337050273522 0.9973430260557142
72.41331987454274 1.0006465970588314
72.51326924635025 1.0005446573618795
72.61321861815776 1.001046053500676
72.71316798996527 1.0070500542757956
72.81311736177278 0.9989465971007193
72.9130667335803 0.9974644038485105
73.0130161053878 1.0018384044715634
73.11296547719532 0.9962037072082497
73.21291484900283 0.9992915065172664
73.31286422081034 0.9988341460227015
73.41281359261785 1.002289538725516
73.51276296442536 0.9994502523818766
73.61271233623289 0.9978985417906037
73.7126617080404 0.9973915451627227
73.81261107984791 1.0013659037558091
73.91256045165542 1.0037927242548152
74.01250982346293 1.0002821095409746
74.11245919527045 0.9993126915314948
74.21240856707796 1.001507176299351
74.31235793888547 1.0003780092706174
74.41230731069298 0.9983780794507204
74.51225668250049 1.0020894077613849
74.612206054308 1.002237390162738
74.71215542611552 0.9982821843343316
74.81210479792303 0.9982220104745267
74.91205416973054 0.9985481539119014
75.01200354153805 1.001671987619925
75.11195291334556 0.998699642412917
75.21190228515309 1.0022560470657378
75.3118516569606 1.0030543579287543
75.41180102876811 0.9992790534347002
75.51175040057562 0.9985398023720631
75.61169977238313 0.9995504563047505
75.71164914419064 0.9990827074402011
75.81159851599816 0.9978285375767733
75.91154788780567 1.002793694896207
76.01149725961318 0.9990170952765534
76.11144663142069 1.0009654349587103
76.2113960032282 0.9999695846839921
76.31134537503571 1.000718701191713
76.41129474684323 0.9981732532643659
76.51124411865074 0.9999633615407458
76.61119349045825 0.99902597771031
76.71114286226576 0.9991047098092816
76.81109223407329 0.998195068739727
76.9110416058808 1.0021393969660402
77.01099097768831 1.0023998746620761
77.11094034949582 1.0029178044899774
77.21088972130333 0.9996053045277654
77.31083909311084 0.9972110613705994
77.41078846491835 0.9981690872041235
77.51073783672587 0.9977893032603129
77.61068720853338 1.000522276010322
77.71063658034089 0.9962062026171795
77.8105859521484 1.0008612625790403
77.91053532395591 0.998446367115533
78.01048469576342 1.0009705770673987
78.11043406757094 1.0039368180676562
78.21038343937845 1.0011505924108135
78.31033281118596 0.9999270234675453
78.41028218299348 1.0010521472968101
78.510231554801 0.9994430780282381
78.6101809266085 1.0000798035988103
78.71013029841602 0.9989110141466858
78.81007967022353 0.9995400644757493
78.91002904203104 0.9989735745013444
79.00997841383855 1.002059724418287
79.10992778564606 0.9963218405509549
79.20987715745358 1.0030153858688595
79.30982652926109 1.0003927580908067
79.4097759010686 0.9993942915433436
79.50972527287611 0.9978676150019485
79.60967464468362 1.0011485943373137
79.70962401649113 1.0006357124443623
79.80957338829865 0.9991930247530155
79.90952276010616 0.9995174839325578
80.00947213191368 0.9996387945689459
80.1094215037212 0.998626798810015
80.2093708755287 0.9996687489691247
80.30932024733622 1.0013128529191357
80.40926961914373 1.0005830944596492
80.50921899095124 1.0012528321379226
80.60916836275875 1.000389971947456
80.70911773456626 0.9992464584710078
80.80906710637377 1.0001912365093242
80.90901647818129 1.0001299586136183
81.0089658499888 1.0001146971774824
81.10891522179631 0.9976814268014775
81.20886459360382 0.9990025707208745
81.30881396541133 0.9989691673673338
81.40876333721884 0.9996074061202634
81.50871270902636 1.0010418003049195
81.60866208083388 1.0014222800908255
81.70861145264139 1.0018278133361918
81.8085608244489 0.9996987379094289
81.90851019625642 0.9987283377604192
82.00845956806393 1.0010514790264107
82.10840893987144 0.9986919392731706
82.20835831167895 0.9988497483347003
82.30830768348646 1.002612022018481
82.40825705529397 1.0015538003379438
82.50820642710148 0.9975935887492817
82.608155798909 1.0013662147995226
82.70810517071651 0.9969376923091062
82.80805454252402 1.0011442808826678
82.90800391433153 0.9997228855923379
83.00795328613904 1.0032030158213623
83.10790265794655 0.9996813393226162
83.20785202975408 0.9995521975727573
83.30780140156159 0.9988977273024691
83.4077507733691 1.0009430511419868
83.50770014517661 1.0007365894943303
83.60764951698413 1.0020320475020916
83.70759888879164 1.0001634512531061
83.80754826059915 0.9982834785471416
83.90749763240666 0.9991976790167516
84.00744700421417 1.0012027719729486
84.10739637602168 1.0016948175066263
84.2073457478292 0.9998471660911668
84.3072951196367 1.0004561251010866
84.40724449144422 1.0001581145734053
84.50719386325173 0.9965005023456522
84.60714323505924 0.9993007176822775
84.70709260686675 1.0031313684763856
84.80704197867428 0.999746051229094
84.90699135048179 0.9969282019329058
85.0069407222893 1.0029241719355646
85.10689009409681 1.0025321624845818
85.20683946590432 1.001673869712367
85.30678883771184 0.9998562776455125
85.40673820951935 1.0003393057796053
85.50668758132686 0.9980650620098276
85.60663695313437 0.9973927011473147
85.70658632494188 0.9994747193513359
85.80653569674939 1.0019354090581338
85.9064850685569 1.0017706297439823
86.00643444036442 1.000516970860241
86.10638381217193 0.9993864261504207
86.20633318397944 0.9975750594986253
86.30628255578695 0.9988705724083048
86.40623192759448 1.0016926713226322
86.50618129940199 1.0000935360256193
86.6061306712095 0.9972815397333301
86.70608004301701 0.9981092320638039
86.80602941482452 1.0011087629936273
86.90597878663203 1.00094072191816
87.00592815843954 0.9995071999617274
87.10587753024706 0.999429738903355
87.20582690205457 1.0010993037411604
87.30577627386208 1.0015126459027193
87.40572564566959 1.0018855704557266
87.5056750174771 1.0010626956242654
87.60562438928461 0.9986785273036946
87.70557376109213 0.9999127762100741
87.80552313289964 1.0009900674785497
87.90547250470715 0.9975393259844052
88.00542187651467 0.9987193975584793
88.10537124832219 0.9971526609438442
88.2053206201297 1.0009782446048365
88.30526999193721 1.0020392169873564
88.40521936374472 0.9998346146961322
88.50516873555223 1.0010504100516213
88.60511810735974 1.0015356218965412
88.70506747916725 0.9989411226446492
88.80501685097477 1.0018303594902096
88.90496622278228 0.9981189548026178
89.00491559458979 0.9985784430931907
89.1048649663973 0.9992990024021596
89.20481433820481 0.9984768489356045
89.30476371001232 0.9973504441679037
89.40471308181984 1.0019645540643944
89.50466245362735 1.0024942757307302
89.60461182543487 0.9988792314829353
89.70456119724238 0.9974201274598937
89.8045105690499 0.9996198855542254
89.90445994085741 1.000250224200256
90.00440931266492 1.0007759596935741
90.10435868447243 0.9988823625013306
90.20430805627994 1.0024476665783415
90.30425742808745 1.001191207050584
90.40420679989496 0.9992770107551945
90.50415617170248 0.9998185122981964
90.60410554350999 1.000323669387689
90.7040549153175 1.001608933215771
90.80400428712501 0.9990655570920746
90.90395365893252 0.9990794025462236
91.00390303074003 0.9990582222618462
91.10385240254755 1.0032814426781658
91.20380177435507 0.9999762631092678
91.30375114616258 0.9994309646201696
91.4037005179701 0.9976209233545938
91.5036498897776 1.0010789713741994
91.60359926158512 1.0014787370601335
91.70354863339263 0.9988070680247345
91.80349800520014 1.0009545263120039
91.90344737700765 1.0001316120591595
92.00339674881516 1.0010412431941633
92.10334612062267 1.0001854432848925
92.20329549243019 0.9972447009441127
92.3032448642377 1.0024357132881554
92.40319423604521 0.9987578930330915
92.50314360785272 0.9991734931967974
92.60309297966023 1.0009924946166604
92.70304235146774 0.9980066158697745
92.80299172327527 0.9994397504609843
92.90294109508278 1.0025723738639065
93.00289046689029 0.9995915703310542
93.1028398386978 1.0005394985083969
93.20278921050532 0.9994494490493957
93.30273858231283 0.9994227053578061
93.40268795412034 1.0020299788817777
93.50263732592785 0.9998916447023578
93.60258669773536 0.9980158906284853
93.70253606954287 1.0010185064263017
93.80248544135038 1.0015362825383762
93.9024348131579 0.9989779866156235
94.00238418496541 0.9996605800025705
94.10233355677292 1.0008127060068022
94.20228292858043 0.9983055798658267
94.30223230038794 0.9982409321163772
94.40218167219547 1.0038636757732107
94.50213104400298 0.9995358671265733
94.60208041581049 0.9997562708617083
94.702029787618 1.0000658860409066
94.80197915942551 1.0013014635295743
94.90192853123303 1.0016283746216943
95.00187790304054 0.9971245479637612
95.10182727484805 0.9988895379266948
95.20177664665556 0.9997280980095069
95.30172601846307 0.9991920116368097
95.40167539027058 1.0004402107093613
95.5016247620781 1.0006964970269048
95.6015741338856 0.9999945179621007
95.70152350569312 0.9982984521169929
95.80147287750063 1.001664374548805
95.90142224930814 1.000075262896333
96.00137162111567 0.9991805768628705
96.10132099292318 0.9988400701732149
96.20127036473069 0.998276814513422
96.3012197365382 1.001209157500353
96.40116910834571 1.0012860629728058
96.50111848015322 0.9993139469946827
96.60106785196074 0.9987690159782707
96.70101722376825 1.001891817292208
96.80096659557576 0.9985434022379542
96.90091596738327 0.9993210556870228
97.00086533919078 0.9984691973831474
97.10081471099829 1.0037304509533853
97.2007640828058 1.0014669472289175
97.30071345461332 1.0000945476301082
97.40066282642083 1.0002372017358971
97.50061219822834 0.9988852082536442
97.60056157003586 0.9968344377519653
97.70051094184338 1.0002450888810266
97.80046031365089 1.0011739537578737
97.9004096854584 1.0009677898141083
98.00035905726591 1.0006726798293755
98.10030842907342 1.0005459009508484
98.20025780088093 1.0000707492321588
98.30020717268845 0.9999826376368489
98.40015654449596 0.9999944968141004
98.50010591630347 1.0023773495747696
98.60005528811098 0.9993506244963803
98.70000465991849 1.0011780825716
98.799954031726 0.999053186262781
98.89990340353351 0.9981347688854465
98.99985277534103 0.9993601150946154
99.09980214714854 1.0006017358372459
99.19975151895606 1.002070933413454
99.29970089076357 0.9985393318737784
99.39965026257109 0.997396432538138
99.4995996343786 1.0004354462247371
99.59954900618611 1.001946875978906
99.69949837799362 1.0003381609493047
99.79944774980113 0.998924134847275
99.89939712160864 1.0018113148025323
99.99934649341616 0.9994458772543062
100.09929586522367 0.9994421633235786
100.19924523703118 0.9982412675838084
100.29919460883869 1.0012869641797066
100.3991439806462 0.9992222392623092
100.49909335245371 0.9983578792495328
100.59904272426122 0.9998959283027169
100.69899209606874 1.0000024809591919
100.79894146787626 1.0014463308143526
100.89889083968377 1.0020193268703403
100.99884021149128 0.998746893443657
101.0987895832988 1.0007258440962752
101.19873895510631 1.0005661794856764
101.29868832691382 1.0000452835213416
101.39863769872133 0.9987768611657941
101.49858707052884 0.9980155821084928
101.59853644233635 1.0009285112648123
101.69848581414387 1.000265778822495
101.79843518595138 1.0010851465423503
101.89838455775889 0.9988322215104427
101.9983339295664 1.0007077720601742
102.09828330137391 0.9984596274732459
102.19823267318142 1.0028534068623292
102.29818204498893 1.0008436406387204
102.39813141679646 0.9999056078562771
102.49808078860397 0.9984360201021629
102.59803016041148 1.000934740773851
102.697979532219 0.9992111756761107
102.7979289040265 1.0021070276801711
102.89787827583402 0.9985802431640516
102.99782764764153 1.0021023741206427
103.09777701944904 0.9968963420554753
103.19772639125655 1.0000403862717449
103.29767576306406 0.9986051665453352
103.39762513487157 0.9979273367831083
103.49757450667909 1.0023280110506776
103.5975238784866 0.9999161437279578
103.69747325029411 0.9999044275071364
103.79742262210162 0.9996702894406674
103.89737199390913 0.9996792672548712
103.99732136571666 0.9999842502619953
104.09727073752417 1.0001968667803294
104.19722010933168 1.001468636513368
104.29716948113919 1.0003689637726498
104.3971188529467 0.99970356130712
104.49706822475422 0.9972540132264929
104.59701759656173 1.0010990798201733
104.69696696836924 0.9985413424153528
104.79691634017675 1.0012407782576762
104.89686571198426 1.0007472274455893
104.99681508379177 1.0007045335790115
105.09676445559928 1.0004624284250032
105.1967138274068 0.9996001690742197
105.29666319921431 0.9997729219266235
105.39661257102182 0.999675917138865
105.49656194282933 0.9999111621794317
105.59651131463686 0.9973310988761289
105.69646068644437 1.0024191634111925
105.79641005825188 1.0001802561027902
105.89635943005939 0.9980633643869904
105.9963088018669 0.9972098717866499
106.09625817367441 0.9989969982994896
106.19620754548193 1.0019978117771546
106.29615691728944 1.0027184626763954
106.39610628909695 1.0014098265073739
106.49605566090446 1.0004026917109847
106.59600503271197 0.9998107366100527
106.69595440451948 1.0009436398251557
106.795903776327 0.9993582685595832
106.8958531481345 0.998763985032082
106.99580251994202 0.9977764278789738
107.09575189174953 0.9986567136344726
107.19570126355705 0.9986143689600071
107.29565063536457 1.0020844309600365
107.39560000717208 0.9994096519771183
107.49554937897959 1.0035366477875634
107.5954987507871 1.0030582763002014
107.69544812259461 1.001015969852506
107.79539749440212 0.9981871477213201
107.89534686620964 1.0003076086078666
107.99529623801715 0.9978360929675779
108.09524560982466 0.9983570942288088
108.19519498163217 1.000866439359947
108.29514435343968 0.9985924011560215
108.3950937252472 1.0001469294248497
108.4950430970547 1.0010479238699543
108.59499246886222 0.9998968485497874
108.69494184066973 1.0016216861813014
108.79489121247725 0.9972083018855524
108.89484058428476 1.0017351585686207
108.99478995609228 1.0018635685507278
109.09473932789979 0.9982721753608679
109.1946886997073 0.9995434026888471
109.29463807151481 0.9986973159642856
109.39458744332232 0.9991458398034622
109.49453681512983 1.0012247606191673
109.59448618693735 1.0020212914863826
109.69443555874486 1.0007090902137046
109.79438493055237 0.9993702718800576
109.89433430235988 0.9976378321746278
109.99428367416739 0.9996821372973435
110.0942330459749 1.001045353382942
110.19418241778241 1.0014427331273366
110.29413178958993 1.0005135621566592
110.39408116139745 0.9983191407336401
110.49403053320496 0.9998491902213257
110.59397990501247 0.999970248732695
110.69392927681999 0.9983384903303678
110.7938786486275 1.0013638846368713
110.89382802043501 1.000961530076602
110.99377739224252 0.9974276136705434
111.09372676405003 0.9983147565644577
111.19367613585754 1.0015727438873308
111.29362550766506 1.0017511089053277
111.39357487947257 1.0003972212939387
111.49352425128008 0.9999859957691059
111.59347362308759 0.9990808394080588
111.6934229948951 1.0007838636915156
111.79337236670261 0.9979258463193665
111.89332173851012 1.0003716163194083
111.99327111031765 1.000791650366065
112.09322048212516 1.0006000929597327
112.19316985393267 0.9993562307121808
112.29311922574018 1.0029855325811938
112.3930685975477 1.0008090518387935
112.49301796935521 0.9984335481845081
112.59296734116272 0.9988177090033173
112.69291671297023 1.0012359143878162
112.79286608477774 0.9991392862384272
112.89281545658525 0.9993501907890061
112.99276482839277 1.000669335754468
113.09271420020028 1.0003364318154262
113.19266357200779 1.0024940911467275
113.2926129438153 1.0006421981255473
113.39256231562281 0.997054595917171
113.49251168743032 1.0019828052046433
113.59246105923785 0.9997484151217767
113.69241043104536 1.0004755162869357
113.79235980285287 0.9978335664498181
113.89230917466038 1.0007957399253073
113.9922585464679 1.0001044868668907
114.0922079182754 1.0017940696024619
114.19215729008292 0.9998969512246288
114.29210666189043 0.9986579705566606
114.39205603369794 1.0019220064122962
114.49200540550545 0.9970418412919836
114.59195477731296 0.9981708918439469
114.69190414912048 1.0000800933955887
114.79185352092799 1.0012392116025954
114.8918028927355 0.9987304461575082
114.99175226454301 1.0014973477928761
115.09170163635052 0.9996014792328463
115.19165100815805 0.9989253716047104
115.29160037996556 1.0002024685360447
115.39154975177307 1.0008310724764722
115.49149912358058 1.0009967023405528
115.5914484953881 1.0002298886112533
115.6913978671956 1.0000814777740294
115.79134723900312 1.000492568692022
115.89129661081063 0.999877024601888
115.99124598261814 1.0001091161103197
116.09119535442565 0.9981416086128961
116.19114472623316 1.0003002929173626
116.29109409804067 1.0001959475696807
116.39104346984819 0.999478412845079
116.4909928416557 0.9989990447307652
116.59094221346321 1.0015365578253015
116.69089158527072 1.0015156609734472
116.79084095707825 0.998965646373054
116.89079032888576 0.9992466805937763
116.99073970069327 0.9982387309454422
117.09068907250078 1.0008680578798317
117.19063844430829 1.000655327344164
117.2905878161158 1.0011670211530008
117.39053718792331 1.0003756420792607
117.49048655973083 0.998919250678271
117.59043593153834 0.9997673969096803
117.69038530334585 0.9993783589066513
117.79033467515336 0.9993887786255602
117.89028404696087 0.9992100813054025
117.99023341876838 0.9985548402187195
118.0901827905759 1.0014088564110306
118.1901321623834 0.9982424267176004
118.29008153419092 0.9971454364560252
118.39003090599844 1.0022776863558636
118.48998027780596 1.0018488399585266
118.58992964961347 1.0029133968534352
118.68987902142098 1.0007853643741493
118.78982839322849 0.9993668998299273
118.889777765036 0.9983503943601534
118.98972713684351 0.998792036340782
119.08967650865102 0.9987582642506432
119.18962588045854 1.0003410907411345
119.28957525226605 1.002190462734395
119.38952462407356 1.0034387744814397
119.48947399588107 0.999330036122909
119.58942336768858 0.9986923336771868
119.6893727394961 1.0005346877153378
119.7893221113036 0.9990950352421007
119.88927148311112 0.9986561382720222
119.98922085491864 1.0008765605327874
120.08917022672615 1.0018557075275265
120.18911959853367 0.9964208309489833
120.28906897034118 1.0002614052721595
120.38901834214869 0.9983970771755266
120.4889677139562 1.0019895537289896
120.58891708576371 1.0021692300904008
120.68886645757122 0.9994151673382449
120.78881582937873 0.9997153233287491
120.88876520118625 0.9995144442234581
120.98871457299376 0.9985022902187496
121.08866394480127 1.0002336504502052
121.18861331660878 1.0001927045776158
121.28856268841629 0.9981737756056372
121.3885120602238 1.0009265077770193
121.48846143203131 0.9998059456434621
121.58841080383884 0.9994468098977816
121.68836017564635 1.0005167668345867
121.78830954745386 0.99892207029313
121.88825891926138 1.0007745464151228
121.98820829106889 0.9999393465472323
122.0881576628764 0.9970839002513207
122.18810703468391 1.0003864022185494
122.28805640649142 0.999677270313794
122.38800577829893 1.0013957952229968
122.48795515010644 0.9996708225052539
122.58790452191396 0.9999901790752027
122.68785389372147 0.9996968430032381
122.78780326552898 0.9997800667281288
122.88775263733649 1.0023726500966446
122.987702009144 1.0005546303031634
123.08765138095151 0.9981574087631397
123.18760075275904 1.000044825437116
123.28755012456655 1.0022262449265638
123.38749949637406 1.000128166428981
123.48744886818157 0.9979647115706337
123.58739823998908 1.0010401374130407
123.6873476117966 0.9990403675759931
123.78729698360411 1.0002897530291246
123.88724635541162 1.00011255232357
123.98719572721913 1.0004044032945811
124.08714509902664 0.999282063856098
124.18709447083415 1.000993107011395
124.28704384264167 1.001033713320727
124.38699321444918 1.0004320395308561
124.48694258625669 0.9997332649077207
124.5868919580642 0.9990654339941213
124.68684132987171 0.9977750310994937
124.78679070167924 1.001420797995034
124.88674007348675 0.9997820646537046
124.98668944529426 0.9983497954617909
125.08663881710177 1.0008830952065066
125.18658818890928 0.9987802015129011
125.2865375607168 1.0002732745329557
125.3864869325243 1.0010760733362547
125.48643630433182 0.9989674762187353
125.58638567613933 0.9989501041590985
125.68633504794684 1.0011498840643807
125.78628441975435 1.001753216879677
125.88623379156186 1.0016451302677956
125.98618316336938 1.0001195261928109
126.08613253517689 0.9963167865136481
126.1860819069844 0.9991472050958635
126.28603127879191 1.0015738546232178
126.38598065059944 0.9997591527586266
126.48593002240695 1.000316185079702
126.58587939421446 1.0010505438230706
126.68582876602197 1.001276780958107
126.78577813782948 0.9981576696740475
126.885727509637 1.0008162538190617
126.9856768814445 1.0012762145716667
127.08562625325202 0.9983524097999074
127.18557562505953 0.9990577226560181
127.28552499686704 0.9991301674028067
127.38547436867455 1.000600447775567
127.48542374048206 0.9993517408116441
127.58537311228957 1.0008195439935277
127.68532248409709 0.9981322272257256
127.7852718559046 1.000703579664903
127.88522122771211 1.0011043616198023
127.98517059951963 0.9994371185158029
128.08511997132715 1.0013218165511626
128.18506934313464 1.0023650690646886
128.28501871494217 1.0007772852705938
128.38496808674967 1.0004694801722
128.4849174585572 0.9970266422007166
128.5848668303647 0.9984146691489444
128.68481620217221 0.9992932028495527
128.78476557397974 0.9978973708171981
128.88471494578724 1.0009720531633206
128.98466431759476 1.0021325625256499
129.08461368940226 0.9985008915555676
129.1845630612098 0.998521342973564
129.28451243301728 1.0001921975199066
129.3844618048248 1.001786627623489
129.4844111766323 0.9976109924372688
129.58436054843983 1.0032477642193662
129.68430992024733 1.0000310855725631
129.78425929205486 1.002031748043393
129.88420866386235 1.0002839596877326
129.98415803566988 0.9998802760508851
130.08410740747738 0.9991875098014382
130.1840567792849 1.0008034971425754
130.2840061510924 0.9973875746779324
130.38395552289992 1.0001199371623155
130.48390489470745 1.0000291135805939
130.58385426651495 0.9985686225219214
130.68380363832247 0.9983450915747641
130.78375301012997 1.0006097597048884
130.8837023819375 1.0029987139708245
130.983651753745 1.0005739408931078
131.08360112555252 0.9975880005433254
131.18355049736002 1.001483001716907
131.28349986916754 0.9997845828613083
131.38344924097504 1.0013712238247365
131.48339861278257 0.9992172840642004
131.58334798459006 1.000832199294165
131.6832973563976 0.9978475688204266
131.78324672820509 0.9994510039844892
131.8831961000126 0.9992831701111848
131.98314547182014 0.9995076977547867
132.08309484362763 1.0010258652322608
132.18304421543516 0.9986767875453806
132.28299358724266 1.0030642307498367
132.38294295905018 0.9989650235930082
132.48289233085768 0.9993552117014204
132.5828417026652 0.9997568217817839
132.6827910744727 0.9981956270268855
132.78274044628023 1.000548234631892
132.88268981808773 1.0023480746119726
132.98263918989525 0.9999981577817405
133.08258856170275 0.9997636229405743
133.18253793351028 1.0014284814944936
133.28248730531777 0.9994967201220463
133.3824366771253 1.0005166066770903
133.4823860489328 1.0001054343448368
133.58233542074032 0.9990849498927292
133.68228479254785 0.9994239016111295
133.78223416435534 0.9992445840274186
133.88218353616287 0.9984926539079471
133.98213290797037 0.9997999030039316
134.0820822797779 1.0012041696314549
134.1820316515854 1.0019140949923038
134.28198102339292 0.9991148839963432
134.3819303952004 0.9999299776447853
134.48187976700794 1.0019752894290523
134.58182913881544 1.002619429812581
134.68177851062296 0.9999954985848135
134.78172788243046 1.0000258066847327
134.88167725423799 1.0000245883366636
134.98162662604548 0.9974261025499731
135.081575997853 0.9976920419052395
135.18152536966053 1.0005392371657436
135.28147474146803 1.0008731076024542
135.38142411327556 0.9957410781241443
135.48137348508305 1.0003601210953514
135.58132285689058 1.0002725351241972
135.68127222869808 1.0013567223409743
135.7812216005056 1.0012802590733219
135.8811709723131 1.0002917999837373
135.98112034412063 1.0025738699124027
136.08106971592812 0.997644450088536
136.18101908773565 0.9991748166271518
136.28096845954315 0.9996922414444985
136.38091783135067 1.000187502228632
136.48086720315817 0.9999489457752192
136.5808165749657 1.0020988301228608
136.6807659467732 0.9975292410829246
136.78071531858072 1.0007526655851844
136.88066469038824 0.999446080732987
