r/sigma_0 g(r)

0.0499746859037562 0.0
0.1499240577112686 0.0
0.249873429518781 0.0
0.3498228013262934 0.0
0.4497721731338058 0.0
0.5497215449413182 0.0
0.6496709167488306 0.0
0.749620288556343 0.0
0.8495696603638554 0.0
0.9495190321713678 0.0
1.0494684039788802 1.7059479695248232
1.1494177757863926 1.515582128611994
1.249367147593905 1.37755424980574
1.3493165194014174 1.2627285593182058
1.4492658912089298 1.1620927962761847
1.5492152630164422 1.040694663562299
1.6491646348239546 0.9594376810520576
1.749114006631467 0.9246409955189095
1.8490633784389794 0.9030789701575066
1.9490127502464918 0.9124598212787167
2.048962122054004 0.9251998050249545
2.1489114938615166 0.9977641412365362
2.248860865669029 1.021748024913741
2.3488102374765414 1.019284837964663
2.448759609284054 1.0306784035098726
2.548708981091566 1.03670084138857
2.6486583528990786 1.0218281840181942
2.748607724706591 1.0086165061660308
2.8485570965141034 0.9887854058074855
2.948506468321616 0.9947812794096572
3.048455840129128 0.972960697184483
3.1484052119366406 0.9791625463978826
3.248354583744153 0.9865350552401585
3.3483039555516654 1.0083686328973074
3.4482533273591778 1.0005366479766362
3.54820269916669 1.0203717721203809
3.6481520709742026 1.0024554853837149
3.748101442781715 1.0037629938445731
3.8480508145892274 0.9908641273547883
3.9480001863967398 0.9963649849516741
4.047949558204252 0.98979299377087
4.147898930011765 0.9979337690416313
4.2478483018192765 1.019248946951374
4.34779767362679 0.9930711052955798
4.447747045434301 1.001066750798771
4.547696417241815 1.005267841559714
4.647645789049326 1.0066044186159786
4.747595160856839 0.9837916342300539
4.847544532664351 0.9983268981236506
4.947493904471864 1.0024584246617945
5.047443276279376 1.0075830778196215
5.147392648086889 0.9911634353461514
5.2473420198944005 1.004602565036216
5.347291391701914 0.9984809084080399
5.447240763509425 0.9986739693052443
5.547190135316939 1.0083807720920621
5.64713950712445 0.9891704426795402
5.747088878931963 1.0017988634402373
5.847038250739475 1.0004241616079288
5.946987622546988 0.9986494043187204
6.0469369943545 1.0016294146398428
6.146886366162013 0.9954457373025036
6.2468357379695245 1.0005058622336216
6.346785109777038 1.0079155300031435
6.446734481584549 1.0000283252431381
6.546683853392063 0.9989086461847729
6.646633225199574 1.0143132679756992
6.746582597007087 0.9913009250722364
6.846531968814599 0.9987305136008671
6.946481340622112 0.9983052353084868
7.046430712429624 0.9911879348452145
7.146380084237137 0.9984187826136517
7.2463294560446485 0.9964039273712536
7.346278827852162 1.007268673209333
7.446228199659673 1.0111412000587012
7.546177571467187 0.9905389269628504
7.646126943274698 1.0005683391826807
7.746076315082211 0.9979019842276713
7.846025686889723 1.0069732213171227
7.945975058697236 0.9961772705931444
8.045924430504748 1.0058032090137878
8.145873802312261 0.9984142259697202
8.245823174119773 0.9958390234629891
8.345772545927286 1.0044871777539073
8.445721917734797 1.0005498548782255
8.54567128954231 1.0025120664867442
8.645620661349822 1.006884650391033
8.745570033157335 1.0034494190621521
8.845519404964847 0.9895307448488933
8.94546877677236 1.0029504910113336
9.045418148579872 1.0144599679942083
9.145367520387385 0.9982655685739151
9.245316892194896 0.9973482434568469
9.34526626400241 1.006617243796137
9.445215635809921 0.9917785927515513
9.545165007617435 0.9962963551265926
9.645114379424946 0.9992621501181533
9.74506375123246 0.996175729071905
9.845013123039971 0.996737265352047
9.944962494847484 1.0042259093160446
10.044911866654996 1.0049867960527115
10.144861238462509 1.0077470329600464
10.24481061027002 1.0127071532364706
10.344759982077534 1.0037948057790216
10.444709353885045 0.9906064046018338
10.544658725692559 0.9976769296681648
10.64460809750007 0.9965616015106229
10.744557469307583 1.0005305624227843
10.844506841115095 0.9991892397080566
10.944456212922608 1.0026737267811132
11.04440558473012 0.9986219419235294
11.144354956537633 1.0068118316032355
11.244304328345144 0.999066115651969
11.344253700152658 0.9890238650492573
11.44420307196017 1.009512910252135
11.544152443767683 1.0079452170423733
11.644101815575194 0.996717828502467
11.744051187382707 0.9935230662036673
11.844000559190219 1.0002638629119494
11.943949930997732 1.0006480691804338
12.043899302805244 0.9955170389651785
12.143848674612757 0.9967207361264234
12.243798046420268 1.0057297001988346
12.343747418227782 1.0018861728045363
12.443696790035293 1.0057822789475388
12.543646161842807 0.9998203581790039
12.643595533650318 1.0017820712167749
12.743544905457831 1.0004017339851898
12.843494277265343 0.9985882817893462
12.943443649072856 0.9997964232097488
13.043393020880368 1.0062762428237382
13.143342392687881 0.9977556887003208
13.243291764495392 0.9962173501453709
13.343241136302906 0.9996744742186132
13.443190508110417 0.9999215053420495
13.54313987991793 0.9954814244926781
13.643089251725442 0.9986734339145124
13.743038623532955 0.9957360311590856
13.842987995340467 1.0069897064740696
13.94293736714798 0.9986671589048586
14.042886738955492 1.0052985779415204
14.142836110763005 1.0100723415042263
14.242785482570516 0.993686010004741
14.34273485437803 0.9984186532176657
14.442684226185541 0.9990799177492121
14.542633597993055 1.003254203899967
14.642582969800566 0.9966960477324603
14.74253234160808 1.002360051009937
14.84248171341559 0.9947161212607069
14.942431085223104 1.0023778722223209
15.042380457030616 1.0017514574871236
15.142329828838129 1.0017292145067835
15.24227920064564 1.0060427538174561
15.342228572453154 0.9977243151986352
15.442177944260665 1.0017501442546901
15.542127316068179 0.9960764273467863
15.64207668787569 1.0034546544650949
15.742026059683203 1.0029672556870322
15.841975431490715 0.999906122940287
15.941924803298228 0.9959677638428688
16.04187417510574 1.0030304370194363
16.14182354691325 0.99731296131065
16.241772918720766 1.001616990743043
16.341722290528278 1.0013211195474914
16.44167166233579 1.0018036356982734
16.5416210341433 0.9917875909342432
16.641570405950816 0.9997212418103018
16.741519777758327 0.9951636168431736
16.84146914956584 1.0073638660899924
16.94141852137335 1.0040838194284147
17.041367893180865 0.9995496534443551
17.141317264988377 1.0046985573165488
17.24126663679589 1.0011061842224074
17.3412160086034 1.0025443752516274
17.441165380410915 1.0011814725652814
17.541114752218427 0.9942663551899741
17.641064124025938 1.0001568408638069
17.74101349583345 1.0012987035167527
17.840962867640965 0.9990659173124483
17.940912239448476 0.9984556089275876
18.040861611255988 0.998617016189212
18.1408109830635 0.9924420329848049
18.240760354871014 1.0034884946647342
18.340709726678526 1.0068322065958477
18.440659098486037 1.0061531688973604
18.54060847029355 1.0064834411657089
18.640557842101064 0.996060953930181
18.740507213908575 1.000420893582901
18.840456585716087 0.9967053745074306
18.9404059575236 0.9967002082864443
19.040355329331113 1.003190403265243
19.140304701138625 0.9976329013280597
19.240254072946136 1.0090441081420591
19.340203444753648 0.9978464752004128
19.440152816561163 1.0047570251247455
19.540102188368675 0.9992644724197068
19.640051560176186 0.9943683366042894
19.740000931983698 0.9983144239318117
19.839950303791213 0.9973650185325559
19.939899675598724 0.9969708256372306
20.039849047406236 1.000315159526269
20.139798419213747 1.0000947236011029
20.239747791021262 1.0064064629780993
20.339697162828774 1.007436965928756
20.439646534636285 0.9939670155797654
20.539595906443797 0.9965856236952104
20.639545278251312 1.0015191082500825
20.739494650058823 0.9949777813433738
20.839444021866335 1.0025714969978394
20.939393393673846 0.9987111783222226
21.03934276548136 0.9987600692912649
21.139292137288873 1.0038177313323304
21.239241509096384 0.9967197591206355
21.339190880903896 0.9999113801632996
21.43914025271141 1.0021076896525072
21.539089624518923 1.0022136138272786
21.639038996326434 1.0052129881208212
21.738988368133946 0.9996390843311569
21.83893773994146 0.9955623200263717
21.938887111748972 1.0016841006419608
22.038836483556484 0.9970931474356931
22.138785855363995 1.0005394277276984
22.23873522717151 1.000207517252159
22.33868459897902 1.0015655942867911
22.438633970786533 1.001291207223577
22.538583342594045 0.999500274266392
22.63853271440156 0.9994718894144238
22.73848208620907 0.9995021116893962
22.838431458016583 1.0024487996516283
22.938380829824094 1.001806308358483
23.03833020163161 1.0009620388291383
23.13827957343912 1.005458543575563
23.238228945246632 0.9944415674039746
23.338178317054144 0.9961073244795156
23.43812768886166 1.0005556839371357
23.53807706066917 0.9984267460986884
23.638026432476682 1.003658504559508
23.737975804284194 0.9974425187734359
23.83792517609171 0.995999139249915
23.93787454789922 1.0019293975614543
24.03782391970673 1.0007112178603628
24.137773291514243 1.0053194330521287
24.237722663321758 0.9993342584156975
24.33767203512927 0.998272599955958
24.43762140693678 0.9991527060628941
24.537570778744293 1.0004258255717922
24.637520150551808 0.997616841934023
24.73746952235932 0.9983816459656099
24.83741889416683 1.0005827956195856
24.937368265974342 0.99683850288514
25.037317637781857 0.9978622517683411
25.13726700958937 1.0052230582005586
25.23721638139688 1.0033451612057167
25.337165753204392 1.0012411678648565
25.437115125011907 0.9981521137559031
25.53706449681942 0.9987245967329499
25.63701386862693 0.9962180923593011
25.73696324043444 1.004011850248787
25.836912612241957 0.9988438787125172
25.936861984049468 1.0005713486696297
26.03681135585698 1.000257153611071
26.13676072766449 1.002981406813647
26.236710099472006 1.0038944929468785
26.336659471279518 0.9931214899319176
26.43660884308703 0.9983916847948535
26.53655821489454 1.000621874044869
26.636507586702056 0.9972956254533523
26.736456958509567 1.0088042024208084
26.83640633031708 0.9952071886935806
26.93635570212459 1.0067070761440424
27.036305073932105 0.9984012782786226
27.136254445739617 0.9988021860186692
27.23620381754713 0.9985862723033538
27.33615318935464 1.0005563463496803
27.436102561162155 0.9962535604512077
27.536051932969666 0.9972443613938065
27.636001304777178 1.0052959122991023
27.73595067658469 0.9984390572160964
27.835900048392205 1.0019569650881612
27.935849420199716 0.9981916445105101
28.035798792007228 1.0038720445192946
28.13574816381474 1.003418641911961
28.235697535622254 0.9966145988046085
28.335646907429766 0.9995055699169387
28.435596279237277 1.0006869246044452
28.53554565104479 0.9976748139324709
28.635495022852304 1.001986882127288
28.735444394659815 1.0038953725395363
28.835393766467327 0.9970931265656025
28.93534313827484 1.0008488919763834
29.035292510082353 1.00144366167036
29.135241881889865 0.9973523301925162
29.235191253697376 1.0012593235594547
29.335140625504888 1.0010323928417915
29.435089997312403 0.996948070470644
29.535039369119914 1.0021646199454448
29.634988740927426 0.9964831052876225
29.734938112734937 0.9990956682405716
29.834887484542453 1.000685548869358
29.934836856349964 0.9971227197967546
30.034786228157476 1.003462446107485
30.134735599964987 0.9970341953478409
30.234684971772502 1.008476062115253
30.334634343580014 0.9972792932070862
30.434583715387525 0.9974224350071477
30.534533087195037 1.002675274592442
30.63448245900255 0.9999236952955691
30.734431830810063 0.9996337246601696
30.834381202617575 1.0025560579995878
30.934330574425086 0.9985189135758205
31.0342799462326 0.9993052182560495
31.134229318040113 1.0023709445748774
31.234178689847624 0.997379015887108
31.334128061655136 1.0030908335454127
31.43407743346265 0.9998338128896876
31.534026805270162 1.0044496330069588
31.633976177077674 0.9936248109578577
31.733925548885185 1.0005811297391811
31.8338749206927 1.0013161990517172
31.933824292500212 1.0001019619573093
32.03377366430772 0.9998480511116239
32.133723036115235 1.0024120407509511
32.23367240792275 0.9990814846585594
32.33362177973026 0.9980451202044486
32.43357115153778 1.0001736465923223
32.53352052334529 1.0039042819619386
32.6334698951528 1.003651523996512
32.73341926696031 0.9986248768359927
32.83336863876782 0.9986403024366005
32.933318010575334 0.9992680791578754
33.033267382382846 1.0005829896019005
33.13321675419036 1.0004321714731927
33.233166125997876 0.9970160783647448
33.33311549780539 0.9973943790344497
33.4330648696129 1.0029618880681614
33.53301424142041 1.0009854729111236
33.63296361322792 1.001159224443842
33.73291298503543 0.9995932359851424
33.832862356842945 0.9956596997137626
33.93281172865046 1.0023938806691812
34.032761100457975 1.0018674193569508
34.13271047226549 1.0007764432223727
34.232659844073 1.0002190155112989
34.33260921588051 0.9985285168138346
34.43255858768802 1.003021624896463
34.53250795949553 0.9993346228731114
34.632457331303044 0.9981900680193604
34.732406703110556 0.9994361130339033
34.832356074918074 0.9974749682902386
34.932305446725586 1.0010711043306892
35.0322548185331 1.0032906764280622
35.13220419034061 0.9987442433371052
35.23215356214812 0.9995040155540272
35.33210293395563 0.9964136662547921
35.43205230576314 1.0025611688060563
35.532001677570655 1.0004207143241444
35.63195104937817 1.0006905766917096
35.731900421185685 0.9988198584125072
35.8318497929932 0.9983001732356652
35.93179916480071 0.9999474799322942
36.03174853660822 1.002535799832318
36.13169790841573 1.001371120450675
36.23164728022324 0.996169531093404
36.331596652030754 1.0025380388696632
36.43154602383827 0.9940763928298242
36.531495395645784 1.0005973982287546
36.631444767453296 1.0049962757496989
36.73139413926081 1.0016257721708388
36.83134351106832 0.999923648276853
36.93129288287583 0.9996104720205149
37.03124225468334 1.0008326647363925
37.13119162649085 0.9984245305470634
37.23114099829837 1.0002920149583183
37.33109037010588 0.9989077236223461
37.431039741913395 0.9998422219042292
37.530989113720906 1.000672744736701
37.63093848552842 1.0036005039945899
37.73088785733593 0.9959198059199003
37.83083722914344 0.9993848260393405
37.93078660095095 1.004300904736157
38.03073597275847 1.001891766802699
38.13068534456598 0.9989314922473036
38.230634716373494 0.9995687079977339
38.330584088181006 0.9959721698858569
38.43053345998852 1.00187596791494
38.53048283179603 0.9992908435900506
38.63043220360354 1.004633382071337
38.73038157541105 0.997511402526779
38.83033094721857 0.9995298709753458
38.93028031902608 1.0011493988693734
39.03022969083359 0.9983884456335609
39.130179062641105 0.9956076853857346
39.230128434448616 1.001202659289689
39.33007780625613 1.001593612114192
39.43002717806364 1.001800853393208
39.52997654987115 1.0028731146233212
39.62992592167867 0.9994933102168391
39.72987529348618 0.9979140511896322
39.82982466529369 1.0002673210090454
39.929774037101204 1.0026088097530175
40.029723408908715 0.9957230606863562
40.12967278071623 0.9991752510470586
40.22962215252374 1.0007763369758216
40.32957152433125 1.0042910208375884
40.42952089613877 0.9992481371503362
40.52947026794628 0.996705322400224
40.62941963975379 1.0009487338909748
40.7293690115613 1.0034901906101537
40.829318383368815 0.998531147110543
40.929267755176326 0.9985502345583089
41.02921712698384 0.9983687092039286
41.12916649879135 1.000523929686691
41.22911587059887 0.9990961550739411
41.32906524240638 1.001939130283864
41.42901461421389 0.9968314036952269
41.5289639860214 1.0035004703659633
41.628913357828914 0.998082011618081
41.728862729636425 0.9991829970128239
41.82881210144394 1.0024676533628607
41.92876147325145 1.0041858960185504
42.02871084505897 1.0034522335494787
42.12866021686648 0.995647630958738
42.22860958867399 0.9992300755401115
42.3285589604815 1.0024633011913349
42.42850833228901 1.00007676554344
42.528457704096525 1.000590731038689
42.628407075904036 0.9983505173567584
42.72835644771155 0.9934065078642133
42.828305819519066 0.9988773790503263
42.92825519132658 1.0032656123559747
43.02820456313409 1.0029335379684923
43.1281539349416 1.0013353649941314
43.22810330674911 0.999934902369676
43.328052678556624 1.0000599483226893
43.428002050364135 0.9987360894165437
43.52795142217165 0.9973756307984973
43.627900793979165 1.0014171096475626
43.72785016578668 1.001822876319789
43.82779953759419 0.9979396055221519
43.9277489094017 1.0012151426371045
44.02769828120921 0.9984901473640894
44.12764765301672 1.003090766401208
44.227597024824234 0.9959093942638557
44.327546396631746 1.003195258929199
44.427495768439265 1.00070538085947
44.527445140246776 0.9951392956575332
44.62739451205429 0.9947064901603705
44.7273438838618 1.0013543620278273
44.82729325566931 1.0012530085352467
44.92724262747682 1.0034854358865282
45.027191999284334 1.0024131773954659
45.127141371091845 1.000722282938668
45.227090742899364 0.9976833538775062
45.327040114706875 1.0041078959934917
45.42698948651439 0.999088549619156
45.5269388583219 0.9977112703596234
45.62688823012941 1.0022496739454232
45.72683760193692 0.995665434999955
45.82678697374443 0.995850886671386
45.926736345551944 0.9983643101418772
46.02668571735946 0.9998058626273875
46.126635089166975 1.0035310868103295
46.226584460974486 1.00051160335867
46.326533832782 0.9996018672846133
46.42648320458951 1.005201317676423
46.52643257639702 0.9962882319743089
46.62638194820453 0.9989166843610895
46.726331320012044 1.001397578688375
46.82628069181956 0.9964433269590458
46.926230063627074 0.9991847309231648
47.026179435434585 0.9988839181437525
47.1261288072421 1.0004934728492374
47.22607817904961 1.0016803627627604
47.32602755085712 0.998230236675123
47.42597692266463 1.0006591908051272
47.52592629447214 0.9989009732866536
47.62587566627966 0.9999252134006548
47.72582503808717 1.0052547645710095
47.825774409894684 0.9989976020934815
47.925723781702196 0.9975786966463663
48.02567315350971 1.0005533863228644
48.12562252531722 0.9995011057330198
48.22557189712473 1.0028832234454899
48.32552126893224 0.9981619752036642
48.42547064073976 1.0001189435841848
48.52542001254727 1.0010123051440691
48.625369384354784 1.0026770164767231
48.725318756162295 0.9998359171029408
48.82526812796981 1.0005341271379042
48.92521749977732 0.9963312022748319
49.02516687158483 1.0013373597330268
49.12511624339234 0.9948052696445925
49.22506561519986 0.9992280976257057
49.32501498700737 1.0034124013115853
49.42496435881488 1.0033216837981953
49.524913730622394 0.9999088953005828
49.624863102429906 1.0000716065413695
49.72481247423742 1.0003350709758918
49.82476184604493 1.0009437021965868
49.92471121785244 0.9948944440841885
50.02466058965996 1.0045038876571324
50.12460996146747 1.0029932919512488
50.22455933327498 0.9973459584319521
50.32450870508249 0.9980810493239098
50.424458076890005 1.0024027094660086
50.52440744869752 1.001086817523538
50.62435682050503 1.0006306311062243
50.72430619231254 0.9967440112565265
50.82425556412006 0.996261607114054
50.92420493592757 0.9973393416142788
51.02415430773508 0.9998640201976943
51.12410367954259 1.0029187061274925
51.224053051350104 1.0032932484584762
51.324002423157616 1.0008585193647763
51.42395179496513 0.997994580319106
51.52390116677264 1.0011219055548004
51.62385053858016 0.999497219368704
51.72379991038767 0.999972242688034
51.82374928219518 1.002796000890938
51.92369865400269 0.996316719660805
52.0236480258102 0.9997641210103532
52.123597397617715 1.0015231642718496
52.223546769425226 0.9998299752392541
52.32349614123274 0.9995178074843171
52.42344551304026 1.0004066376415028
52.52339488484777 0.9993770565383935
52.62334425665528 0.9986791976270833
52.72329362846279 0.9992474402738987
52.8232430002703 0.9987232890739938
52.923192372077814 1.0018869036883207
53.023141743885326 1.0020354581136979
53.12309111569284 1.0002250979949991
53.223040487500356 0.9991196365939329
53.32298985930787 1.0018456912386562
53.42293923111538 0.9990075843420585
53.52288860292289 1.001406323658157
53.6228379747304 1.0012027160326338
53.72278734653791 1.0002638003798248
53.822736718345425 0.9961923422910569
53.922686090152936 0.9974366748732596
54.022635461960455 1.0004400331448349
54.12258483376797 0.9996418573711476
54.22253420557548 1.0021259442260455
54.32248357738299 1.0011956951155059
54.4224329491905 1.00407743246937
54.52238232099801 1.0006888836169332
54.622331692805524 1.0001404892616303
54.722281064613036 0.9980761080092517
54.822230436420554 1.0003761243211724
54.922179808228066 0.9981738632096394
55.02212918003558 1.001343200889677
55.12207855184309 0.9956950805133189
55.2220279236506 0.9978289652623938
55.32197729545811 0.9999023698973165
55.42192666726562 1.0014319745560596
55.521876039073135 1.004012444263805
55.62182541088065 1.0026043130752018
55.721774782688165 0.9998914588735912
55.821724154495676 1.001490950887901
55.92167352630319 1.0015375973021332
56.0216228981107 0.9996607235578558
56.12157226991821 0.9958895222495758
56.22152164172572 0.9996514552458212
56.321471013533234 1.0008931971431836
56.42142038534075 0.9952818706763716
56.521369757148264 1.0041241669553942
56.621319128955776 1.0019298183285508
56.72126850076329 1.0005198989049962
56.8212178725708 0.9988860772693591
56.92116724437831 1.000652263442611
57.02111661618582 0.9994567861012598
57.12106598799333 0.9994316741295876
57.22101535980085 0.9989382091799359
57.32096473160836 1.002039298214366
57.420914103415875 0.9982429895512486
57.520863475223386 1.0010807478700123
57.6208128470309 0.999178457358424
57.72076221883841 1.0031450400211515
57.82071159064592 1.0021729221915774
57.92066096245343 1.0012179053916221
58.02061033426095 1.001803079575586
58.12055970606846 1.0004044916378565
58.220509077875974 0.9939463188652329
58.320458449683485 0.9978765302720591
58.420407821491 1.0013117560872258
58.52035719329851 0.9986900291983697
58.62030656510602 1.0009622156006626
58.72025593691353 0.9999318718803504
58.82020530872105 1.0029657660342166
58.92015468052856 1.0029534854737354
59.02010405233607 1.0007738624232352
59.120053424143585 1.0005318986967544
59.220002795951096 0.9963201702624758
59.31995216775861 0.9987574550778948
59.41990153956612 0.9996724333950784
59.51985091137363 0.9991664110016508
59.61980028318115 0.9992763808144579
59.71974965498866 0.9985460727478616
59.81969902679617 0.9995972584498103
59.919648398603684 1.0010967097110042
60.019597770411195 1.0045234785973094
60.11954714221871 1.0006109252992463
60.21949651402622 0.9999197195704567
60.31944588583373 0.9997103810794032
60.41939525764125 1.0010654675945494
60.51934462944876 1.0022669796019816
60.61929400125627 1.0038060152072972
60.71924337306378 0.9956892236999814
60.819192744871295 1.0007030984195584
60.919142116678806 1.0010085992256819
61.01909148848632 0.9947325520899708
61.11904086029383 1.0009869807178728
61.21899023210135 1.001797732535392
61.31893960390886 0.9989010142462972
61.41888897571637 0.9999717834485802
61.51883834752388 1.0055083829167788
61.618787719331394 0.9983988739969801
61.718737091138905 0.9970400356910757
61.81868646294642 0.9995579500428836
61.91863583475393 1.001506249798097
62.01858520656145 1.00219873079854
62.11853457836896 0.9995992679213285
62.21848395017647 0.9968204749734562
62.31843332198398 0.9999062438484249
62.41838269379149 0.9982455872775062
62.518332065599004 1.0002706872111438
62.618281437406516 0.9970932147096728
62.71823080921403 1.002139223746475
62.818180181021546 0.9998138442847346
62.91812955282906 0.9992421307127789
63.01807892463657 1.0017381098149467
63.11802829644408 1.0016991571205214
63.21797766825159 1.0026762571161556
63.317927040059104 0.9981678830814963
63.417876411866615 1.0014365669184242
63.51782578367413 0.9986114490630539
63.617775155481645 1.0018483068429032
63.71772452728916 0.9996270198168556
63.81767389909667 0.99672236191914
63.91762327090418 1.001993976210274
64.0175726427117 0.9978966082931713
64.11752201451921 1.0008610020539557
64.21747138632672 0.9997991677164423
64.31742075813423 1.0024006565426176
64.41737012994174 1.0000749215399944
64.51731950174926 0.9988135644554261
64.61726887355677 0.9988334321014977
64.71721824536428 1.00051816464444
64.81716761717179 0.9993766046262245
64.9171169889793 0.9983734696135389
65.01706636078681 0.9970754407277852
65.11701573259433 1.0019192893283002
65.21696510440184 0.9997164025478086
65.31691447620935 0.99955589711606
65.41686384801686 0.997687908414368
65.51681321982437 1.0043605613195103
65.6167625916319 1.0012654353774384
65.71671196343941 0.9983210694560652
65.81666133524692 0.9986558424466743
65.91661070705443 0.9976368013682213
66.01656007886194 1.0008459619616188
66.11650945066945 0.9989195238566028
66.21645882247697 0.9985219243984027
66.31640819428448 1.0003545898618604
66.41635756609199 0.9990729353079086
66.5163069378995 1.000959113488404
66.61625630970701 1.0011783448030895
66.71620568151452 0.9994556878988741
66.81615505332203 1.0007608635133642
66.91610442512955 0.9993295318656373
67.01605379693706 0.9992053539889998
67.11600316874457 1.0001610527426115
67.2159525405521 1.0015679703676275
67.3159019123596 1.0015119869396287
67.41585128416712 0.9981257637242813
67.51580065597463 1.0011450139086375
67.61575002778214 0.9957283381363856
67.71569939958965 0.9988950635506826
67.81564877139716 1.0004870777124601
67.91559814320468 1.004231446836128
68.01554751501219 0.9979017073157833
68.1154968868197 1.0013622502301531
68.21544625862721 0.9979497998012337
68.31539563043472 0.9992324202207205
68.41534500224223 0.9992389355843652
68.51529437404974 1.0002292957829721
68.61524374585726 0.9993718123250616
68.71519311766477 1.0010040875037554
68.8151424894723 0.9949145609530048
68.9150918612798 1.003842375965684
69.01504123308732 1.0018463795960924
69.11499060489483 1.002256075131235
69.21493997670234 0.9986538830685499
69.31488934850985 0.9986879496812565
69.41483872031736 1.001210875696223
69.51478809212487 0.9979273294021779
69.61473746393239 0.9963916228286708
69.7146868357399 1.0005172827511917
69.81463620754741 1.0012326878428628
69.91458557935492 1.002614135491759
70.01453495116243 1.0025436542851618
70.11448432296994 1.0001152365763535
70.21443369477745 0.9995798248925843
70.31438306658497 1.0000234975586892
70.41433243839249 0.9962785361757751
70.5142818102 0.9999360423488287
70.61423118200752 0.9989453976290948
70.71418055381503 0.9971131210564436
70.81412992562254 1.0003866842566935
70.91407929743005 0.9996054280650458
71.01402866923756 0.9996821865378618
71.11397804104507 0.9996915544513303
71.21392741285258 1.0029319408134036
71.3138767846601 0.999579959978048
71.41382615646761 0.9983073206938108
71.51377552827512 0.9994764115125409
71.61372490008263 1.0031474207748616
71.71367427189014 1.0043324120962074
71.81362364369765 0.9976203576023348
71.91357301550516 1.0008763822358946
72.01352238731269 1.004296578495379
72.1134717591202 0.9987312657602411
72.21342113092771 0.9989035122459863
72.31337050273522 1.000077202143601
72.41331987454274 0.9975460329409259
72.51326924635025 0.9986158807022614
72.61321861815776 0.9993611538111484
72.71316798996527 0.9970494484779389
72.81311736177278 0.9984764119624668
72.9130667335803 1.0002889271932283
73.0130161053878 1.0012422862854682
73.11296547719532 1.0013545323694064
73.21291484900283 1.0000454945441375
73.31286422081034 1.0013355663383052
73.41281359261785 0.9989564424030057
73.51276296442536 1.0025622075535732
73.61271233623289 1.0011144292839278
73.7126617080404 1.0020144158205655
73.81261107984791 0.9988059139406018
73.91256045165542 0.997415766695672
74.01250982346293 0.9983457881623006
74.11245919527045 1.0002867084311902
74.21240856707796 0.9980669472592375
74.31235793888547 1.0005208617432475
74.41230731069298 0.9993481715005849
74.51225668250049 1.0033146431674815
74.612206054308 1.000231264953162
74.71215542611552 0.9994863805130206
74.81210479792303 0.9987505813227795
74.91205416973054 0.9983143342426406
75.01200354153805 1.0006990371307456
75.11195291334556 0.9976007880227777
75.21190228515309 1.0020302167648196
75.3118516569606 0.9999815036060827
75.41180102876811 1.004892249172737
75.51175040057562 0.9979563809615899
75.61169977238313 0.9994170785483321
75.71164914419064 0.9995524186281773
75.81159851599816 1.0020363621551358
75.91154788780567 0.9971859876975713
76.01149725961318 1.0032068709531055
76.11144663142069 0.9994033061207762
76.2113960032282 0.9996109055436557
76.31134537503571 0.9968062203444414
76.41129474684323 1.0010073940012818
76.51124411865074 0.9996858675801955
76.61119349045825 0.9976922802817637
76.71114286226576 1.004349517402614
76.81109223407329 0.9996842314129754
76.9110416058808 0.9985576287948309
77.01099097768831 0.9980060139519605
77.11094034949582 1.0008906441175551
77.21088972130333 1.000987076274919
77.31083909311084 1.0005443095868884
77.41078846491835 1.0005243754160735
77.51073783672587 1.0008503112287246
77.61068720853338 1.000703511461392
77.71063658034089 0.9994710752091721
77.8105859521484 0.9998175725051617
77.91053532395591 1.0013315678515915
78.01048469576342 0.9992457570035261
78.11043406757094 0.9985719148571782
78.21038343937845 0.9986836511538731
78.31033281118596 1.0024247059651916
78.41028218299348 1.0005376780923203
78.510231554801 0.9998453404978329
78.6101809266085 1.0039015022882405
78.71013029841602 0.9989481036370796
78.81007967022353 0.9983277660349055
78.91002904203104 1.0016843381365845
79.00997841383855 1.00033321087977
79.10992778564606 1.0027964732061396
79.20987715745358 0.9957582053696263
79.30982652926109 0.9987999305174392
79.4097759010686 0.9990534009528192
79.50972527287611 0.9994831408877402
79.60967464468362 0.9997717874969356
79.70962401649113 1.0012283621241524
79.80957338829865 1.00322996675265
79.90952276010616 0.9983119015290426
80.00947213191368 0.9996056244211006
80.1094215037212 0.9991966135294443
80.2093708755287 1.0001187387081427
80.30932024733622 0.9949844861592683
80.40926961914373 1.001649163220631
80.50921899095124 0.9996540660144189
80.60916836275875 1.0017892154593981
80.70911773456626 1.0017060773076532
80.80906710637377 1.0014293774076553
80.90901647818129 0.9997757038931963
81.0089658499888 1.0012187392538552
81.10891522179631 1.0000700248847318
81.20886459360382 1.0009993340128058
81.30881396541133 0.9994163364342017
81.40876333721884 0.9984729259771263
81.50871270902636 1.0011752964223146
81.60866208083388 0.998482458433932
81.70861145264139 1.0019999593028657
81.8085608244489 0.99774580847549
81.90851019625642 0.9979571915252349
82.00845956806393 1.0014074567678508
82.10840893987144 1.0005375380087682
82.20835831167895 0.9999150847609068
82.30830768348646 1.0042854710820788
82.40825705529397 1.001009542379645
82.50820642710148 0.9994045120668025
82.608155798909 0.997591329568255
82.70810517071651 0.9989881065013413
82.80805454252402 1.000929551718581
82.90800391433153 1.0002126461242937
83.00795328613904 1.000885049544558
83.10790265794655 1.0004732900659519
83.20785202975408 0.9981360533940826
83.30780140156159 1.0003376579460523
83.4077507733691 1.0027821718773238
83.50770014517661 0.9973869127341799
83.60764951698413 1.0002671577157578
83.70759888879164 0.999453265515741
83.80754826059915 0.9991004848040692
83.90749763240666 1.0005545711831858
84.00744700421417 1.0012217269069283
84.10739637602168 1.0000066777214416
84.2073457478292 1.0005279238269094
84.3072951196367 0.9998359849042899
84.40724449144422 1.000154970381179
84.50719386325173 0.997543139544026
84.60714323505924 1.0011294508249988
84.70709260686675 1.0008473660289214
84.80704197867428 1.0014703340276718
84.90699135048179 0.9958717200338651
85.0069407222893 1.0030053442209383
85.10689009409681 1.0009917003054891
85.20683946590432 1.001658296279317
85.30678883771184 0.9990411858730768
85.40673820951935 0.9992983279420045
85.50668758132686 1.000625667534535
85.60663695313437 0.999010974486343
85.70658632494188 1.0004532213056971
85.80653569674939 0.9988053757686346
85.9064850685569 0.9990025992376725
86.00643444036442 1.0001405118470257
86.10638381217193 1.0019168694992857
86.20633318397944 1.0003273049241364
86.30628255578695 1.0004449770539652
86.40623192759448 1.0004456617725848
86.50618129940199 1.0004125979722878
86.6061306712095 0.9995706187180458
86.70608004301701 1.0007476678318532
86.80602941482452 1.000375009533174
86.90597878663203 1.0002200274971553
87.00592815843954 0.9973537009881255
87.10587753024706 1.0005052528772622
87.20582690205457 0.998932481416197
87.30577627386208 0.9983816459656095
87.40572564566959 1.0008410730340627
87.5056750174771 1.0009019539592103
87.60562438928461 0.9985724982543785
87.70557376109213 1.0026270525525338
87.80552313289964 0.9961510375339181
87.90547250470715 1.0008874724329915
88.00542187651467 1.000634328464481
88.10537124832219 1.001179996664678
88.2053206201297 0.998980398143137
88.30526999193721 0.9990398284255625
88.40521936374472 1.0005791110704496
88.50516873555223 0.9995960835553115
88.60511810735974 1.0007418862634008
88.70506747916725 1.001241858292679
88.80501685097477 1.002302540371394
88.90496622278228 0.9994891280277688
89.00491559458979 0.9973410066091578
89.1048649663973 0.9968477545213775
89.20481433820481 0.9994110280786798
89.30476371001232 1.0017991735372571
89.40471308181984 1.0003823750945084
89.50466245362735 1.0023222984225997
89.60461182543487 0.9982631732233892
89.70456119724238 1.0010413540783432
89.8045105690499 1.0006305727602076
89.90445994085741 0.9983816459656096
90.00440931266492 1.0015544065213853
90.10435868447243 1.0003521128032413
90.20430805627994 1.0005911839396773
90.30425742808745 0.9975029234086982
90.40420679989496 1.0017488046989012
90.50415617170248 1.0005750664080073
90.60410554350999 1.000686883421381
90.7040549153175 0.9985659787822553
90.80400428712501 1.001354028938323
90.90395365893252 1.0029652352190161
91.00390303074003 1.0003326353715678
91.10385240254755 1.0005023665403663
91.20380177435507 0.9982972592919488
91.30375114616258 0.9990676271359037
91.4037005179701 1.000216671500579
91.5036498897776 0.9978044763351694
91.60359926158512 1.001597521657772
91.70354863339263 0.9996058196459487
91.80349800520014 0.9995061970383594
91.90344737700765 1.0011423185488335
92.00339674881516 1.0019845059856352
92.10334612062267 0.9994996545277209
92.20329549243019 0.9978664227786528
92.3032448642377 1.002605351566191
92.40319423604521 0.999883762120518
92.50314360785272 0.9999165672289626
92.60309297966023 0.9962350755598609
92.70304235146774 1.0012960019775181
92.80299172327527 1.0003748860555453
92.90294109508278 0.9979531461805078
93.00289046689029 1.0010840006214494
93.1028398386978 0.9998610719493699
93.20278921050532 1.0018299380575164
93.30273858231283 0.9997412809095165
93.40268795412034 1.0009076334753242
93.50263732592785 1.0001130354945877
93.60258669773536 1.0008512033193715
93.70253606954287 0.9993757791790393
93.80248544135038 0.9996010615376835
93.9024348131579 1.0000406600014304
94.00238418496541 1.001913536650462
94.10233355677292 0.9979219443568922
94.20228292858043 0.9995958862991814
94.30223230038794 0.9985617596926271
94.40218167219547 1.0008246633516635
94.50213104400298 0.9981738299901564
94.60208041581049 1.0002051279706383
94.702029787618 1.0035688812058339
94.80197915942551 1.0034710307511205
94.90192853123303 0.9972630486680784
95.00187790304054 0.9984291363345681
95.10182727484805 0.9990290686852347
95.20177664665556 1.0012167220083499
95.30172601846307 0.9974933069652219
95.40167539027058 1.0011189807059495
95.5016247620781 0.998559497667798
95.6015741338856 1.0008328782769722
95.70152350569312 0.9990139192150961
95.80147287750063 1.0027613876449615
95.90142224930814 0.9997127403180245
96.00137162111567 1.0018317004977266
96.10132099292318 0.9995829383168644
96.20127036473069 0.9996975565628066
96.3012197365382 0.9987151049282839
96.40116910834571 0.9980870747620362
96.50111848015322 1.0015690704278388
96.60106785196074 0.999656395510821
96.70101722376825 1.0003713834259567
96.80096659557576 0.9999608258447718
96.90091596738327 0.9992443691791523
97.00086533919078 1.0014787773610108
97.10081471099829 1.0015685170007382
97.2007640828058 1.0022805930487986
97.30071345461332 0.9989789795078472
97.40066282642083 0.9972672226028378
97.50061219822834 0.9995548099988146
97.60056157003586 1.0010736251070993
97.70051094184338 0.9982974379038341
97.80046031365089 1.0017193899738552
97.9004096854584 1.0009298380175893
98.00035905726591 1.0003829154990882
98.10030842907342 0.9993393287965776
98.20025780088093 1.0011382624966176
98.30020717268845 0.9983573476097224
98.40015654449596 0.998076876490895
98.50010591630347 1.0013777500879197
98.60005528811098 0.9996170935923423
98.70000465991849 1.0004709067760467
98.799954031726 1.0005305749165576
98.89990340353351 1.0009309201629457
98.99985277534103 1.0003359034862818
99.09980214714854 1.0003339324751668
99.19975151895606 0.9997112876346298
99.29970089076357 1.0001348994530477
99.39965026257109 0.9985551930463296
99.4995996343786 1.0013476536125576
99.59954900618611 0.999863161576516
99.69949837799362 1.000654930041903
99.79944774980113 0.9984029200394003
99.89939712160864 1.001040901198576
99.99934649341616 0.997842895462853
100.09929586522367 0.9997868314649185
100.19924523703118 0.9989378621953883
100.29919460883869 1.0005672496494387
100.3991439806462 0.9991614416339316
100.49909335245371 1.0029765444071073
100.59904272426122 0.9999935388366419
100.69899209606874 1.0003240124538537
100.79894146787626 1.0023941714892215
100.89889083968377 0.9985447234898998
100.99884021149128 1.0018002572529467
101.0987895832988 0.9990221659475607
101.19873895510631 1.000469147384545
101.29868832691382 0.9990078024629637
101.39863769872133 0.9994154870521851
101.49858707052884 0.9995661240175661
101.59853644233635 0.999625038665528
101.69848581414387 1.0008973025778498
101.79843518595138 1.0000918642668073
101.89838455775889 0.9985847956332221
101.9983339295664 1.0012697891031563
102.09828330137391 0.9991146721373906
102.19823267318142 0.998425792269468
102.29818204498893 1.0008228862052275
102.39813141679646 0.9986511902455917
102.49808078860397 0.9989952969352816
102.59803016041148 1.0001845913367788
102.697979532219 0.9985444508620632
102.7979289040265 0.9987998800874106
102.89787827583402 1.0007415996873565
102.99782764764153 1.002937218942132
103.09777701944904 1.0034244715461178
103.19772639125655 0.9978133023878486
103.29767576306406 0.9991524065853528
103.39762513487157 1.0001834823843438
103.49757450667909 0.9990791191970185
103.5975238784866 1.0009895236318374
103.69747325029411 0.9991596721649779
103.79742262210162 0.9994094925469057
103.89737199390913 1.0001926961508192
103.99732136571666 1.0006936833740896
104.09727073752417 1.0010432899692157
104.19722010933168 0.9992247102158638
104.29716948113919 0.9989490875417555
104.3971188529467 1.0021668997031272
104.49706822475422 0.9984806947872888
104.59701759656173 1.0000486432041236
104.69696696836924 1.0010432534613285
104.79691634017675 1.0020005122591111
104.89686571198426 0.9991735465038273
104.99681508379177 0.9994204999472289
105.09676445559928 0.9984700287157053
105.1967138274068 1.001552833434601
105.29666319921431 0.9993898169518516
105.39661257102182 1.0005521941199793
105.49656194282933 0.9995363300809785
105.59651131463686 0.9996232016168138
105.69646068644437 1.001505198019282
105.79641005825188 1.0007346394226186
105.89635943005939 0.9993665645514149
105.9963088018669 1.0008053156349115
106.09625817367441 0.9976662363416677
106.19620754548193 1.0004133963490138
106.29615691728944 1.000124362179846
106.39610628909695 0.9992072866240312
106.49605566090446 0.9989249110364996
106.59600503271197 0.9994596882113306
106.69595440451948 0.9988442972839353
106.795903776327 1.0008592355996853
106.8958531481345 1.0024334469817333
106.99580251994202 1.000403173591053
107.09575189174953 1.0000122272819323
107.19570126355705 0.9981439714181396
107.29565063536457 1.0002590099006599
107.39560000717208 1.000388234622689
107.49554937897959 0.9985223715900596
107.5954987507871 1.0003845066363313
107.69544812259461 0.998665039087212
107.79539749440212 1.000043498052893
107.89534686620964 0.9989990362889895
107.99529623801715 0.9989616032067605
108.09524560982466 1.0026610136900027
108.19519498163217 1.0021861025841852
108.29514435343968 1.001440046868331
108.3950937252472 0.9974463640218793
108.4950430970547 0.9994530493803829
108.59499246886222 0.9976753660513719
108.69494184066973 0.9993680636348933
108.79489121247725 1.0009771513734698
108.89484058428476 0.9991152268475183
108.99478995609228 1.0000787788619925
109.09473932789979 0.99994829195347
109.1946886997073 1.0016360230627124
109.29463807151481 1.0018613006433204
109.39458744332232 0.9969042045457611
109.49453681512983 1.000524283095827
109.59448618693735 1.000725742348915
109.69443555874486 1.001001835280253
109.79438493055237 0.9990391184563916
109.89433430235988 1.0006420670966456
109.99428367416739 0.9956938030276663
110.0942330459749 0.999172321108492
110.19418241778241 1.0017847271296694
110.29413178958993 1.0001454095864215
110.39408116139745 1.0023314958166096
110.49403053320496 0.9984200759297527
110.59397990501247 0.9998574627356361
110.69392927681999 1.0038192560060735
110.7938786486275 0.9990667224796504
110.89382802043501 0.9997721029864691
110.99377739224252 1.00011038117697
111.09372676405003 0.9988283716090175
111.19367613585754 0.9954841195056472
111.29362550766506 0.999700338821706
111.39357487947257 0.9994728203159343
111.49352425128008 1.0028614476424345
111.59347362308759 1.0000630397200705
111.6934229948951 1.0021833753043334
111.79337236670261 1.000359151722487
111.89332173851012 1.002318893626284
111.99327111031765 1.0009835976191985
112.09322048212516 1.0008984113388784
112.19316985393267 0.9953987543019537
112.29311922574018 1.0009742864262339
112.3930685975477 1.0002942906711338
112.49301796935521 0.9997971610264794
112.59296734116272 0.9996639070062204
112.69291671297023 0.9992789036131844
112.79286608477774 1.002056907164806
112.89281545658525 0.9999002866353041
112.99276482839277 1.001186062400822
113.09271420020028 0.9984778599150004
113.19266357200779 0.9979854069487287
113.2926129438153 0.99888763484286
113.39256231562281 1.000059767455434
113.49251168743032 1.0023148601474634
113.59246105923785 0.9979167108167598
113.69241043104536 1.00168701985078
113.79235980285287 0.999986236207586
113.89230917466038 1.0013153759803388
113.9922585464679 0.9989497178303564
114.0922079182754 0.9999145615598057
114.19215729008292 0.9992740956887128
114.29210666189043 1.0003112739921924
114.39205603369794 1.0008153537693936
114.49200540550545 0.9987200741357642
114.59195477731296 0.9993798330693092
114.69190414912048 1.0008437005507564
114.79185352092799 1.0001641565692634
114.8918028927355 1.0022992958030916
114.99175226454301 0.9980908471283981
115.09170163635052 1.0016030203972344
115.19165100815805 0.9987479695953427
115.29160037996556 0.9990814311254228
115.39154975177307 1.0016406481871047
115.49149912358058 1.0012035169923499
115.5914484953881 0.9996719718871646
115.6913978671956 0.9996502114042818
115.79134723900312 1.0008455351413896
115.89129661081063 1.0000098453689694
115.99124598261814 1.0033261002473564
116.09119535442565 0.9978375612994592
116.19114472623316 0.9973355265562018
116.29109409804067 0.9976080003759489
116.39104346984819 0.9986210649309823
116.4909928416557 0.9982403960636181
116.59094221346321 0.9988209663039361
116.69089158527072 1.0019909941640408
116.79084095707825 1.0007858188491745
116.89079032888576 1.0001616647280311
116.99073970069327 1.0012807792318625
117.09068907250078 1.0006482019494036
117.19063844430829 0.9983069134103385
117.2905878161158 0.9988839638304357
117.39053718792331 1.0000342663273771
117.49048655973083 1.0027999435200878
117.59043593153834 1.0011057524631557
117.69038530334585 0.999236293487453
117.79033467515336 0.9994879147263159
117.89028404696087 0.9991583040966654
117.99023341876838 0.9969331122123275
118.0901827905759 1.0027190744434586
118.1901321623834 0.9972656465097937
118.29008153419092 1.000080031807271
118.39003090599844 1.000349841283586
118.48998027780596 1.0018466001691255
118.58992964961347 0.9996348709024897
118.68987902142098 1.000892693196112
118.78982839322849 0.9984620748524927
118.889777765036 0.9995111682770998
118.98972713684351 1.0015956271103021
119.08967650865102 0.9999661169754255
119.18962588045854 0.9989761593236384
119.28957525226605 0.9986130226852086
119.38952462407356 0.998892916101276
119.48947399588107 0.9993500256110021
119.58942336768858 1.0002058266721556
119.6893727394961 1.0009670699410813
119.7893221113036 1.000466426428896
119.88927148311112 1.0018924911105314
119.98922085491864 1.0009318556251452
120.08917022672615 0.9986512614303383
120.18911959853367 0.999688855976694
120.28906897034118 1.0019778990990325
120.38901834214869 0.9987916752576916
120.4889677139562 0.9993309794491363
120.58891708576371 0.9990837025233136
120.68886645757122 1.0011303730204906
120.78881582937873 0.9986650798698024
120.88876520118625 0.9987592453848925
120.98871457299376 1.0002132450814605
121.08866394480127 1.0002796765971596
121.18861331660878 1.0015066527846335
121.28856268841629 1.000197776479052
121.3885120602238 1.0003908624644804
121.48846143203131 0.9999610457617559
121.58841080383884 0.9979145453887963
121.68836017564635 1.0014850954002923
121.78830954745386 1.000090084162287
121.88825891926138 0.9995378153365755
121.98820829106889 0.9988559179304052
122.0881576628764 0.9998685104020812
122.18810703468391 1.001750418390647
122.28805640649142 1.001126980639736
122.38800577829893 0.9995959794793772
122.48795515010644 1.0006219964563527
122.58790452191396 0.9981023717110502
122.68785389372147 0.9979533416671713
122.78780326552898 0.9998060034346979
122.88775263733649 1.0008781831817766
122.987702009144 1.0003690526934021
123.08765138095151 1.0013010418516106
123.18760075275904 0.9989762541704487
123.28755012456655 0.999184577327556
123.38749949637406 0.999347394349912
123.48744886818157 1.000481361965051
123.58739823998908 1.0008812292005125
123.6873476117966 1.000636748286499
123.78729698360411 1.0008214502782837
123.88724635541162 0.999643408149816
123.98719572721913 1.0012092252582776
124.08714509902664 1.0004926019226452
124.18709447083415 0.998501320121554
124.28704384264167 0.9991204666619627
124.38699321444918 0.9971932284673346
124.48694258625669 0.998486108628328
124.5868919580642 1.0002306428775976
124.68684132987171 0.9989563337335085
124.78679070167924 1.0005020340505195
124.88674007348675 1.0007532199503046
124.98668944529426 1.0021591157185017
125.08663881710177 0.9981185588529115
125.18658818890928 1.00044226294416
125.2865375607168 1.000385543641656
125.3864869325243 1.0003077487992993
125.48643630433182 0.9979840427613224
125.58638567613933 1.0008414427582535
125.68633504794684 0.9989327597289804
125.78628441975435 0.9992171541520745
125.88623379156186 1.0009873737417736
125.98618316336938 0.9995275936548186
126.08613253517689 1.0016588999581728
126.1860819069844 0.9988611720142302
126.28603127879191 0.9999493797763902
126.38598065059944 1.0001833240576958
126.48593002240695 1.0015772024414908
126.58587939421446 0.9970775968946431
126.68582876602197 0.9994081410063645
126.78577813782948 0.9990326424765987
126.885727509637 1.001031687331867
126.9856768814445 0.9988936815674031
127.08562625325202 1.0011507285171075
127.18557562505953 1.0006039350868599
127.28552499686704 1.0018198405336816
127.38547436867455 0.9994462541579929
127.48542374048206 1.0010920826384355
127.58537311228957 0.9990743251834395
127.68532248409709 1.0012291765792851
127.7852718559046 0.9981988819535006
127.88522122771211 1.0007204421106364
127.98517059951963 0.9994288240360371
128.08511997132715 0.9989825264940172
128.18506934313464 0.9988392013215849
128.28501871494217 1.0010917387890372
128.38496808674967 1.000820897810933
128.4849174585572 1.0008644424982331
128.5848668303647 1.0007015245948803
128.68481620217221 1.0003264381410808
128.78476557397974 1.001033825182656
128.88471494578724 0.9976980090899017
128.98466431759476 0.9994186519701407
129.08461368940226 0.9989388107048965
129.1845630612098 1.0016912324334697
129.28451243301728 0.9995599414215807
129.3844618048248 0.9984513865537831
129.4844111766323 1.000933410973015
129.58436054843983 1.0001306632167495
129.68430992024733 1.0013326284882236
129.78425929205486 0.999479743901615
129.88420866386235 1.0000408068059576
129.98415803566988 0.999606684182456
130.08410740747738 0.99904265832715
130.1840567792849 1.0008096129283757
130.2840061510924 0.997000538725763
130.38395552289992 1.0001932140745888
130.48390489470745 1.0012820025322364
130.58385426651495 0.9997555171837267
130.68380363832247 1.0013608288195037
130.78375301012997 1.000293197097122
130.8837023819375 1.001131204250665
130.983651753745 1.000924464943438
131.08360112555252 0.9981204718342968
131.18355049736002 0.9993769930169066
131.28349986916754 0.9978257271668816
131.38344924097504 0.9999148146109322
131.48339861278257 0.9985007344869065
131.58334798459006 1.0008261485452055
131.6832973563976 1.0020395705637517
131.78324672820509 0.9995657938283238
131.8831961000126 1.0009433429239074
131.98314547182014 1.0011625917235238
132.08309484362763 1.0006019060641276
132.18304421543516 0.9989096883838393
132.28299358724266 0.9975330027077995
132.38294295905018 1.0010339091994525
132.48289233085768 1.0022378476969591
132.5828417026652 1.000299285604467
132.6827910744727 0.9974395500501355
132.78274044628023 1.0001245106491874
132.88268981808773 1.0009400523583543
132.98263918989525 0.9991938932608755
133.08258856170275 0.9999989379233244
133.18253793351028 0.9976323914470613
133.28248730531777 0.9996639812455117
133.3824366771253 1.0016129378532561
133.4823860489328 1.0017198705200763
133.58233542074032 1.001522672826559
133.68228479254785 1.001006144943471
133.78223416435534 0.9983221329958295
133.88218353616287 0.9966828279909119
133.98213290797037 0.9993819529549289
134.0820822797779 1.0012358389011977
134.1820316515854 0.9981007905558726
134.28198102339292 1.0006169349487892
134.3819303952004 0.9998213574377003
134.48187976700794 1.0005109931907905
134.58182913881544 0.9984565811848674
134.68177851062296 1.0000447614852777
134.78172788243046 1.001398237847881
134.88167725423799 1.0010477380767213
134.98162662604548 0.9987414493505099
135.081575997853 1.0042481921885875
135.18152536966053 1.0010555669979868
135.28147474146803 0.9982874804864219
135.38142411327556 0.9981660093935525
135.48137348508305 1.001419878565837
135.58132285689058 0.9978668386688097
135.68127222869808 0.9998838541551429
135.7812216005056 0.9988214220608457
135.8811709723131 1.0000125034350746
135.98112034412063 1.0010905876965914
136.08106971592812 0.9985376662570536
136.18101908773565 1.0029438388861749
136.28096845954315 1.000142089224028
136.38091783135067 1.0000201491697742
136.48086720315817 0.9994297534065272
136.5808165749657 0.9994989386422534
136.6807659467732 1.0000534468858637
136.78071531858072 1.0002734169386747
136.88066469038824 1.0001634593558095
