r/sigma_0 g(r)

0.0499746859037562 0.0
0.1499240577112686 0.0
0.249873429518781 0.0
0.3498228013262934 0.0
0.4497721731338058 0.0
0.5497215449413182 0.0
0.6496709167488306 0.0
0.749620288556343 0.0
0.8495696603638554 0.0
0.9495190321713678 0.0
1.0494684039788802 1.6649809414988788
1.1494177757863926 1.4978033620210245
1.249367147593905 1.3393183569815252
1.3493165194014174 1.2261448347024448
1.4492658912089298 1.1382869243070852
1.5492152630164422 1.0782110637796065
1.6491646348239546 0.9998299752392543
1.749114006631467 0.9257031036529155
1.8490633784389794 0.893032001322315
1.9490127502464918 0.9007493982627535
2.048962122054004 0.9369866148047767
2.1489114938615166 0.9672594076203184
2.248860865669029 0.9980276099209411
2.3488102374765414 1.0243693981806492
2.448759609284054 1.0272102953172002
2.548708981091566 1.031702685463836
2.6486583528990786 1.0070989485749038
2.748607724706591 0.9978023142561518
2.8485570965141034 0.9911145903118846
2.948506468321616 0.9964914535237347
3.048455840129128 0.9953346144336251
3.1484052119366406 0.9962742885568676
3.248354583744153 0.9862899533630802
3.3483039555516654 0.9926747962903536
3.4482533273591778 1.0019220064122962
3.54820269916669 1.0077311893987606
3.6481520709742026 0.995835496329294
3.748101442781715 0.9905220457739653
3.8480508145892274 0.9927262649923312
3.9480001863967398 1.0057088476495748
4.047949558204252 0.9909731139197656
4.147898930011765 0.9969100503582521
4.2478483018192765 1.0025676015525742
4.34779767362679 1.0014947215307997
4.447747045434301 1.0086447133279146
4.547696417241815 0.9898614378576495
4.647645789049326 1.0029498529935925
4.747595160856839 1.0026300785016333
4.847544532664351 0.9984363938075687
4.947493904471864 0.989691670323743
5.047443276279376 1.000695148831761
5.147392648086889 0.9978145008455092
5.2473420198944005 0.9892272853820345
5.347291391701914 0.9974386527625201
5.447240763509425 1.0012074382487448
5.547190135316939 1.001778478286079
5.64713950712445 0.9982876540953437
5.747088878931963 1.0040154369372933
5.847038250739475 1.0140409325567232
5.946987622546988 0.9942760178845782
6.0469369943545 1.0001371966003303
6.146886366162013 0.9990724480039874
6.2468357379695245 0.9956626491425544
6.346785109777038 1.0010578239410577
6.446734481584549 0.9912597580902981
6.546683853392063 1.0087594964352862
6.646633225199574 0.9991802235099749
6.746582597007087 1.0013712836761448
6.846531968814599 0.994582865048362
6.946481340622112 1.00063576035073
7.046430712429624 1.000679113915055
7.146380084237137 1.002318130658079
7.2463294560446485 1.0017144680412835
7.346278827852162 0.994299393613818
7.446228199659673 0.9940334180344441
7.546177571467187 0.9990850288358123
7.646126943274698 0.9916133098175324
7.746076315082211 1.0005401237863314
7.846025686889723 1.003556886236403
7.945975058697236 0.9943402911160901
8.045924430504748 0.9965674861093882
8.145873802312261 1.0021609264424407
8.245823174119773 1.003820927015519
8.345772545927286 0.996410067992305
8.445721917734797 1.0018696342163396
8.54567128954231 1.0033195171149358
8.645620661349822 0.9997630004751549
8.745570033157335 1.0000203270866472
8.845519404964847 1.0031221285976137
8.94546877677236 0.9984409816155541
9.045418148579872 0.9995552461136826
9.145367520387385 0.9971918527007396
9.245316892194896 1.0067349829114403
9.34526626400241 0.9886693202482287
9.445215635809921 0.9968924467300986
9.545165007617435 0.9952120038903038
9.645114379424946 1.0006379378565031
9.74506375123246 1.0017586051609106
9.845013123039971 1.0009156095340501
9.944962494847484 0.9983816459656096
10.044911866654996 1.0056208904610733
10.144861238462509 1.0072238269827036
10.24481061027002 0.9999618556283991
10.344759982077534 0.9936611653700275
10.444709353885045 0.9961710381268889
10.544658725692559 1.0015025324257218
10.64460809750007 1.0017225494857223
10.744557469307583 1.0004070614769696
10.844506841115095 1.007265177132526
10.944456212922608 0.9948897836072339
11.04440558473012 0.9962430119401223
11.144354956537633 0.9991675107284391
11.244304328345144 0.9966586705482221
11.344253700152658 1.0010486135267698
11.44420307196017 1.0019297364569395
11.544152443767683 1.0017610809374469
11.644101815575194 0.9947805067988081
11.744051187382707 1.005974589221482
11.844000559190219 1.0020564504798921
11.943949930997732 1.0014479832562542
12.043899302805244 1.0009377568275326
12.143848674612757 0.9955187619006964
12.243798046420268 0.9996821865378619
12.343747418227782 0.9916090940989724
12.443696790035293 1.0051424547704266
12.543646161842807 1.000603186883351
12.643595533650318 0.9952331040663823
12.743544905457831 1.0030257658456752
12.843494277265343 1.0042707669421018
12.943443649072856 0.9957776356756722
13.043393020880368 1.0081278106435572
13.143342392687881 1.0035912257863993
13.243291764495392 1.0031310729044665
13.343241136302906 0.9983617563001789
13.443190508110417 1.0043634073894723
13.54313987991793 0.9942076785755122
13.643089251725442 1.0000351110093917
13.743038623532955 0.9890350943863571
13.842987995340467 0.9985925338622534
13.94293736714798 1.0040157679667883
14.042886738955492 1.0007439861213168
14.142836110763005 0.9954542807906107
14.242785482570516 1.0021456081247182
14.34273485437803 0.9983446387135537
14.442684226185541 0.9978120031947759
14.542633597993055 0.9965202193390013
14.642582969800566 1.0060846486439807
14.74253234160808 1.0054743680808358
14.84248171341559 0.9977915858911618
14.942431085223104 1.0038697966914931
15.042380457030616 0.994129684831134
15.142329828838129 1.0033416558983437
15.24227920064564 0.9962051948713352
15.342228572453154 0.9921543018574313
15.442177944260665 1.0002205710519954
15.542127316068179 0.999798928523849
15.64207668787569 1.004896814071972
15.742026059683203 1.0021074538642656
15.841975431490715 0.999906122940287
15.941924803298228 0.9995802632955223
16.04187417510574 1.0009790132092067
16.14182354691325 0.994731676836363
16.241772918720766 1.00560398127685
16.341722290528278 1.0024416923494244
16.44167166233579 0.9954439000630401
16.5416210341433 0.9989110956396609
16.641570405950816 1.00558994741562
16.741519777758327 1.0009021712388475
16.84146914956584 1.0011866199693642
16.94141852137335 0.9982563234719217
17.041367893180865 0.9981947647690101
17.141317264988377 0.9958115300728254
17.24126663679589 1.0006443980771875
17.3412160086034 1.0009068310104365
17.441165380410915 1.0009380093827014
17.541114752218427 0.9978067156366606
17.641064124025938 1.0012550546567591
17.74101349583345 0.9965715743569514
17.840962867640965 1.0025319004388265
17.940912239448476 1.0006597051945358
18.040861611255988 0.9969547139850198
18.1408109830635 1.004379777300905
18.240760354871014 0.9966793630659015
18.340709726678526 0.9986131681746572
18.440659098486037 0.9989285309126585
18.54060847029355 0.9966353226185917
18.640557842101064 1.0037776108823424
18.740507213908575 1.0024459797584058
18.840456585716087 1.0050867317983265
18.9404059575236 0.9951869143751957
19.040355329331113 1.001977760120118
19.140304701138625 0.999074928037415
19.240254072946136 1.004588771424086
19.340203444753648 0.9990265953493083
19.440152816561163 1.0021495360039854
19.540102188368675 1.0004325197282045
19.640051560176186 1.0030841094596818
19.740000931983698 0.9979917581695821
19.839950303791213 1.0018997119510449
19.939899675598724 0.9970240641401883
20.039849047406236 1.0028446190474054
20.139798419213747 0.9954957690258166
20.239747791021262 1.000164938635052
20.339697162828774 1.0027135857750686
20.439646534636285 1.0001215297059125
20.539595906443797 1.0017281910593756
20.639545278251312 1.0030106886804055
20.739494650058823 0.9971275905784702
20.839444021866335 0.996878903042196
20.939393393673846 0.9979633933591395
21.03934276548136 0.9944712716005045
21.139292137288873 1.0034662061815958
21.239241509096384 0.9989814246765777
21.339190880903896 0.997821987112796
21.43914025271141 1.0007831492056698
21.539089624518923 1.007499511617169
21.639038996326434 1.0012883391268037
21.738988368133946 0.9975637006210303
21.83893773994146 1.0013589513755805
21.938887111748972 0.9966275949470348
22.038836483556484 0.9946726969262237
22.138785855363995 0.997518533260774
22.23873522717151 0.9984532487611604
22.33868459897902 0.9972173663556256
22.438633970786533 1.00204816625004
22.538583342594045 0.9988290972859226
22.63853271440156 1.0054740899068195
22.73848208620907 1.0028284943068873
22.838431458016583 1.0027393106292009
22.938380829824094 1.0014707840024244
23.03833020163161 1.0057772362262585
23.13827957343912 1.000285641108644
23.238228945246632 0.9968170350585256
23.338178317054144 0.9945266710466801
23.43812768886166 0.9931956595543651
23.53807706066917 1.0011553041499563
23.638026432476682 0.9977978233126674
23.737975804284194 0.9990412710172555
23.83792517609171 1.0036810534266878
23.93787454789922 0.9955323579651969
24.03782391970673 0.9983485240903287
24.137773291514243 1.0034722884712488
24.237722663321758 1.0047652443380373
24.33767203512927 1.0012168422165495
24.43762140693678 0.9977517658861378
24.537570778744293 0.9920544233750445
24.637520150551808 0.995484008155796
24.73746952235932 1.0021365737120955
24.83741889416683 1.0030617602784326
24.937368265974342 1.000286629492534
25.037317637781857 1.0015086110307967
25.13726700958937 1.002266892420025
25.23721638139688 0.9978873976260227
25.337165753204392 0.9931444263699194
25.437115125011907 1.0028888239016664
25.53706449681942 1.0010628974193623
25.63701386862693 0.9976466588553325
25.73696324043444 1.0070950573562412
25.836912612241957 1.0044933900636128
25.936861984049468 1.0022187418254578
26.03681135585698 0.9987078212082984
26.13676072766449 0.9961071505352336
26.236710099472006 0.9980276099209409
26.336659471279518 0.9974747225115247
26.43660884308703 0.9946773179746059
26.53655821489454 1.0022820430678916
26.636507586702056 1.0009024091729597
26.736456958509567 1.002550668547689
26.83640633031708 1.0055909274338624
26.93635570212459 0.9972091889345641
27.036305073932105 1.001012375909358
27.136254445739617 0.9993987660939396
27.23620381754713 0.9966471941504439
27.33615318935464 0.9944982524226261
27.436102561162155 0.9989813791560318
27.536051932969666 1.0003092469347674
27.636001304777178 0.9986793435438572
27.73595067658469 1.0004962936918738
27.835900048392205 1.0034919687647765
27.935849420199716 1.0030461816883012
28.035798792007228 1.007232547082326
28.13574816381474 1.0034375070653183
28.235697535622254 0.9962198329494912
28.335646907429766 0.9949255798152727
28.435596279237277 0.9997816127503276
28.53554565104479 1.0001673268914342
28.635495022852304 0.9963983026787224
28.735444394659815 0.9976243166874488
28.835393766467327 1.0020815373856304
28.93534313827484 1.0062328079924585
29.035292510082353 0.9999903467537768
29.135241881889865 1.0018886067854404
29.235191253697376 1.001095922308069
29.335140625504888 0.9995306045092106
29.435089997312403 1.0017356716519443
29.535039369119914 1.0032788450606456
29.634988740927426 0.9964025068626136
29.734938112734937 0.9949989654379772
29.834887484542453 1.001512819023986
29.934836856349964 0.9990731687907555
30.034786228157476 0.9998131061794946
30.134735599964987 1.0036833797688567
30.234684971772502 0.9972054270403468
30.334634343580014 1.0010062953906655
30.434583715387525 0.9977189183943087
30.534533087195037 1.000632758950123
30.63448245900255 0.9987368371034091
30.734431830810063 1.0064985699165496
30.834381202617575 0.9987345344055955
30.934330574425086 1.0042498363021208
31.0342799462326 0.9993137698513314
31.134229318040113 0.9977849560026848
31.234178689847624 0.998271186719673
31.334128061655136 1.000685421184506
31.43407743346265 0.997571134194031
31.534026805270162 0.9975063746031956
31.633976177077674 0.9998581943983509
31.733925548885185 0.997938403988426
31.8338749206927 1.0024249932575475
31.933824292500212 1.0004593222840876
32.03377366430772 1.0008670784164815
32.133723036115235 0.9998434899758668
32.23367240792275 0.9997895567478967
32.33362177973026 0.9994076391398813
32.43357115153778 0.9956077271872735
32.53352052334529 1.0042795275392373
32.6334698951528 0.9993738143603166
32.73341926696031 0.9998896773619845
32.83336863876782 1.0015016896469362
32.933318010575334 1.0000819859980468
33.033267382382846 0.9980602819311146
33.13321675419036 1.0009848521764086
33.233166125997876 1.003173111231802
33.33311549780539 0.9988115847904697
33.4330648696129 0.9966590939097105
33.53301424142041 0.9954691586830896
33.63296361322792 0.9976320154104048
33.73291298503543 0.9993572119553633
33.832862356842945 1.001001617285831
33.93281172865046 0.9985693528523262
34.032761100457975 1.005711907683419
34.13271047226549 1.0007608925908353
34.232659844073 1.004870583981398
34.33260921588051 1.001589614492629
34.43255858768802 1.0009405712231567
34.53250795949553 0.9930787905932209
34.632457331303044 0.9967340756278659
34.732406703110556 1.0027141302244686
34.832356074918074 0.9984959330675471
34.932305446725586 0.9996579990880202
35.0322548185331 1.0019194811908647
35.13220419034061 1.0034957797260793
35.23215356214812 0.9977037046034781
35.33210293395563 0.9995909770092796
35.43205230576314 1.0006886227305873
35.532001677570655 1.0011078728918557
35.63195104937817 1.0017035269457406
35.731900421185685 0.996160874412688
35.8318497929932 0.9993370988895064
35.93179916480071 0.9988100345036647
36.03174853660822 0.9990519083802737
36.13169790841573 1.0016135102737884
36.23164728022324 0.9964625264407161
36.331596652030754 1.0058763017117591
36.43154602383827 0.9987021724258035
36.531495395645784 1.004331485649268
36.631444767453296 0.9951214231804618
36.73139413926081 1.001575195593029
36.83134351106832 1.002741045023097
36.93129288287583 1.0026214551608972
37.03124225468334 0.9963462970448423
37.13119162649085 0.9993751387692894
37.23114099829837 1.0005129904761316
37.33109037010588 0.9990001426701512
37.431039741913395 0.9993175489942395
37.530989113720906 1.0004676772541032
37.63093848552842 1.002535574856244
37.73088785733593 1.0023838944970624
37.83083722914344 0.9992024296622986
37.93078660095095 0.998864422390158
38.03073597275847 1.0014730645159686
38.13068534456598 1.0009499153066859
38.230634716373494 1.0022968681066513
38.330584088181006 0.9952036301017978
38.43053345998852 1.0008124786260135
38.53048283179603 1.0013434261058338
38.63043220360354 0.9997281737422278
38.73038157541105 1.0001769513276069
38.83033094721857 0.9971787435744575
38.93028031902608 1.0033717817428391
39.03022969083359 0.9968585203444998
39.130179062641105 1.0048858713839477
39.230128434448616 1.000708812832476
39.33007780625613 0.9985773329788636
39.43002717806364 0.998745105022874
39.52997654987115 0.9954410431672871
39.62992592167867 1.0047837605690755
39.72987529348618 0.9970991002943571
39.82982466529369 1.0030725125047575
39.929774037101204 0.9970390562092315
40.029723408908715 0.9973739029171145
40.12967278071623 0.995809042826579
40.22962215252374 1.003124849371512
40.32957152433125 1.0002702769102176
40.42952089613877 1.0031670404630777
40.52947026794628 1.0006603983123055
40.62941963975379 1.0033459890273844
40.7293690115613 0.9990853740543989
40.829318383368815 0.999454154179263
40.929267755176326 1.0001388578356682
41.02921712698384 0.9964217265709457
41.12916649879135 1.0010272373079088
41.22911587059887 0.993328586055339
41.32906524240638 0.9986577683946437
41.42901461421389 0.9994322233719846
41.5289639860214 1.0013212954339774
41.628913357828914 1.0075683075568618
41.728862729636425 0.9994755537443465
41.82881210144394 0.9976583465195122
41.92876147325145 0.9985905230122257
42.02871084505897 1.0018672802698385
42.12866021686648 0.998646228063049
42.22860958867399 0.9999151038632278
42.3285589604815 1.0005510049642286
42.42850833228901 1.0024349208233
42.528457704096525 1.0035236970961672
42.628407075904036 0.9989855409773246
42.72835644771155 0.9967729558679047
42.828305819519066 0.9977805696003901
42.92825519132658 1.0007618068014204
43.02820456313409 0.9962537289723921
43.1281539349416 1.0015384331773423
43.22810330674911 0.9984737362662458
43.328052678556624 1.0001640765711213
43.428002050364135 0.9982655351799588
43.52795142217165 1.0043079898591447
43.627900793979165 0.997907164668631
43.72785016578668 0.9999353584359268
43.82779953759419 1.0032077587523982
43.9277489094017 0.9988830963360449
44.02769828120921 1.0012388494589062
44.12764765301672 0.997202862306124
44.227597024824234 1.0018559996921037
44.327546396631746 0.999489255913699
44.427495768439265 1.000830826702069
44.527445140246776 1.0005571199774626
44.62739451205429 1.0018902898573425
44.7273438838618 0.9994615547945989
44.82729325566931 1.0010694781441978
44.92724262747682 0.9990078053772038
45.027191999284334 0.999595820636005
45.127141371091845 0.9978582371952521
45.227090742899364 1.000852074277303
45.327040114706875 0.9972106336899689
45.42698948651439 1.001302735443074
45.5269388583219 1.0024213876608135
45.62688823012941 1.004384360063606
45.72683760193692 1.0004710390161131
45.82678697374443 0.9985264262455995
45.926736345551944 0.9938858890110033
46.02668571735946 1.0043898798181299
46.126635089166975 0.9980882141409382
46.226584460974486 0.9995356121003944
46.326533832782 0.9988915036998413
46.42648320458951 0.9975127523360676
46.52643257639702 0.9998076772948336
46.62638194820453 1.0026448774359764
46.726331320012044 1.004010251103577
46.82628069181956 1.002003242004189
46.926230063627074 1.000677790280873
47.026179435434585 0.9971682918273986
47.1261288072421 0.9992545344108424
47.22607817904961 0.9990897180549468
47.32602755085712 1.0017575123683107
47.42597692266463 0.9982417476339439
47.52592629447214 0.9990070724167593
47.62587566627966 1.0014576359444725
47.72582503808717 1.0001444118215252
47.825774409894684 0.9999520566339676
47.925723781702196 0.9993008844966054
48.02567315350971 1.0028522259885588
48.12562252531722 1.000808061225021
48.22557189712473 0.9974240976997182
48.32552126893224 1.0013252341756778
48.42547064073976 0.9981569481663617
48.52542001254727 0.9979167685640106
48.625369384354784 1.0014817354831604
48.725318756162295 1.0037466537194346
48.82526812796981 0.9966096538894277
48.92521749977732 0.9983328258777339
49.02516687158483 0.999843262663783
49.12511624339234 1.0045079461892248
49.22506561519986 1.0031853939219513
49.32501498700737 0.9995007872618268
49.42496435881488 0.9990259987263815
49.524913730622394 0.9996409568207629
49.624863102429906 1.002200101190586
49.72481247423742 0.9950138558522538
49.82476184604493 1.0006986822659736
49.92471121785244 0.9978819554521132
50.02466058965996 1.0004825191977091
50.12460996146747 0.9989111116356028
50.22455933327498 0.9999933025868624
50.32450870508249 0.999541843530065
50.424458076890005 0.9997869129219008
50.52440744869752 0.9986652950221692
50.62435682050503 1.0001902703793908
50.72430619231254 0.9989885648993273
50.82425556412006 1.000966422397925
50.92420493592757 1.0001587748846283
51.02415430773508 1.0014400180654897
51.12410367954259 1.003790818378289
51.224053051350104 0.9981847673846719
51.324002423157616 0.9966545567895726
51.42395179496513 1.0000124825562116
51.52390116677264 1.0035016046717296
51.62385053858016 0.998438195769453
51.72379991038767 0.9959547032246201
51.82374928219518 0.9996209428239964
51.92369865400269 1.0028692828359524
52.0236480258102 1.0035136381981264
52.123597397617715 1.000576126338364
52.223546769425226 1.0001145592368825
52.32349614123274 0.9998779301085502
52.42344551304026 0.9962756546226808
52.52339488484777 1.0017771581732784
52.62334425665528 0.9954263023448714
52.72329362846279 0.9985729261034874
52.8232430002703 1.0031847461364218
52.923192372077814 0.9979654279527556
53.023141743885326 1.0010944763550123
53.12309111569284 0.9994257692017678
53.223040487500356 1.0032932727824915
53.32298985930787 1.0002331184391344
53.42293923111538 0.9976066746423874
53.52288860292289 1.002591402295073
53.6228379747304 0.996768191857101
53.72278734653791 1.0026844189177917
53.822736718345425 0.9972869941283333
53.922686090152936 0.9997449636353022
54.022635461960455 1.0008133921558637
54.12258483376797 1.000068465901427
54.22253420557548 1.001739278131177
54.32248357738299 0.9967645448048186
54.4224329491905 0.9991813968103157
54.52238232099801 1.0003043440083792
54.622331692805524 1.0021471253976983
54.722281064613036 0.9983816459656096
54.822230436420554 0.9994805454479221
54.922179808228066 1.0026774336413664
55.02212918003558 1.002438108003298
55.12207855184309 0.9999030701285556
55.2220279236506 0.9985834945702623
55.32197729545811 0.9984871851659174
55.42192666726562 1.0009962133288526
55.521876039073135 1.0007142686901591
55.62182541088065 1.0001899971910733
55.721774782688165 0.9994913822670598
55.821724154495676 0.9992469265403147
55.92167352630319 0.9986948682035203
56.0216228981107 1.0023041505818315
56.12157226991821 0.9986322770034648
56.22152164172572 0.9988253711415943
56.321471013533234 1.000332456823988
56.42142038534075 1.0016037189142104
56.521369757148264 1.0036499276913153
56.621319128955776 0.9945569317672474
56.72126850076329 0.9993267818381614
56.8212178725708 1.000189191470712
56.92116724437831 1.0026524583042817
57.02111661618582 0.9987586431560324
57.12106598799333 1.001624653303913
57.22101535980085 1.000454843938975
57.32096473160836 1.0016226036543812
57.420914103415875 1.0002396419180484
57.520863475223386 0.9994013066850506
57.6208128470309 0.99812371857834
57.72076221883841 0.9972965484780538
57.82071159064592 1.002007684971075
57.92066096245343 1.000402308981557
58.02061033426095 0.9968676158521043
58.12055970606846 1.0022812175324243
58.220509077875974 1.0025161184014184
58.320458449683485 1.0006569418825033
58.420407821491 1.0005531074200786
58.52035719329851 1.0000097280326812
58.62030656510602 0.9958780406880934
58.72025593691353 0.9995115482358289
58.82020530872105 1.0016527946366136
58.92015468052856 1.0045479989573576
59.02010405233607 1.0001848016037822
59.120053424143585 0.9988440176384862
59.220002795951096 0.9978662770398262
59.31995216775861 0.9970528923186014
59.41990153956612 1.0035715940384224
59.51985091137363 0.9956126738782136
59.61980028318115 1.0019294254408937
59.71974965498866 1.0006747329829613
59.81969902679617 0.9984792498876988
59.919648398603684 1.002438739588418
60.019597770411195 0.9996639580341431
60.11954714221871 1.0004652496200186
60.21949651402622 1.0018676523307497
60.31944588583373 1.0004011473471701
60.41939525764125 0.9986979064521623
60.51934462944876 0.9976931613370426
60.61929400125627 1.0001065866284222
60.71924337306378 1.0019132647815636
60.819192744871295 0.9967976473927082
60.919142116678806 0.9995361113286596
61.01909148848632 1.0013522432445863
61.11904086029383 1.0047169516381964
61.21899023210135 0.9968990297132421
61.31893960390886 1.0006192576415718
61.41888897571637 1.0009396932208232
61.51883834752388 1.0000468520571055
61.618787719331394 0.9987649696636083
61.718737091138905 1.0000930590722266
61.81868646294642 0.9998670518442112
61.91863583475393 1.0017848495911172
62.01858520656145 0.9984329968826446
62.11853457836896 0.9999538736136957
62.21848395017647 1.0007106059702973
62.31843332198398 1.0012349436792582
62.41838269379149 1.0035093577735006
62.518332065599004 1.000334362758746
62.618281437406516 0.9994454494038999
62.71823080921403 0.997133351545164
62.818180181021546 1.0007686431641512
62.91812955282906 0.9974030554688289
63.01807892463657 1.0008116078741007
63.11802829644408 0.9981966390064004
63.21797766825159 0.9996998355074195
63.317927040059104 0.9973379801196448
63.417876411866615 1.0019429305284113
63.51782578367413 1.0041225451635805
63.617775155481645 0.9997082382146822
63.71772452728916 1.0013180625713907
63.81767389909667 1.0001823226375932
63.91762327090418 1.003995290207893
64.0175726427117 1.0002969229285712
64.11752201451921 0.9976365973914825
64.21747138632672 0.9962450315481733
64.31742075813423 0.9990624845130495
64.41737012994174 0.9981715314782771
64.51731950174926 1.0011706053569964
64.61726887355677 0.9992893253840756
64.71721824536428 1.0006862975922943
64.81716761717179 1.0014975453101684
64.9171169889793 0.9994772771431063
65.01706636078681 0.9995123298746014
65.11701573259433 0.9986587885331937
65.21696510440184 1.0000338141740632
65.31691447620935 0.9985766772985564
65.41686384801686 0.999789405791813
65.51681321982437 1.0031169793319443
65.6167625916319 1.0005090979019657
65.71671196343941 1.0016487390470195
65.81666133524692 0.9994381088779467
65.91661070705443 1.0001571944383036
66.01656007886194 1.0010751071684254
66.11650945066945 0.9975788431432316
66.21645882247697 1.0011872146214742
66.31640819428448 1.0001504922174207
66.41635756609199 0.9965195602227701
66.5163069378995 1.0041869327236062
66.61625630970701 0.9995728325074992
66.71620568151452 0.998512917757453
66.81615505332203 1.0012216134892233
66.91610442512955 1.0002218930685924
67.01605379693706 0.9967144292451902
67.11600316874457 1.0009637629109034
67.2159525405521 0.999755674332279
67.3159019123596 1.002454243227778
67.41585128416712 1.0003499708989045
67.51580065597463 0.9989948542147024
67.61575002778214 0.9996140996022611
67.71569939958965 0.9968727469560439
67.81564877139716 1.0007727589717912
67.91559814320468 1.0025159741693561
68.01554751501219 0.9971915541916501
68.1154968868197 1.0004349511256285
68.21544625862721 1.0004085995839873
68.31539563043472 1.0023363865669925
68.41534500224223 0.9996346077160986
68.51529437404974 1.0009226486494458
68.61524374585726 0.9993602088130367
68.71519311766477 1.0007569059743866
68.8151424894723 1.0003138034642916
68.9150918612798 0.998889979082683
69.01504123308732 0.9984354820042629
69.11499060489483 0.9977442274903927
69.21493997670234 0.9983548056878551
69.31488934850985 1.0010350019024017
69.41483872031736 1.0016467300060743
69.51478809212487 1.0005157884778646
69.61473746393239 1.001946151009743
69.7146868357399 0.9965543631544167
69.81463620754741 1.0017382726024289
69.91458557935492 1.001517104574219
70.01453495116243 0.9977145116630219
70.11448432296994 1.0012583465423899
70.21443369477745 1.0000749713892205
70.31438306658497 1.002061658156995
70.41433243839249 0.9974544685313814
70.5142818102 0.9989838334264208
70.61423118200752 0.9996031079031608
70.71418055381503 0.9985130020952571
70.81412992562254 0.9989175720882731
70.91407929743005 0.9994108205140652
71.01402866923756 1.0012929135109672
71.11397804104507 1.0011320805923223
71.21392741285258 1.0001033791512615
71.3138767846601 0.9985602766258489
71.41382615646761 1.0016296603432207
71.51377552827512 1.001651098327801
71.61372490008263 1.000879415966726
71.71367427189014 0.9980300770710779
71.81362364369765 1.000070523548215
71.91357301550516 1.0016624455873306
72.01352238731269 0.9956655679129987
72.1134717591202 1.0000193386878298
72.21342113092771 0.9990505168320079
72.31337050273522 1.0029838698773008
72.41331987454274 0.9973114748989094
72.51326924635025 1.0031651584781724
72.61321861815776 1.000881583899746
72.71316798996527 0.9994072555383094
72.81311736177278 1.0036083551768815
72.9130667335803 1.0003362452389517
73.0130161053878 0.9989559549497744
73.11296547719532 0.9986321089227063
73.21291484900283 0.9959348098207151
73.31286422081034 1.0010568263031365
73.41281359261785 1.0001783367164638
73.51276296442536 1.0010134502813484
73.61271233623289 1.0012802710156463
73.7126617080404 0.9989721060807858
73.81261107984791 0.9991762495458916
73.91256045165542 0.9999758853553956
74.01250982346293 1.001411630345201
74.11245919527045 1.0025534462896721
74.21240856707796 0.998385222087273
74.31235793888547 0.996745985153993
74.41230731069298 0.9994302013430366
74.51225668250049 1.0014340492883564
74.612206054308 1.0008501759220738
74.71215542611552 0.9998913314403673
74.81210479792303 0.9985235441799059
74.91205416973054 0.9983568469097789
75.01200354153805 1.0019904077800201
75.11195291334556 1.0029431283375383
75.21190228515309 0.9996907559912449
75.3118516569606 1.0013734502316047
75.41180102876811 0.9958407510923416
75.51175040057562 0.9996679847380986
75.61169977238313 1.0011615192046472
75.71164914419064 0.9987567138545161
75.81159851599816 0.9997679176237056
75.91154788780567 1.0016784463947328
76.01149725961318 0.9969361733571991
76.11144663142069 1.0043546966338703
76.2113960032282 1.0024281038400846
76.31134537503571 0.9993171636082016
76.41129474684323 0.9991909042887732
76.51124411865074 0.997632412272124
76.61119349045825 0.9937535426810958
76.71114286226576 1.0002671473761415
76.81109223407329 0.9991244997353275
76.9110416058808 1.0021601008283014
77.01099097768831 1.00015642107597
77.11094034949582 1.0023740161388013
77.21088972130333 1.0019254436554483
77.31083909311084 0.9994767089738442
77.41078846491835 1.0013608969935346
77.51073783672587 0.9967826630559358
77.61068720853338 1.0028065266011656
77.71063658034089 1.000365841547145
77.8105859521484 0.997890497695549
77.91053532395591 0.9997305709850656
78.01048469576342 0.9977148516213906
78.11043406757094 1.0021190706214207
78.21038343937845 0.9974247306499875
78.31033281118596 1.002611100181434
78.41028218299348 1.0008389133502125
78.510231554801 1.001413826093564
78.6101809266085 0.9967746419230574
78.71013029841602 1.0021951199324692
78.81007967022353 1.000705217977227
78.91002904203104 0.9999388216022301
79.00997841383855 0.9995136207953379
79.10992778564606 0.9968820807858854
79.20987715745358 1.0012831779657645
79.30982652926109 0.9997034251493914
79.4097759010686 0.9996482884539303
79.50972527287611 1.0020366063890431
79.60967464468362 0.9978549256731647
79.70962401649113 1.001837659266858
79.80957338829865 1.0001806456540794
79.90952276010616 1.00093562080942
80.00947213191368 1.0011646213698289
80.1094215037212 0.9993490058381289
80.2093708755287 1.0023753048993953
80.30932024733622 0.9988244664072924
80.40926961914373 0.9959425598530228
80.50921899095124 0.9998914086141968
80.60916836275875 0.9988425732401317
80.70911773456626 1.0006077983084025
80.80906710637377 1.0018628909317393
80.90901647818129 1.0011139995036793
81.0089658499888 0.9968680927333124
81.10891522179631 1.0005313842405386
81.20886459360382 1.0001986678810166
81.30881396541133 1.0016064856595182
81.40876333721884 1.0016253463748666
81.50871270902636 1.0017939369663402
81.60866208083388 1.0000239135947369
81.70861145264139 0.9957474878717907
81.8085608244489 1.0029655152183599
81.90851019625642 0.9994346817909662
82.00845956806393 0.9967312037098417
82.10840893987144 1.0017528534633826
82.20835831167895 1.000812549992681
82.30830768348646 1.0003904297163253
82.40825705529397 0.9984975825721111
82.50820642710148 0.9989992254984053
82.608155798909 1.0019958977827808
82.70810517071651 0.9993410729507088
82.80805454252402 1.0012596577469532
82.90800391433153 1.0012401829266322
83.00795328613904 0.999650932326839
83.10790265794655 1.0015590289882672
83.20785202975408 1.0003017333430018
83.30780140156159 0.9967665025224751
83.4077507733691 1.0027758081377551
83.50770014517661 0.998740766908586
83.60764951698413 0.9991688629926077
83.70759888879164 0.9992820600254834
83.80754826059915 0.9976596404362317
83.90749763240666 0.998906690486887
84.00744700421417 1.0015313241619332
84.10739637602168 0.9994734148734112
84.2073457478292 1.0015900319609155
84.3072951196367 1.0012368092066986
84.40724449144422 1.0023684817084146
84.50719386325173 0.9984852815907491
84.60714323505924 1.000313892305089
84.70709260686675 0.999168044613502
84.80704197867428 0.9984004221848319
84.90699135048179 1.0003758336922013
85.0069407222893 0.9992526870278897
85.10689009409681 1.0005239486316755
85.20683946590432 1.0017392781311767
85.30678883771184 1.001100692565262
85.40673820951935 0.9984344717066221
85.50668758132686 1.0041111948124097
85.60663695313437 0.9988466670400432
85.70658632494188 0.999372534020659
85.80653569674939 0.9963774349264835
85.9064850685569 0.9983383954889485
86.00643444036442 1.0001096545508605
86.10638381217193 0.9982028813928517
86.20633318397944 1.002106720870384
86.30628255578695 0.9984185460744922
86.40623192759448 0.9995702979258765
86.50618129940199 1.0042505450423094
86.6061306712095 1.0004163828409127
86.70608004301701 0.9993335642067502
86.80602941482452 1.001255513685718
86.90597878663203 0.9986961863273193
87.00592815843954 1.0001935133739943
87.10587753024706 0.9983694588384264
87.20582690205457 1.0008801868768382
87.30577627386208 1.0019078206520633
87.40572564566959 0.9990921471187184
87.5056750174771 1.0003954660712062
87.60562438928461 1.0014625471985932
87.70557376109213 1.000738860314301
87.80552313289964 1.0020358540874459
87.90547250470715 0.9993084998517375
88.00542187651467 1.0017591618943056
88.10537124832219 0.9984449025476122
88.2053206201297 1.0008097515297536
88.30526999193721 0.998522899735554
88.40521936374472 0.9973789774614886
88.50516873555223 0.9983546584636163
88.60511810735974 1.000319559001994
88.70506747916725 1.001989821767331
88.80501685097477 0.9989614123640258
88.90496622278228 0.9992025558499594
89.00491559458979 1.0022340988267429
89.1048649663973 1.0023786990105785
89.20481433820481 0.9994467291924278
89.30476371001232 0.9986936810917165
89.40471308181984 1.0011630750364973
89.50466245362735 1.0007033396253713
89.60461182543487 0.9988051860190476
89.70456119724238 0.996458608954178
89.8045105690499 0.999702631875183
89.90445994085741 0.9988893797039339
90.00440931266492 1.0023652886336885
90.10435868447243 1.0016421942305695
90.20430805627994 0.9980462433969761
90.30425742808745 0.9996894437509795
90.40420679989496 1.000098984988256
90.50415617170248 1.0010823681948187
90.60410554350999 0.9994830046484178
90.7040549153175 0.9981387947944733
90.80400428712501 0.9998839122861353
90.90395365893252 0.9991115168658335
91.00390303074003 1.0024906804543916
91.10385240254755 1.000056665650342
91.20380177435507 1.0010558305550656
91.30375114616258 0.9986955695520154
91.4037005179701 0.9974438085482124
91.5036498897776 1.0042461534668659
91.60359926158512 1.0011977100852327
91.70354863339263 0.9987694456657642
91.80349800520014 0.9968292451273918
91.90344737700765 1.0010990025564188
92.00339674881516 0.9977672270830912
92.10334612062267 1.0022514539525058
92.20329549243019 1.0017176441426094
92.3032448642377 0.9999860215443191
92.40319423604521 1.0030459607563769
92.50314360785272 0.9962155421266727
92.60309297966023 1.0004164456826745
92.70304235146774 0.9985104730977665
92.80299172327527 0.9997686207771144
92.90294109508278 0.9996042986857672
93.00289046689029 1.0005189887715482
93.1028398386978 1.0019761665157478
93.20278921050532 1.0005685066812036
93.30273858231283 1.0000541676120893
93.40268795412034 0.9978304180950982
93.50263732592785 1.000913448358804
93.60258669773536 0.999416535097783
93.70253606954287 1.000216968821172
93.80248544135038 0.9996180371604966
93.9024348131579 1.0000378337424256
94.00238418496541 0.9982771855696547
94.10233355677292 1.0001302042318967
94.20228292858043 0.9992099212743569
94.30223230038794 1.0016096216670003
94.40218167219547 0.9982973070454927
94.50213104400298 1.003181071668984
94.60208041581049 0.9994953726671426
94.702029787618 1.0016688566283773
94.80197915942551 1.0017969646885596
94.90192853123303 0.9989493340941068
95.00187790304054 0.9972195287016786
95.10182727484805 1.0014262071169509
95.20177664665556 0.9994799940096998
95.30172601846307 0.998732525946954
95.40167539027058 1.0009381608298094
95.5016247620781 1.0033364832312628
95.6015741338856 0.9987258733796628
95.70152350569312 0.9997432519546354
95.80147287750063 1.0005867530982877
95.90142224930814 0.9988603971568107
96.00137162111567 0.9992386306650937
96.10132099292318 0.999295732789208
96.20127036473069 0.9991871929139985
96.3012197365382 1.0015233254486577
96.40116910834571 1.0002399222498346
96.50111848015322 1.0002654990774535
96.60106785196074 1.0005080600776648
96.70101722376825 1.0016640266588166
96.80096659557576 1.0003227212337464
96.90091596738327 1.0004165772280293
97.00086533919078 0.9980451202044485
97.10081471099829 0.9971298561422057
97.2007640828058 0.9999980161849709
97.30071345461332 1.0020174706770373
97.40066282642083 1.0002017799664202
97.50061219822834 1.0023121537705932
97.60056157003586 1.0005216334245515
97.70051094184338 0.9977432945295701
97.80046031365089 1.0022621125768219
97.9004096854584 0.999520199861175
98.00035905726591 0.9973688248485308
98.10030842907342 0.9984709214837505
98.20025780088093 0.9986248768359928
98.30020717268845 0.9997234551740514
98.40015654449596 1.001432037787755
98.50010591630347 1.002385432589488
98.60005528811098 0.9992052777167647
98.70000465991849 0.9974996928821818
98.799954031726 1.00021898021867
98.89990340353351 1.0021035862937204
98.99985277534103 0.9975693825516675
99.09980214714854 0.9999536517010142
99.19975151895606 1.0006583563485798
99.29970089076357 1.0009473827764945
99.39965026257109 1.0009341230297366
99.4995996343786 1.0021451682586344
99.59954900618611 0.9970493477543627
99.69949837799362 1.001256525125325
99.79944774980113 0.9999559274261292
99.89939712160864 0.9994416288207081
99.99934649341616 1.000886968500596
100.09929586522367 0.998779339974848
100.19924523703118 1.0003257541211217
100.29919460883869 0.9995114919377585
100.3991439806462 0.9993041838918617
100.49909335245371 1.00128646681943
100.59904272426122 1.0014629730905946
100.69899209606874 0.9998733412605162
100.79894146787626 0.9976970943670931
100.89889083968377 1.0025927284880056
100.99884021149128 0.998975501577399
101.0987895832988 0.9985942775989621
101.19873895510631 1.0022367051186685
101.29868832691382 1.000744797265248
101.39863769872133 1.0014805519061296
101.49858707052884 0.9979345251115599
101.59853644233635 1.0019655425712568
101.69848581414387 1.0003623341074046
101.79843518595138 0.9983607896448633
101.89838455775889 1.000004238823593
101.9983339295664 1.0000624932330466
102.09828330137391 0.9966790497155511
102.19823267318142 0.9989996942196278
102.29818204498893 1.0033108239202049
102.39813141679646 1.0021604494292033
102.49808078860397 0.9972009504290258
102.59803016041148 1.002054791485065
102.697979532219 1.0005601305324394
102.7979289040265 0.9976561904827324
102.89787827583402 0.9971023705055149
102.99782764764153 0.9986753876620595
103.09777701944904 1.0022171794597174
103.19772639125655 0.9991145777287856
103.29767576306406 1.0034994964807038
103.39762513487157 0.9986819520353987
103.49757450667909 1.0013330859999912
103.5975238784866 0.9999058966644363
103.69747325029411 1.001153364300859
103.79742262210162 1.0022245649001569
103.89737199390913 0.9965782588982496
103.99732136571666 0.9993028882442645
104.09727073752417 0.9995722472584103
104.19722010933168 0.9991330174273165
104.29716948113919 0.999389300064954
104.3971188529467 1.0000137029833975
104.49706822475422 1.0014293020172766
104.59701759656173 0.9960498796608999
104.69696696836924 1.000313212548217
104.79691634017675 1.0034845260085805
104.89686571198426 1.0012178137079168
104.99681508379177 0.9993926960693754
105.09676445559928 0.9998058708528645
105.1967138274068 0.9988332311342248
105.29666319921431 1.0000300055281153
105.39661257102182 1.0000838391817974
105.49656194282933 0.9986432737390266
105.59651131463686 1.0005505984493936
105.69646068644437 1.0015981010948334
105.79641005825188 1.0006468411592973
105.89635943005939 1.001040675531868
105.9963088018669 1.000492341762326
106.09625817367441 1.0000751155999055
106.19620754548193 0.9966822729511999
106.29615691728944 0.9976326275354219
106.39610628909695 1.0012776242267203
106.49605566090446 0.9999466480964303
106.59600503271197 1.0001144806146207
106.69595440451948 1.0021475282018744
106.795903776327 1.0026211323404672
106.8958531481345 1.0014229794489131
106.99580251994202 1.0004651836409133
107.09575189174953 0.9998189364875962
107.19570126355705 0.9970546297422361
107.29565063536457 0.9969297189170268
107.39560000717208 0.998253145214171
107.49554937897959 1.0006851022394998
107.5954987507871 1.0004042392537769
107.69544812259461 1.0006660409545274
107.79539749440212 1.001304043636136
107.89534686620964 1.0041496950027655
107.99529623801715 0.9991016776251741
108.09524560982466 1.0010135921506638
108.19519498163217 1.0000913211836284
108.29514435343968 0.9972053379261014
108.3950937252472 0.9996058369914349
108.4950430970547 1.0005366834277452
108.59499246886222 0.9994349561491268
108.69494184066973 1.0015435540886848
108.79489121247725 0.9990305223175746
108.89484058428476 1.0003021168458224
108.99478995609228 0.999557707929674
109.09473932789979 0.9973307281600884
109.1946886997073 0.9996308990110994
109.29463807151481 0.9996710364986623
109.39458744332232 1.0023603059468105
109.49453681512983 1.0020973277762695
109.59448618693735 1.0002414249143479
109.69443555874486 1.00040424824358
109.79438493055237 0.9970352776664714
109.89433430235988 0.9991351196759549
109.99428367416739 0.9990355108095796
110.0942330459749 1.0021060151599792
110.19418241778241 0.9992462646053105
110.29413178958993 1.0007974968186726
110.39408116139745 0.9990908399437259
110.49403053320496 0.9994240587429922
110.59397990501247 1.0012828857622957
110.69392927681999 0.9998992858049455
110.7938786486275 0.9999386380429751
110.89382802043501 1.000047322534488
110.99377739224252 1.0003327496066472
111.09372676405003 0.9994590431055932
111.19367613585754 1.0006156531867996
111.29362550766506 1.0009951855140393
111.39357487947257 0.9984197655935686
111.49352425128008 0.9997646240603147
111.59347362308759 0.9991616985136481
111.6934229948951 1.0013374905264674
111.79337236670261 1.0011995323202476
111.89332173851012 1.000122573545691
111.99327111031765 1.0001162804013355
112.09322048212516 0.9971315499006183
112.19316985393267 1.002235040509698
112.29311922574018 0.9989748572287059
112.3930685975477 1.0008822518213507
112.49301796935521 0.9984996055540154
112.59296734116272 0.9987682099557937
112.69291671297023 1.0008496932481776
112.79286608477774 0.9992734026842366
112.89281545658525 1.0008147622088506
112.99276482839277 1.0023299072952514
113.09271420020028 0.9992686916453584
113.19266357200779 1.0000955555593367
113.2926129438153 1.0013941538181277
113.39256231562281 0.9992288983774874
113.49251168743032 0.9967307249118705
113.59246105923785 0.9992157256045013
113.69241043104536 0.9986034048067757
113.79235980285287 0.999174612073563
113.89230917466038 1.0019655036007593
113.9922585464679 1.0004024917795447
114.0922079182754 1.001310235848907
114.19215729008292 0.9998713862586025
114.29210666189043 1.0012563505346945
114.39205603369794 1.0005694309598596
114.49200540550545 1.000947673255755
114.59195477731296 0.9978072830845948
114.69190414912048 0.9987796472707273
114.79185352092799 0.9960627638184436
114.8918028927355 1.0008856155551322
114.99175226454301 0.9990186338947397
115.09170163635052 1.003081117040521
115.19165100815805 0.9992179697240569
115.29160037996556 1.0009390844937427
115.39154975177307 1.0007321754436393
115.49149912358058 0.9999833105467479
115.5914484953881 1.0013480180130279
115.6913978671956 0.9999277817805555
115.79134723900312 0.9989890232973135
115.89129661081063 0.9987480480816963
115.99124598261814 0.9968692515740155
116.09119535442565 1.000912325484216
116.19114472623316 1.0018100853401108
116.29109409804067 0.9993584020493107
116.39104346984819 1.0016012610047174
116.4909928416557 0.999924003766386
116.59094221346321 1.0002618459627999
116.69089158527072 1.0001396964743603
116.79084095707825 0.9992406037633293
116.89079032888576 1.0002956202216315
116.99073970069327 0.99835669254939
117.09068907250078 1.0001246275171471
117.19063844430829 1.0002046673896499
117.2905878161158 1.0001963258196207
117.39053718792331 1.0005519818716244
117.49048655973083 1.0010335280356288
117.59043593153834 1.0003880508341418
117.69038530334585 1.0005081172402754
117.79033467515336 0.9968450364038954
117.89028404696087 0.9994216925063278
117.99023341876838 1.0006489161881382
118.0901827905759 1.0016335936378622
118.1901321623834 0.9991698065470813
118.29008153419092 1.001639316034424
118.39003090599844 1.0009775117722346
118.48998027780596 0.9996381678196319
118.58992964961347 1.000612833933591
118.68987902142098 0.9989093460069262
118.78982839322849 0.9989692236670055
118.889777765036 0.9987946136091387
118.98972713684351 0.9995079891148598
119.08967650865102 1.001385678203629
119.18962588045854 1.003320337456648
119.28957525226605 1.002450761543944
119.38952462407356 1.002069459683307
119.48947399588107 0.9975798453876588
119.58942336768858 0.9989697334196664
119.6893727394961 1.000222042105954
119.7893221113036 0.9989310886381867
119.88927148311112 0.9977817474572404
119.98922085491864 0.9990584578960676
120.08917022672615 0.9986136920623023
120.18911959853367 1.001556929742534
120.28906897034118 1.0033347676125632
120.38901834214869 1.0001231682276783
120.4889677139562 0.9988331850935052
120.58891708576371 0.9998319759703961
120.68886645757122 1.0006004184443096
120.78881582937873 1.0026067885839247
120.88876520118625 1.000954590845839
120.98871457299376 1.0000026660214345
121.08866394480127 0.9992934020195643
121.18861331660878 0.9989159849031303
121.28856268841629 0.9999155104113001
121.3885120602238 0.998060258778086
121.48846143203131 0.9977328468792259
121.58841080383884 1.0002718754026196
121.68836017564635 0.9991776818360658
121.78830954745386 1.0018573588784931
121.88825891926138 0.9997185348427716
121.98820829106889 0.9993584721683311
122.0881576628764 0.999607656992174
122.18810703468391 1.0015267023624208
122.28805640649142 1.001521961596804
122.38800577829893 1.0004503498444208
122.48795515010644 1.0010076660766158
122.58790452191396 0.9981629893787065
122.68785389372147 0.9984097669549009
122.78780326552898 1.0003204147816525
122.88775263733649 1.001973117756687
122.987702009144 0.9992922709809499
123.08765138095151 1.0004342788189868
123.18760075275904 0.9978322796893996
123.28755012456655 0.9984311564785449
123.38749949637406 1.0023285241063564
123.48744886818157 1.0016161112462227
123.58739823998908 0.9978168775886513
123.6873476117966 1.0028832679153965
123.78729698360411 1.0000046089398578
123.88724635541162 1.0014428652546266
123.98719572721913 1.0000169757003547
124.08714509902664 0.9994103894461913
124.18709447083415 1.000296432460719
124.28704384264167 0.9972349791623101
124.38699321444918 0.9999989178932442
124.48694258625669 1.0000189383118894
124.5868919580642 0.9992188070098622
124.68684132987171 1.0010103103854437
124.78679070167924 1.0001064551299645
124.88674007348675 0.9996736862726835
124.98668944529426 1.0002013714171152
125.08663881710177 1.0000853471873572
125.18658818890928 1.0001539461652682
125.2865375607168 0.9984261299520758
125.3864869325243 0.9976789359207912
125.48643630433182 0.9995300424545888
125.58638567613933 1.0003046829770408
125.68633504794684 1.0036499556959175
125.78628441975435 1.0012827160575013
125.88623379156186 0.9977787024834229
125.98618316336938 1.0003091131266872
126.08613253517689 1.0003559967973528
126.1860819069844 1.0007939984996788
126.28603127879191 0.9999766995344869
126.38598065059944 0.9985580340305692
126.48593002240695 0.9991307028677039
126.58587939421446 0.9989414226568446
126.68582876602197 1.0008871318201875
126.78577813782948 0.9998071399334024
126.885727509637 0.9979591452900105
126.9856768814445 1.0011152890968174
127.08562625325202 1.001549593349186
127.18557562505953 1.0015846636192425
127.28552499686704 1.0003019474799786
127.38547436867455 0.9987920722159022
127.48542374048206 0.9999200581785269
127.58537311228957 0.9991325684810348
127.68532248409709 0.9984855704405612
127.7852718559046 0.9994491539454279
127.88522122771211 0.9974291105347601
127.98517059951963 1.0013241126625139
128.08511997132715 1.0009612882341181
128.18506934313464 1.0016880527687433
128.28501871494217 1.0012572406408498
128.38496808674967 0.9997418389437647
128.4849174585572 1.001934399739414
128.5848668303647 1.0011535294167755
128.68481620217221 0.997517523037166
128.78476557397974 0.9978870670906361
128.88471494578724 1.0003851962067645
128.98466431759476 0.9994947813792034
129.08461368940226 0.9981410988272459
129.1845630612098 1.0007564951008339
129.28451243301728 0.9996297359259413
129.3844618048248 1.00283683883363
129.4844111766323 0.9979963192014392
129.58436054843983 1.000349802380534
129.68430992024733 1.0020427470286861
129.78425929205486 0.9993611411450259
129.88420866386235 0.9997302249737743
129.98415803566988 0.998781825116446
130.08410740747738 1.001570418561559
130.1840567792849 0.9979311164116456
130.2840061510924 0.9976401665625061
130.38395552289992 1.000744826386424
130.48390489470745 0.999943689333891
130.58385426651495 1.000726982334999
130.68380363832247 1.001809635507105
130.78375301012997 0.9986413896437769
130.8837023819375 1.003049406417083
130.983651753745 1.0002923059624957
131.08360112555252 0.9998130421736582
131.18355049736002 0.9986122751604224
131.28349986916754 0.9990851359363634
131.38344924097504 0.9990502610138333
131.48339861278257 0.9986743211450678
131.58334798459006 1.0021573133162724
131.6832973563976 1.0002398313537568
131.78324672820509 1.0004418215839033
131.8831961000126 1.0012854391398622
131.98314547182014 0.998134316733344
132.08309484362763 0.9999408512474648
132.18304421543516 1.0032042995343853
132.28299358724266 0.9983816459656094
132.38294295905018 1.0006810759952527
132.48289233085768 0.9992390248440602
132.5828417026652 1.0019567027453582
132.6827910744727 0.9972435300932003
132.78274044628023 1.0010858844023993
132.88268981808773 0.9993642657511134
132.98263918989525 1.0002037142225573
133.08258856170275 1.0009940411130898
133.18253793351028 0.9997486369223227
133.28248730531777 1.0011374720950887
133.3824366771253 0.9998798989159776
133.4823860489328 1.0002346687677317
133.58233542074032 0.9988127672994654
133.68228479254785 0.9996780134637514
133.78223416435534 0.9996631585815374
133.88218353616287 1.0000031548376083
133.98213290797037 0.9994473195502706
134.0820822797779 0.9987596978731668
134.1820316515854 1.0005572864635734
134.28198102339292 1.000278973484489
134.3819303952004 1.0021399051307516
134.48187976700794 1.0015707331907184
134.58182913881544 0.9990639508567459
134.68177851062296 0.999749184082493
134.78172788243046 1.002274467213162
134.88167725423799 0.9981770160175981
134.98162662604548 0.9991287786774243
135.081575997853 0.9983168113958313
135.18152536966053 0.9984444693672512
135.28147474146803 1.0028172323915194
135.38142411327556 0.9981973747131244
135.48137348508305 1.0001015481080981
135.58132285689058 1.0019011270289024
135.68127222869808 1.001378238343689
135.7812216005056 1.000844392098932
135.8811709723131 1.0007878931540897
135.98112034412063 0.9989788622261863
136.08106971592812 0.9998794407634732
136.18101908773565 0.9998724949977466
136.28096845954315 0.9983426981059101
136.38091783135067 0.9984984039136499
136.48086720315817 0.9994900341684353
136.5808165749657 0.9999089364766391
136.6807659467732 1.002016502321842
136.78071531858072 0.9993071585339707
136.88066469038824 1.0015516839340284
