t/tau_0 k_BT_k/epsilon

0.1 1.108099738451698
0.2 1.102975120791967
0.3 1.104026508906403
0.4 1.0984147375791782
0.5 1.0967839635842058
0.6 1.0868550899323988
0.7 1.081236091747577
0.8 1.0878147674228935
0.9 1.0905419321218328
1.0 1.0868302999047894
1.1 1.0790974875602186
1.2 1.0753907326184071
1.3 1.0600662268761083
1.4 1.0667278740895996
1.5 1.0575312700895285
1.6 1.0673654662068184
1.7 1.057410183907127
1.8 1.0576785388841061
1.9 1.0746763564436999
2.0 1.0693489822348627
2.1 1.0731453574663008
2.2 1.0632834926080674
2.3 1.0683275570059936
2.4 1.067520063894937
2.5 1.0829017877542548
2.6 1.073179333236301
2.7 1.0596872829586625
2.8 1.0656073012282474
2.9 1.0570313948459746
3.0 1.0522633549085
3.1 1.0504339396750764
3.2 1.0423832220531022
3.3 1.045450738999105
3.4 1.0435259750050887
3.5 1.0605018646724853
3.6 1.0702346189515648
3.7 1.0641491929390847
3.8 1.055570270463144
3.9 1.0609426385709877
4.0 1.0623748695077497
4.100000000000001 1.0714669311123817
4.2 1.0818695472407316
4.3 1.077087449201736
4.4 1.0951181433343211
4.5 1.096849830094838
4.600000000000001 1.0942565461562639
4.7 1.0836882531973742
4.800000000000001 1.0761840539725545
4.9 1.084586461856045
5.0 1.0847184909655705
5.100000000000001 1.0943678239685593
5.2 1.0846848245112537
5.300000000000001 1.0803069564014292
5.4 1.0912361317840582
5.5 1.0956150980237942
5.600000000000001 1.0858233262660246
5.7 1.0845915267224624
5.800000000000001 1.0844082600786316
5.9 1.0819552583407133
6.0 1.0797268286751531
6.100000000000001 1.08508239562792
6.2 1.097725067743639
6.300000000000001 1.107371120357925
6.4 1.1031789630254754
6.5 1.100912296396084
6.600000000000001 1.0970837544295502
6.7 1.099790041979194
6.800000000000001 1.106280816085942
6.9 1.106396001724629
7.0 1.096436859189689
7.100000000000001 1.0945944866987303
7.2 1.0925639036076213
7.300000000000001 1.0913720929194173
7.4 1.0801628234115241
7.5 1.0864340083730535
7.600000000000001 1.094187559177723
7.7 1.1004300172972754
7.800000000000001 1.0893266709951814
7.9 1.0886771147666066
8.0 1.0883284416540169
8.1 1.0859547233445026
8.200000000000001 1.100255682044391
8.3 1.0851385124031958
8.4 1.0902507139581952
8.5 1.0889643978537387
8.6 1.0779916500680555
8.700000000000001 1.0729574851824395
8.8 1.079615220912345
8.9 1.0782624806467698
9.0 1.0890551749973276
9.1 1.0912607718848402
9.200000000000001 1.1045962884974956
9.3 1.1139305252025042
9.4 1.1053929144003505
9.5 1.1045515058686741
9.600000000000001 1.1004176029589243
9.700000000000001 1.09480467414296
9.8 1.0991220932371135
9.9 1.0936704549933354
10.0 1.090137807376443
11.0 1.057592307349232
12.0 1.030119416213163
13.0 1.0591731294268707
14.0 1.0628277229367007
15.0 1.0348880206603928
16.0 1.0155092773700993
17.0 1.0365865412705926
18.0 1.0251381857717905
19.0 1.0129169283451012
20.0 1.0082684154789805
21.0 1.0242900167267976
22.0 1.0151158453490796
23.0 1.0177732707763827
24.0 1.0436340741273675
25.0 1.029107164432539
26.0 1.0050840194702795
27.0 0.9968030399336476
28.0 0.9885645725376355
29.0 0.9726344670186455
30.0 0.994494425258333
31.0 0.9931051280950799
32.0 0.9787247700996533
33.0 0.9869621451173692
34.0 0.9733221340902529
35.0 0.958380581019312
36.0 0.9880981633190611
37.0 1.0326091059187297
38.0 1.0454491274015105
39.0 1.0423415315737388
40.0 1.033725578902356
41.0 0.9988473262753674
42.0 0.9570355194786636
43.0 0.9533524988348543
44.0 0.9474478263509374
45.0 0.8986725985260241
46.0 0.9093726476229212
47.0 0.9191750840141898
48.0 0.9336603655170388
49.0 0.9132312473575255
50.0 0.9468784807511907
51.0 0.9077950873700542
52.0 0.9118450476371868
53.0 0.9461888932916145
54.0 0.9622396856901823
55.0 0.9934522806579764
56.0 0.973201007867447
57.0 0.9466487342384149
58.0 0.9714912827382152
59.0 1.0245408970502992
60.0 1.0331269054509211
61.0 1.0273965574817017
62.0 1.0161333476732837
63.0 1.018677182061418
64.0 1.0096280712616383
65.0 0.9822621638715159
66.0 0.9722244637723231
67.0 0.9612773670731197
68.0 0.9775844294186596
69.0 0.954014181050459
70.0 0.9408494632423705
71.0 1.0067102688315932
72.0 0.989175520225937
73.0 0.9805537736438158
74.0 0.9898587312497596
75.0 0.9945282512648281
76.0 0.9905766115375778
77.0 0.9888135854428963
78.0 0.9912561798855304
79.0 0.9692558147325846
80.0 0.9874104166922055
81.0 1.000746982041015
82.0 0.9695240422172693
83.0 0.986626654924786
84.0 0.9769090059278669
85.0 0.9640408218050804
86.0 0.9500141397722498
87.0 0.9107652212287606
88.0 0.9261877955058422
89.0 0.8960298190532574
90.0 0.8777426822248217
91.0 0.8515793778865428
92.0 0.8481507616198559
93.0 0.8134774989427852
94.0 0.799440949751098
95.0 0.7876840663541572
96.0 0.8088245204552156
97.0 0.8299202682254192
98.0 0.833749849164704
99.0 0.8431306654763905
100.0 0.85680482382065
101.0 0.8493025650133512
102.0 0.839792722449068
103.0 0.8355122770901907
104.0 0.8357601446374776
105.0 0.8574322081549777
106.0 0.8275857047265797
107.0 0.8593343675889311
108.0 0.8843982354029436
109.0 0.8502075707852086
110.0 0.8405271561662235
111.0 0.8080542238442856
112.0 0.8074016651793562
113.0 0.7950977492795124
114.0 0.7967353018390269
115.0 0.7999090266291096
116.0 0.7880523007637138
117.0 0.8016008507883393
118.0 0.7991570856788858
119.0 0.8260105189592268
120.0 0.8162616034765235
121.0 0.8288905326640224
122.0 0.860960389785774
123.0 0.8934933593278804
124.0 0.9126483375759677
125.0 0.9368645670899427
126.0 0.9655297456703739
127.0 0.9589069720644485
128.0 0.9641266444592802
129.0 0.9898575656158185
130.0 0.991255191659954
131.0 0.9990364351369516
132.0 0.9839577514209074
133.0 0.9667786059968331
134.0 0.9811995977379151
135.0 0.9636336103192671
136.0 0.9825587626805982
137.0 0.91899012168829
138.0 0.9267636650162933
139.0 0.9432892060681484
140.0 0.9596855679395485
141.0 0.9762772258626183
142.0 1.0051075849455633
143.0 1.0202576857271795
144.0 1.0353680979189845
145.0 1.013421473771411
146.0 1.0120387137576872
147.0 0.9887043549899218
148.0 0.9938831915412971
149.0 0.9932844941905026
150.0 0.9517182972205871
151.0 0.9739752723777135
152.0 0.9818811767827349
153.0 0.9740120434660595
154.0 0.9483293337315688
155.0 0.9732344244444089
156.0 0.9825766019741872
157.0 0.9728227861788092
158.0 0.9728793870953355
159.0 0.9830526113694553
160.0 0.944881530430415
161.0 0.956091641366838
162.0 0.9650558785587137
163.0 0.9786538879959197
164.0 0.9650202001729747
165.0 0.9526187968857185
166.0 0.9844749173314765
167.0 1.0085983907606568
168.0 0.992218640789913
169.0 1.032866097829059
170.0 1.0477094237390505
171.0 1.0756065112902946
172.0 1.0552037733786617
173.0 1.040723937963004
174.0 1.0193078489628198
175.0 1.0415820224428836
176.0 1.0234158492693792
177.0 1.0536193076762852
178.0 1.0327597863961597
179.0 1.034147000986102
180.0 1.0580994437473952
181.0 1.056276066312414
182.0 1.0555849739147596
183.0 1.0219532048657582
184.0 1.0035405386433225
185.0 1.0072507834116005
186.0 1.0001002362343965
187.0 1.02430855781241
188.0 1.0131915494842785
189.0 1.0265718396555747
190.0 1.0281189637243955
191.0 1.027168764447401
192.0 1.0120543845229657
193.0 1.0268381403073643
194.0 1.0202477241118015
195.0 1.0248576938011458
196.0 1.0649044550132232
197.0 1.03426857337594
198.0 1.0157737624297187
199.0 0.9972296133346298
200.0 1.0069566632987115
201.0 0.993499054353871
202.0 0.9966362039990043
203.0 0.9782875134554245
204.0 1.0095311632911472
205.0 0.9944861607074212
206.0 1.0378562704774321
207.0 1.021022426856406
208.0 1.0003084939591995
209.0 0.9677007280113307
210.0 0.9815801120354566
211.0 0.9640883482358842
212.0 0.9175549796406559
213.0 0.9025971801902841
214.0 0.9149607414577557
215.0 0.9258325454533738
216.0 0.9029753168765795
217.0 0.8974633305733677
218.0 0.900710545144953
219.0 0.9281124068860713
220.0 0.9528723188939592
221.0 0.957897160895023
222.0 0.9434029443281148
223.0 0.943355544315167
224.0 0.9273166655853495
225.0 0.94600973193199
226.0 0.9635275852018763
227.0 0.9297678588035548
228.0 0.9459780639448192
229.0 0.929129761908962
230.0 0.9306185487675357
231.0 0.9059390360737632
232.0 0.9471061710902349
233.0 0.9413062576022538
234.0 0.9407677253963926
235.0 0.9488995711087519
236.0 0.953442122001084
237.0 0.8920845526840087
238.0 0.8889199439703278
239.0 0.914957423423715
240.0 0.9224942115697902
241.0 0.9381249295966828
242.0 0.9418491519478321
243.0 0.9054924129384272
244.0 0.9180182487695852
245.0 0.9329144001381613
246.0 0.9361022051687211
247.0 0.9261738012900352
248.0 0.9447786887898048
249.0 0.9635774512734228
250.0 0.9514404810123146
251.0 0.9707989859537332
252.0 0.992860281487322
253.0 1.0006697088820784
254.0 0.9904765757028227
255.0 0.9995188261703157
256.0 1.029952420982306
257.0 1.035309126772594
258.0 0.9790654925592055
259.0 0.9972387080259297
260.0 1.0411470902284672
261.0 1.0282501995616473
262.0 1.0303631610041941
263.0 0.9865970965318368
264.0 0.9468435347287908
265.0 0.919562440820561
266.0 0.9140117527431221
267.0 0.9065019239132157
268.0 0.9372245162862445
269.0 0.9132191039037526
270.0 0.9082219565568381
271.0 0.9174173001903035
272.0 0.8964846610597018
273.0 0.8794033629819754
274.0 0.9091273743345708
275.0 0.9383021995237234
276.0 0.9409803602395316
277.0 0.9732196573159217
278.0 0.9765738662367681
279.0 0.9836177952767173
280.0 0.9925496190137306
281.0 1.004122100128954
282.0 1.008349528810751
283.0 1.0217508240179414
284.0 0.990685100674756
285.0 1.0057813819335375
286.0 0.9902697773163615
287.0 0.9584527370569862
288.0 0.9457936519163216
289.0 0.9366337492542008
290.0 0.9668843031272141
291.0 0.938972208113842
292.0 0.9044002672949375
293.0 0.9029520372441692
294.0 0.9250944322295191
295.0 0.9590473571910063
296.0 0.9730182106137171
297.0 1.004113186355276
298.0 0.991909343618798
299.0 1.0315415614906907
300.0 1.008753966998864
301.0 1.0066198183549986
302.0 0.9899776348640247
303.0 0.9555764212309962
304.0 0.9287953138729872
305.0 0.9347628490360129
306.0 0.9348085988093502
307.0 0.9305763246579923
308.0 0.9511226306380071
309.0 0.9554583947023856
310.0 0.955018367683117
311.0 0.9834454180215586
312.0 1.0016805204776726
313.0 1.0103925918702994
314.0 1.0283158745490744
315.0 1.0361630710319223
316.0 1.0340929219751163
317.0 1.0252081593841709
318.0 1.025424362459296
319.0 1.005461754789332
320.0 0.9792986907337615
321.0 0.9705169074949811
322.0 0.9348902122226249
323.0 0.9312157439126121
324.0 0.9609797764431256
325.0 0.9628030671254496
326.0 0.9559034397078211
327.0 0.942180670804578
328.0 0.9243599178187214
329.0 0.9153348946225476
330.0 0.919449266144319
331.0 0.9148307867362588
332.0 0.899086044109686
333.0 0.9080797645045635
334.0 0.9098274342428189
335.0 0.9129978949688281
336.0 0.9333795093119951
337.0 0.9845052436798643
338.0 0.9752852329579959
339.0 0.9599525770224504
340.0 0.9250827373984493
341.0 0.9489418054589803
342.0 0.9633693224863338
343.0 0.9929195457652421
344.0 1.019418152954389
345.0 0.9979400588323244
346.0 0.9740657454681818
347.0 0.9730108479111863
348.0 0.9504987946416067
349.0 0.9369233950286648
350.0 0.9401654989567418
351.0 0.9681196918896535
352.0 0.9879146955253274
353.0 0.9812148108788292
354.0 0.9953185981070408
355.0 1.002579790958821
356.0 1.0198736454703334
357.0 0.9445418227189579
358.0 0.9295127039914709
359.0 0.9297266939580121
360.0 0.9526989908184509
361.0 0.9637472358761402
362.0 0.969366073461897
363.0 0.9801868585912322
364.0 0.9756770957804161
365.0 0.958383865840136
366.0 0.9268705666062653
367.0 0.9700773835007324
368.0 0.9538247369409779
369.0 0.9388740950653659
370.0 0.9243974425970478
371.0 0.9261960959932107
372.0 0.8944626756691176
373.0 0.8630841876810958
374.0 0.8776280231336816
375.0 0.8654674617819097
376.0 0.8602292836087957
377.0 0.8673191195620109
378.0 0.8561154985902274
379.0 0.8693902086137413
380.0 0.858950869081329
381.0 0.8557675808272673
382.0 0.8496013358767793
383.0 0.8463190168854531
384.0 0.8597400596853237
385.0 0.8305554439075165
386.0 0.86484156864996
387.0 0.8475061180778717
388.0 0.8630789816130846
389.0 0.914461241939569
390.0 0.8908301524501709
391.0 0.8946278943241636
392.0 0.8906147803635847
393.0 0.8769470329278427
394.0 0.8857965625834924
395.0 0.8498463630355945
396.0 0.8751740561367158
397.0 0.851233856002575
398.0 0.841033334020918
399.0 0.8206120441883291
400.0 0.8100693483220918
401.0 0.8288016105522855
402.0 0.8437210820018306
403.0 0.8561990885162203
404.0 0.8116425429321461
405.0 0.8226909037036465
406.0 0.8335499037865579
407.0 0.8040938563658665
408.0 0.7442944395526767
409.0 0.7256583453994816
410.0 0.7178470022111159
411.0 0.7307268718984022
412.0 0.7295976249569865
413.0 0.7384021737250548
414.0 0.7555391751547508
415.0 0.7148173801779134
416.0 0.6934748789120454
417.0 0.6837085432375887
418.0 0.6123035027242394
419.0 0.5972798305961696
420.0 0.5545993546713376
421.0 0.4997847161005996
422.0 0.485782585556435
423.0 0.41840459232972477
424.0 0.35265870860444243
425.0 0.2822454204164984
426.0 0.21972239910821217
427.0 0.150948562087826
428.0 0.0957164607166882
429.0 0.048832330894020996
430.0 0.0195562490748526
431.0 0.0066966638994454
432.0 0.0009628189105358
433.0 0.000130303369963
434.0 1.7634643480600002e-05
435.0 2.3865894702e-06
436.0 3.22989762e-07
437.0 4.3711910999999996e-08
438.0 5.915763800000001e-09
439.0 8.006116e-10
440.0 1.0835099999999999e-10
