t/tau_0 k_BT_k/epsilon

0.1 1.0372537079007293
0.2 1.0379167793111512
0.3 1.0314644339918448
0.4 1.0526028837934596
0.5 1.0422371236005046
0.6 1.0571937381735181
0.7 1.0544179716620747
0.8 1.0518011507895628
0.9 1.0462390261834622
1.0 1.0413269162424528
1.1 1.035964995866683
1.2 1.0392790962202654
1.3 1.0431318285602318
1.4 1.037441226176486
1.5 1.0321969527033792
1.6 1.0321258873250296
1.7 1.0244653888346478
1.8 1.031577781364841
1.9 1.0322475907642663
2.0 1.0277761405811718
2.1 1.0310809338081988
2.2 1.017333921280083
2.3 1.0147710546838016
2.4 1.0147629649913197
2.5 1.007164528525926
2.6 1.0062718126814862
2.7 0.9967473614581589
2.8 0.9916811867681616
2.9 1.0008046672289947
3.0 1.0224695309046823
3.1 1.022937101144627
3.2 1.0300271627972402
3.3 1.0467568362118007
3.4 1.032137063285394
3.5 1.0347032315159508
3.6 1.030811109589754
3.7 1.0223058466875585
3.8 1.0205679774479233
3.9 1.0335935569317136
4.0 1.0326838458331145
4.100000000000001 1.0254237361243934
4.2 1.0301519861215804
4.3 1.0236439653627378
4.4 1.026372210817076
4.5 1.0173640797949872
4.600000000000001 1.0306245920978987
4.7 1.0238662036818045
4.800000000000001 1.0268375975482336
4.9 1.0368967569471723
5.0 1.047969353947804
5.100000000000001 1.046245319213264
5.2 1.0442205661091248
5.300000000000001 1.0387073518373056
5.4 1.0437002333616803
5.5 1.04143362722897
5.600000000000001 1.031881537790764
5.7 1.0304000094345758
5.800000000000001 1.0239287127361845
5.9 1.021546315554049
6.0 1.0149818985985177
6.100000000000001 1.0142569508570733
6.2 1.0158209382007921
6.300000000000001 1.0177210436047097
6.4 1.0037592686384476
6.5 1.0095691601532908
6.600000000000001 1.008142794919626
6.7 1.002181698384363
6.800000000000001 1.0055973261311597
6.9 1.0006009538289573
7.0 0.994459519954528
7.100000000000001 1.0071533538572681
7.2 1.0042017444566833
7.300000000000001 1.0010572818887895
7.4 1.0134671725917541
7.5 1.0149135101810671
7.600000000000001 1.009612888450294
7.7 0.99828014368654
7.800000000000001 0.9985573940345425
7.9 0.99090880289889
8.0 0.9853971512996255
8.1 0.9826758245557601
8.200000000000001 0.9874093840968943
8.3 0.9878460957843865
8.4 0.9902506236134865
8.5 0.9971400661920956
8.6 0.9919230350315719
8.700000000000001 1.00191824418316
8.8 0.9959332952112538
8.9 0.9954254088262019
9.0 0.9955441320485633
9.1 1.0008713609167743
9.200000000000001 0.9945488045965931
9.3 0.9970148637695964
9.4 0.9990561402537825
9.5 1.0005205202724092
9.600000000000001 0.9944728910655629
9.700000000000001 0.9832039762317984
9.8 0.9880980426021588
9.9 0.976148934779029
10.0 0.9849940773048115
11.0 0.986698444366418
12.0 0.9681919860043768
13.0 0.9532158231261546
14.0 0.986335182234096
15.0 1.0122815772981477
16.0 1.050605352021665
17.0 1.0283549950845168
18.0 1.0189528752369816
19.0 1.0187886542540296
20.0 0.9729314770158283
21.0 0.987778993751888
22.0 1.0087441155916719
23.0 1.0241269838100022
24.0 1.0269776568782758
25.0 0.9980657428921292
26.0 1.00565604944917
27.0 1.0189097612483553
28.0 1.0153579320550892
29.0 0.9595983739474343
30.0 0.959109577691318
31.0 0.9795740699713781
32.0 0.9817009727495583
33.0 1.0097577376958395
34.0 0.988145605301624
35.0 0.9486384523875839
36.0 0.9560944400773648
37.0 0.9686859589629313
38.0 0.9717949690288551
39.0 0.9326925621895008
40.0 0.9092684637055448
41.0 0.9120119407716725
42.0 0.8993955788100729
43.0 0.8717622347479234
44.0 0.8775950332264639
45.0 0.8644252394827566
46.0 0.8785115979735965
47.0 0.8567263090996796
48.0 0.8659790589841985
49.0 0.8919017423684277
50.0 0.8510782202292078
51.0 0.8732320421363646
52.0 0.8896341061547075
53.0 0.8976561733410453
54.0 0.8607253293511905
55.0 0.8585725136337231
56.0 0.8719684626735656
57.0 0.9002111647444835
58.0 0.9400411028971375
59.0 0.9282622010239828
60.0 0.9241315957758551
61.0 0.9145924400227676
62.0 0.9114729856673407
63.0 0.9191486143020118
64.0 0.8918854916855337
65.0 0.8930623270084277
66.0 0.915683464953475
67.0 0.9575328504778128
68.0 0.9591159402795603
69.0 0.972677444162984
70.0 0.9545156734238842
71.0 1.001005300970583
72.0 1.0223015366770596
73.0 1.0365118363599763
74.0 1.0101917619028267
75.0 1.0329486555094147
76.0 1.038836736105528
77.0 1.0402437801231934
78.0 1.0292213538223502
79.0 1.0485055576670168
80.0 1.0564107064551131
81.0 1.0486064169467286
82.0 1.041614429665232
83.0 1.0574708054339885
84.0 1.038266292738374
85.0 1.0003714670348938
86.0 1.008232857302167
87.0 1.0289812421501938
88.0 1.0084054814595458
89.0 1.0115164794964264
90.0 0.9959591616861152
91.0 0.9716508556545456
92.0 1.006040497367968
93.0 0.9981792299446891
94.0 0.9950283463390763
95.0 1.0022543257131555
96.0 0.9839380192532039
97.0 1.0005974478782802
98.0 1.002659404345037
99.0 0.97772524389051
100.0 1.006262498044836
101.0 1.0091648416940362
102.0 0.9451760945269612
103.0 0.9471661512561751
104.0 0.9578550951787929
105.0 0.966300843098451
106.0 0.95047031097426
107.0 0.9239286548573158
108.0 0.9659530633937964
109.0 0.9705786232248282
110.0 1.0016431652063216
111.0 0.9700592241916333
112.0 0.9453173465406994
113.0 0.9411354468457075
114.0 0.9817604542897594
115.0 0.977660347184333
116.0 1.0038179889830139
117.0 0.9859590931081283
118.0 0.9821619134777627
119.0 0.9880451682242644
120.0 1.0170175688624314
121.0 1.0157292244211045
122.0 1.0000133896702281
123.0 0.9695665996390226
124.0 0.9986692814815485
125.0 1.0055656633388783
126.0 1.0233507218582765
127.0 1.046912132866995
128.0 1.0576056697300698
129.0 1.0899155926440123
130.0 1.1283567303433333
131.0 1.0747833792067376
132.0 1.0763049038077521
133.0 1.032066530364952
134.0 1.0100907877012717
135.0 0.946020111265897
136.0 0.9466739841311987
137.0 0.937002396621393
138.0 0.9411061729686152
139.0 0.931017402136695
140.0 0.9356473713337378
141.0 0.91943211379237
142.0 0.9197229813636474
143.0 0.9195556013983046
144.0 0.901034990446146
145.0 0.8789440262980627
146.0 0.9042021070950389
147.0 0.8940035404242057
148.0 0.9138086894194103
149.0 0.9103869029983411
150.0 0.8842789531832459
151.0 0.8485999108552557
152.0 0.8365841381672464
153.0 0.86134713367282
154.0 0.8686909698830684
155.0 0.8737602078458446
156.0 0.8679868169559434
157.0 0.8770186166999598
158.0 0.8561115606724918
159.0 0.8382024004052055
160.0 0.8311544979750913
161.0 0.827666765282272
162.0 0.8150074940426849
163.0 0.822785838525973
164.0 0.786470247839843
165.0 0.806715711277799
166.0 0.7985996918875095
167.0 0.7679558583135492
168.0 0.8107144312720566
169.0 0.8211419260058974
170.0 0.7999240076355898
171.0 0.8086283729539696
172.0 0.8406725157291929
173.0 0.848226750765807
174.0 0.8272289049551595
175.0 0.8146210979770734
176.0 0.8120152093599582
177.0 0.8189125572295612
178.0 0.8260198274132126
179.0 0.8020630953801773
180.0 0.8010958355075651
181.0 0.8045133592280107
182.0 0.8535677012230224
183.0 0.8525304858506233
184.0 0.8740013111731877
185.0 0.8351309053528542
186.0 0.8446053305088507
187.0 0.8507455538251584
188.0 0.837967939269473
189.0 0.84201612032059
190.0 0.8586299986564325
191.0 0.8832807323249691
192.0 0.8842437246356738
193.0 0.8687790446594008
194.0 0.8719639633708155
195.0 0.874705309401776
196.0 0.8903084752108026
197.0 0.8592475388710019
198.0 0.8526192091068439
199.0 0.8529592834770883
200.0 0.8070179704222195
201.0 0.8256946210119344
202.0 0.8257974731058851
203.0 0.8308079792813056
204.0 0.8341846947116401
205.0 0.803573333947387
206.0 0.7942222693687832
207.0 0.7983288649322536
208.0 0.7709395736892308
209.0 0.762718518648963
210.0 0.751130411658531
211.0 0.7609326650347927
212.0 0.7699146646756289
213.0 0.7684129001190978
214.0 0.7881389354403292
215.0 0.7917050157426633
216.0 0.8142311888810463
217.0 0.832057180635859
218.0 0.8078019169429679
219.0 0.811467462374394
220.0 0.8147241491795395
221.0 0.8209142885512991
222.0 0.809348935395629
223.0 0.8045666733868861
224.0 0.7819195915415033
225.0 0.7605908430282333
226.0 0.7159373877418165
227.0 0.7104907365312778
228.0 0.7343537040273458
229.0 0.7441305414569845
230.0 0.728736662049093
231.0 0.6621080703313968
232.0 0.616431090449748
233.0 0.5610094929448113
234.0 0.49061807954639497
235.0 0.42112729637361657
236.0 0.3629394222492508
237.0 0.29115102692749584
238.0 0.2191725014978878
239.0 0.1439184634303792
240.0 0.0853298443165028
241.0 0.029049928377740404
242.0 0.0068134091722138
243.0 0.002665660020365
244.0 0.0005492289749884
245.0 7.43300588918e-05
246.0 1.0059479573200001e-05
247.0 1.3614025172e-06
248.0 1.842457952e-07
249.0 2.49349568e-08
