t/tau_0 k_BT_k/epsilon

0.1 0.985724101301946
0.2 0.9855826745462096
0.3 0.9897345019923263
0.4 0.9851375143062887
0.5 0.9895952721679816
0.6 0.9835109472902108
0.7 0.9735952615898432
0.8 0.9742490960791736
0.9 0.9773543692713137
1.0 0.9695389732134189
1.1 0.9714834132922461
1.2 0.9753257555826782
1.3 0.9782914249353156
1.4 0.9729988000560634
1.5 0.9625544738188723
1.6 0.9618858770640462
1.7 0.9565458756615024
1.8 0.95485531564127
1.9 0.9496283309228666
2.0 0.9358729624312433
2.1 0.935968937897979
2.2 0.9398193686722806
2.3 0.9378829742729671
2.4 0.931621612379889
2.5 0.9369097121887284
2.6 0.9330112606625989
2.7 0.9203058385279397
2.8 0.9137295148570376
2.9 0.9284754138692314
3.0 0.9315845658460147
3.1 0.9431993218922488
3.2 0.9477930968775061
3.3 0.933386285136668
3.4 0.9381671681672701
3.5 0.9361567221814242
3.6 0.9389384531401973
3.7 0.9459169074391289
3.8 0.9400414011558903
3.9 0.9439660135408422
4.0 0.9323497238736371
4.100000000000001 0.9267412953880173
4.2 0.919082797993258
4.3 0.9213115157173659
4.4 0.9236369969813956
4.5 0.9232113339068595
4.600000000000001 0.9338056632202842
4.7 0.9355515738388436
4.800000000000001 0.9298324748297654
4.9 0.9394060567148929
5.0 0.9324599392136091
5.100000000000001 0.9255673683111413
5.2 0.9247371831067918
5.300000000000001 0.9209406264187754
5.4 0.9194536788790264
5.5 0.9120249337508085
5.600000000000001 0.9265137681400312
5.7 0.9208086856694537
5.800000000000001 0.9306892860404992
5.9 0.9350259982849003
6.0 0.9391511815429607
6.100000000000001 0.9421569990754023
6.2 0.9328450917223934
6.300000000000001 0.9260954209986384
6.4 0.9392096122119918
6.5 0.9184094895651113
6.600000000000001 0.9167141555964078
6.7 0.9174335250664132
6.800000000000001 0.9143445203204527
6.9 0.9136259851694764
7.0 0.9140198989277293
7.100000000000001 0.9126715390227673
7.2 0.9008164342586686
7.300000000000001 0.9111682946557338
7.4 0.9172640489826168
7.5 0.9169331319381921
7.600000000000001 0.9164703951491855
7.7 0.9270101373994957
7.800000000000001 0.9263374082286896
7.9 0.9306624349453958
8.0 0.9410305746956696
8.1 0.9453063883537082
8.200000000000001 0.9384534205230379
8.3 0.9406339862443236
8.4 0.9328904158868365
8.5 0.9449895962292935
8.6 0.9425492576410006
8.700000000000001 0.9372655232844547
8.8 0.9367069701182034
8.9 0.9331423073318336
9.0 0.9209254773254865
9.1 0.9288751504423823
9.200000000000001 0.9332866322484635
9.3 0.9420043808529529
9.4 0.953339373084021
9.5 0.9547131907313589
9.600000000000001 0.9550812615181693
9.700000000000001 0.9592014406539121
9.8 0.9610208996197912
9.9 0.9620551038920814
10.0 0.9714389656572543
11.0 1.0152062364889074
12.0 1.036338085208773
13.0 1.025287305408066
14.0 0.9954383152960501
15.0 0.9744197232611199
16.0 0.9641887182987962
17.0 0.9614908717824331
18.0 0.9704137495359598
19.0 0.9678763498387614
20.0 0.9559705577400791
21.0 0.9786628755365732
22.0 0.9665406522060392
23.0 0.9857578357936291
24.0 0.9835316374115555
25.0 0.9693776394271092
26.0 0.9611105076951988
27.0 0.950554970803885
28.0 0.9316331457567607
29.0 0.9182835039418242
30.0 0.8838056263425335
31.0 0.909231946183883
32.0 0.8954517948424525
33.0 0.8930586956747426
34.0 0.9309903169670555
35.0 0.9046432525686916
36.0 0.8756348811048336
37.0 0.8702620081108637
38.0 0.8636948640335993
39.0 0.9033443985789298
40.0 0.8891442566063853
41.0 0.8762071145817554
42.0 0.8711996645970604
43.0 0.9124430200215267
44.0 0.9221772203249643
45.0 0.9155231465504674
46.0 0.8949659612053307
47.0 0.9004471025122582
48.0 0.9338356028146132
49.0 0.9632219782562158
50.0 0.9991377604250067
51.0 0.9943506973425867
52.0 0.9919986640606883
53.0 0.967134758885251
54.0 0.9787134802890902
55.0 0.9626769675807154
56.0 0.9418878475302161
57.0 0.9702638924105745
58.0 0.9862192745494885
59.0 0.9903075872943834
60.0 0.9924277373288245
61.0 0.9830530558593187
62.0 0.9550797737707561
63.0 0.9702795115256061
64.0 0.992871988573133
65.0 0.9622778784171638
66.0 0.9851859587293497
67.0 0.9556318400515789
68.0 0.9579056492199213
69.0 1.0180972427933301
70.0 1.046366218285349
71.0 1.0838021593366904
72.0 1.0736887912192155
73.0 1.0684880126197591
74.0 1.0613758307400913
75.0 1.056471876692299
76.0 1.0540193500025712
77.0 1.0323485029400241
78.0 1.0708921581353619
79.0 1.0121192281823794
80.0 0.9941407030352577
81.0 0.9925160310004119
82.0 0.9618478744502565
83.0 0.9316755337818534
84.0 0.9470726294137333
85.0 0.9401796219943892
86.0 0.9638619752633059
87.0 0.9879043646589019
88.0 1.0139554230728896
89.0 1.0209830887945177
90.0 1.0166240906353967
91.0 1.0093202747273318
92.0 1.012517067956928
93.0 0.9947971266051032
94.0 1.0116516471987793
95.0 1.0332452915336112
96.0 1.0214647367152208
97.0 1.0304030438609073
98.0 0.9877796949588064
99.0 1.0011671925243422
100.0 1.014274679615033
101.0 1.0188039432590679
102.0 0.9916296484175273
103.0 0.9725151951374118
104.0 0.9908317415307384
105.0 0.9830407212884319
106.0 0.9778853836334134
107.0 0.9798878130038986
108.0 0.9873839287166634
109.0 0.9737617765137024
110.0 0.9866830820917128
111.0 0.9922003198420555
112.0 0.9830224789766595
113.0 0.9652896982238863
114.0 0.9537041533844676
115.0 0.9474879172934519
116.0 0.9142726636222356
117.0 0.9309775168531029
118.0 0.9528950446546925
119.0 0.9406047835075514
120.0 0.9129359262838271
121.0 0.9231783454223101
122.0 0.9594710807957483
123.0 0.944303444862552
124.0 0.9432682883726523
125.0 0.9470018055601687
126.0 0.9540845614282316
127.0 0.9120031601661909
128.0 0.9592542575952423
129.0 0.935025039405471
130.0 0.9552131898974908
131.0 0.9389799725640785
132.0 0.943795826946895
133.0 0.9683659012726187
134.0 0.9202804212871492
135.0 0.908442735848956
136.0 0.9773757709565916
137.0 1.0002867434900593
138.0 1.0348116997391659
139.0 1.0445221718746358
140.0 1.0188838959889062
141.0 0.9569093684676295
142.0 0.9617160267718562
143.0 0.9803281068628851
144.0 0.983647456299839
145.0 0.9905723735145451
146.0 0.9598111324503279
147.0 0.9577373375691083
148.0 0.9799424620714984
149.0 0.9712132799920482
150.0 0.9568067192346966
151.0 0.9445469534687009
152.0 0.9490378950106926
153.0 0.9534425147901041
154.0 0.9448731832890749
155.0 0.9579258412442602
156.0 0.9648104126724141
157.0 0.9353966123519388
158.0 0.9319889601786707
159.0 0.9428843326388415
160.0 0.9233435060527121
161.0 0.9340959160953277
162.0 0.9374829864683305
163.0 0.9150332656246418
164.0 0.9251511060511547
165.0 0.9294253867890474
166.0 0.9170912150892079
167.0 0.9526911099992436
168.0 0.9842106127428133
169.0 0.971660791313567
170.0 0.9596455892165798
171.0 0.9163584306127095
172.0 0.9331839969113727
173.0 0.9221903526695497
174.0 0.8914328325314624
175.0 0.8791848484181454
176.0 0.9006290535138222
177.0 0.9146168390178323
178.0 0.919488951727317
179.0 0.957865217103498
180.0 0.9272800263678003
181.0 0.9379084994374762
182.0 0.9206176188029274
183.0 0.934505506423279
184.0 0.9294388256062185
185.0 0.9272330622922953
186.0 0.9300067948672371
187.0 0.921181891067073
188.0 0.9348390066691495
189.0 0.955930157684211
190.0 0.9318440140110319
191.0 0.938008652941374
192.0 0.9527197899240589
193.0 0.9461078047146441
194.0 0.9076317922070594
195.0 0.9185847475636416
196.0 0.903565762655381
197.0 0.9513345491201706
198.0 0.9549280146854355
199.0 0.9667015024462261
200.0 0.962075390183647
201.0 0.9374749685556537
202.0 0.9147273565213695
203.0 0.9011354172260091
204.0 0.8929653766347257
205.0 0.8970413878682892
206.0 0.8834724588810434
207.0 0.8681601568613795
208.0 0.8870376495254633
209.0 0.8978658293143915
210.0 0.9138998255101388
211.0 0.8929833819913032
212.0 0.9067513258664581
213.0 0.9246306433691093
214.0 0.9296121177629855
215.0 0.9243029499110265
216.0 0.9296271812104966
217.0 0.9049428822168426
218.0 0.873938920226853
219.0 0.8762395078462355
220.0 0.8811508862956894
221.0 0.895312356239252
222.0 0.8816733950360156
223.0 0.9236769632397989
224.0 0.9377114283536727
225.0 0.9497208283294389
226.0 0.949189723854909
227.0 0.92658228543883
228.0 0.9391039957646141
229.0 0.9410963207472148
230.0 0.9704308088999409
231.0 0.9412246490657221
232.0 0.9480761229105733
233.0 0.9541668537217859
234.0 1.0067016034278118
235.0 1.0137038421735718
236.0 1.005515293399378
237.0 0.997020180856549
238.0 0.980934376870475
239.0 0.9834072752982236
240.0 1.0009859670476802
241.0 1.0278978982180331
242.0 1.0528651287233726
243.0 1.068705534664582
244.0 1.0690579736035049
245.0 1.0838112284007944
246.0 1.110747004355805
247.0 1.0931794259822585
248.0 1.084466257244822
249.0 1.08276521130881
250.0 1.034730989642044
251.0 1.030178528078681
252.0 1.0323373303159062
253.0 1.0400369850106046
254.0 1.0440453774477927
255.0 0.9987479581007184
256.0 0.9947173966423728
257.0 0.9812682578790932
258.0 0.983609355521927
259.0 0.9442034676087336
260.0 0.9383680326834487
261.0 0.9443410697960294
262.0 0.9587275108621768
263.0 0.9898888213460664
264.0 0.9795972361983617
265.0 0.9913856158761387
266.0 0.9576865783885442
267.0 0.9633644147464379
268.0 0.9817311559598376
269.0 0.9818976992557001
270.0 0.9925431313270732
271.0 0.9659979892396379
272.0 0.9681820136939349
273.0 0.9707790850841199
274.0 0.9895878967700978
275.0 1.0148749430264723
276.0 1.0351002683552786
277.0 1.0081656471934224
278.0 0.9827303560044642
279.0 0.9671731083107519
280.0 0.9663395629284549
281.0 0.9841602517808633
282.0 0.9725628105780573
283.0 0.9911457242211202
284.0 0.9883533987287614
285.0 0.9913936074055089
286.0 0.9999391730557979
287.0 1.0144839386423086
288.0 1.0084308098014303
289.0 1.002573301428749
290.0 1.007255056957405
291.0 1.0040847031960465
292.0 1.0135553228894243
293.0 1.0154233343426635
294.0 0.9945980781355799
295.0 1.0500845896097406
296.0 1.0597801147824502
297.0 1.044669554202112
298.0 1.0481546316769523
299.0 1.0245085836134962
300.0 1.0238294227374607
301.0 0.9887387395850548
302.0 0.9672883344928257
303.0 0.9449256422932015
304.0 0.9372012189351858
305.0 0.917126534319167
306.0 0.9253799447829275
307.0 0.927209394501191
308.0 0.9267738956829934
309.0 0.8716500615480941
310.0 0.9068169731079687
311.0 0.93421160791122
312.0 0.9441593176361787
313.0 0.9531490956522539
314.0 0.9838414426319553
315.0 0.9958941947068078
316.0 0.9618655904558395
317.0 0.9564469391807287
318.0 0.9111610612140876
319.0 0.9001442701062505
320.0 0.9295584520225473
321.0 0.9076581995500794
322.0 0.9536434708238077
323.0 0.9554789501877835
324.0 0.9085697836407443
325.0 0.8624842397806882
326.0 0.8877893804422834
327.0 0.9170390432891816
328.0 0.9247382118238322
329.0 0.9014240344835575
330.0 0.8654859048811823
331.0 0.8609021703003894
332.0 0.8887421969984366
333.0 0.888316929521474
334.0 0.9034235397984203
335.0 0.8756418720292766
336.0 0.8714284478771148
337.0 0.8655474307927766
338.0 0.8514181113910622
339.0 0.8798660208104401
340.0 0.8911951651802772
341.0 0.911638499706483
342.0 0.9771307874798186
343.0 0.9707622167356407
344.0 0.9913023487367976
345.0 0.9806893081287222
346.0 1.0021669679295782
347.0 0.9956425747581761
348.0 0.9895144852678456
349.0 0.9855067321064748
350.0 0.9855572887368165
351.0 0.9951770422624866
352.0 0.9836770727583947
353.0 0.9755599281133795
354.0 0.9792734935895258
355.0 0.9674742804317609
356.0 0.9960674386783973
357.0 0.9892123262377712
358.0 0.9621593334928968
359.0 0.9467393426468546
360.0 0.9745385658606607
361.0 0.9689000481277663
362.0 0.9617917872813224
363.0 0.9652362197975777
364.0 0.9746490145460591
365.0 0.9476127130725317
366.0 0.9274393921479354
367.0 0.9252438653724335
368.0 0.9710734804309784
369.0 0.9799656541797604
370.0 0.9489440774760481
371.0 0.965878725977479
372.0 0.9831226408949375
373.0 0.9600449055120415
374.0 0.9842472527806544
375.0 0.9968773044368614
376.0 1.0260557051838064
377.0 1.036065357985818
378.0 1.0330107535727233
379.0 1.0316134850383825
380.0 1.0031317477187394
381.0 1.0140608057134877
382.0 1.00229699003401
383.0 0.9739909471822716
384.0 0.9838919059389456
385.0 0.9940204282608688
386.0 1.0073123944760218
387.0 0.9879980409058813
388.0 1.0129398437667663
389.0 0.9789270608748006
390.0 0.9759760242936417
391.0 0.9923184717737759
392.0 1.01372185692759
393.0 1.032715793406496
394.0 0.9817043987605372
395.0 0.9525856166307711
396.0 0.9825420363651236
397.0 1.0114571210400904
398.0 0.9901124237368473
399.0 1.0126083504822827
400.0 0.9863864081499575
401.0 0.9441760207949368
402.0 0.9090689356319194
403.0 0.9225780097973788
404.0 0.9270469264316128
405.0 0.9845528061553915
406.0 0.9705395462294044
407.0 0.9549969697403229
408.0 0.940453840518021
409.0 0.968774286129513
410.0 0.9641356333628688
411.0 0.9673371137557802
412.0 0.9822742942134285
413.0 0.9230588422560988
414.0 0.9288333982653709
415.0 0.8953330845025851
416.0 0.88993558770917
417.0 0.8583838042675254
418.0 0.8579140323260741
419.0 0.8994597567108091
420.0 0.9350206450381441
421.0 0.9673289866842975
422.0 1.0130753217416815
423.0 0.9951971862616743
424.0 0.9790721013489196
425.0 1.007694509321963
426.0 1.045108908856115
427.0 1.05601711204687
428.0 1.0409189731251098
429.0 1.0304342271434863
430.0 0.9914341480864675
431.0 0.9982130423300651
432.0 0.9997721744668622
433.0 1.0119206838918555
434.0 1.0079360702859115
435.0 1.0131622899975279
436.0 0.9878665603022861
437.0 1.0236828061350312
438.0 1.0223348350044112
439.0 0.978887944032498
440.0 0.9894439293838995
441.0 1.0137455122995747
442.0 0.9834574161767888
443.0 0.9407950644881821
444.0 0.9664737125842265
445.0 0.9680258694522159
446.0 0.9098218378407381
447.0 0.9013474161621025
448.0 0.9073372281953249
449.0 0.8915167411264152
450.0 0.9085605070659246
451.0 0.9146667125812152
452.0 0.9096411620004761
453.0 0.9434861721264814
454.0 0.9148071106463753
455.0 0.8966933604502738
456.0 0.9036145624497494
457.0 0.9092924122302174
458.0 0.9267268673357855
459.0 0.9684865474125287
460.0 1.0145853013268522
461.0 0.9645725698455184
462.0 0.9552790162115311
463.0 0.9824396652845255
464.0 0.9702996477733707
465.0 0.9959168722241258
466.0 0.9886203203052188
467.0 0.9619871204106545
468.0 0.9862014849021576
469.0 1.0041540230921215
470.0 0.993063334575725
471.0 1.0035829669469076
472.0 1.0246732537104666
473.0 1.0416128860443756
474.0 1.0035165152367218
475.0 1.0016819654040159
476.0 1.0171433291134426
477.0 0.9996554624894076
478.0 1.0099316362744852
479.0 0.9967931097755365
480.0 1.0055246164364908
481.0 1.0015189386000154
482.0 0.9878457103659987
483.0 0.9883793680134678
484.0 1.038152513214805
485.0 1.0166601344594408
486.0 0.9937096848320579
487.0 0.9867767326141299
488.0 0.9603223599998485
489.0 0.919836399559764
490.0 0.9035776322297278
491.0 0.8825843262015717
492.0 0.9277356084458258
493.0 0.9088303328502132
494.0 0.8947950228206236
495.0 0.9338185588050065
496.0 0.9364356518133026
497.0 0.9393873962154791
498.0 0.9655931257554254
499.0 1.0027985340535825
500.0 1.019862483965871
501.0 1.016707876292653
502.0 0.975342730031624
503.0 1.0024946159630401
504.0 0.997683446680092
505.0 0.9741485222578753
506.0 0.9764023630064621
507.0 0.9845474859110755
508.0 0.9486846263016997
509.0 0.9527607193253067
510.0 0.9466845083839311
511.0 0.9705960977002295
512.0 0.9187057088624533
513.0 0.927429008952911
514.0 0.9229309773565525
515.0 0.9439193628122753
516.0 0.9257544754737588
517.0 0.9418766406300387
518.0 0.942644812652382
519.0 0.9294040876512406
520.0 0.9509812766204343
521.0 0.9710019672196044
522.0 0.9706022317243136
523.0 0.9642594486833559
524.0 0.973889814218866
525.0 0.9877574959793292
526.0 0.9677972627077006
527.0 0.9640693794844413
528.0 0.9604582069533105
529.0 0.9219924542711601
530.0 0.9452550081139514
531.0 0.9486634944292263
532.0 0.9546509474336128
533.0 0.9507407025745845
534.0 0.9172321893291601
535.0 0.9063872003857266
536.0 0.9386038406181113
537.0 0.9376401514068746
538.0 0.94435406342362
539.0 0.9661362498297222
540.0 0.9481069584074096
541.0 0.9574694146961666
542.0 0.9633921944447277
543.0 0.9947310412869654
544.0 1.0091112612576338
545.0 1.0289576071501403
546.0 1.0278762988634609
547.0 0.9804966527705835
548.0 0.9806271367095718
549.0 1.0094109143300263
550.0 1.0011946257394668
551.0 1.027006878860621
552.0 1.0236578900704703
553.0 0.9766699368542845
554.0 0.9620737348498649
555.0 0.9456509018819309
556.0 0.9594083121804898
557.0 0.9568571086938453
558.0 0.9688496223148453
559.0 0.9888540706099963
560.0 0.9597236132813268
561.0 0.9375231208038379
562.0 0.9537722637758135
563.0 0.9476752115071433
564.0 0.9027777198591836
565.0 0.9255381890671851
566.0 0.9480000187641725
567.0 0.9757788777772914
568.0 0.9600158604573676
569.0 0.9795490795858213
570.0 0.9859041408555539
571.0 1.0196998375315818
572.0 1.0537119225103138
573.0 1.0293165906011688
574.0 1.031354454169826
575.0 1.0246760283724594
576.0 1.0224340821184263
577.0 1.0170116654710124
578.0 1.0092663347540933
579.0 1.0403709456774894
580.0 1.0181572214581531
581.0 1.0374369563868537
582.0 1.0086880821626374
583.0 0.9749813167391765
584.0 0.9938618022743058
585.0 1.0087832264104493
586.0 0.9919520069388194
587.0 0.964444370872752
588.0 0.949761440893256
589.0 0.9438093326444413
590.0 0.9671979272323737
591.0 0.9734610323717726
592.0 0.9706752370927292
593.0 0.981237045744146
594.0 0.982926752263712
595.0 0.9848773667788681
596.0 0.9816948702741914
597.0 0.9641166398285955
598.0 0.94565265833095
599.0 0.9207377424078619
600.0 0.9132920774747664
601.0 0.9044294065664727
602.0 0.902407732027193
603.0 0.9097440997510116
604.0 0.9195075959331028
605.0 0.9402408154096952
606.0 0.9232318768260948
607.0 0.9202046677116276
608.0 0.9039203725871552
609.0 0.9296439589122674
610.0 0.9385318645313893
611.0 0.9086310223112257
612.0 0.9544552054123289
613.0 0.9260648169354025
614.0 0.9031217766433395
615.0 0.900981724252271
616.0 0.9016174131764391
617.0 0.9184012390552384
618.0 0.9039438690920807
619.0 0.8643685305091614
620.0 0.8886547006133133
621.0 0.8771094184953805
622.0 0.8789019764666005
623.0 0.9074826815728129
624.0 0.9569825031839694
625.0 0.9532229178623283
626.0 0.9996825642722171
627.0 0.9642843366220022
628.0 0.9712996882916203
629.0 0.9918956567232552
630.0 0.9827674881871445
631.0 0.9683553293067251
632.0 1.0038357159471956
633.0 1.0220243492998136
634.0 1.004835767825842
635.0 1.0059298777797994
636.0 1.0038759830286088
637.0 0.9749418853308155
638.0 0.9962822724257855
639.0 1.0033340978547474
640.0 1.001905818944786
641.0 1.0079964270612858
642.0 1.027493991048375
643.0 0.9976088341059546
644.0 0.9841605196201486
645.0 0.986863960198838
646.0 0.9876513740414852
647.0 0.995113285299337
648.0 0.9880833094515739
649.0 0.9906810394156518
650.0 0.9914927264481402
651.0 0.9917459943301598
652.0 0.987088721357613
653.0 1.0053293588399599
654.0 0.9778849568205725
655.0 0.9663563221394481
656.0 0.9752198439250674
657.0 0.9377755899572238
658.0 0.9609155057026513
659.0 0.9688502404034356
660.0 0.9501374059707166
661.0 0.9597406111607347
662.0 0.9493234634192926
663.0 0.9580030887226189
664.0 0.9131368081397463
665.0 0.8509412984764854
666.0 0.8451484391685966
667.0 0.8565796575847152
668.0 0.8322322969489109
669.0 0.8478787256408568
670.0 0.8385743921876209
671.0 0.8203672357858791
672.0 0.8362188640789094
673.0 0.8095969198654724
674.0 0.8209371855826506
675.0 0.8625817200162048
676.0 0.8767282152532916
677.0 0.8683718117876676
678.0 0.8914479193661589
679.0 0.9097699244327115
680.0 0.8835638434077264
681.0 0.9233727078964092
682.0 0.972713112686972
683.0 0.9280079642250787
684.0 0.8978477972945615
685.0 0.919912913471298
686.0 0.9189276371098092
687.0 0.9377954529543475
688.0 0.9199338079256185
689.0 0.919092141134977
690.0 0.9187120843890719
691.0 0.8996274410888286
692.0 0.86835343529648
693.0 0.8752611459596986
694.0 0.9024844495918632
695.0 0.9190863052207195
696.0 0.9200519070338655
697.0 0.9383072742063898
698.0 0.9107586814625126
699.0 0.8567693754267445
700.0 0.8487330518141972
701.0 0.8422440195353154
702.0 0.8377009549901686
703.0 0.8277088736333086
704.0 0.8230944811970653
705.0 0.8066485182696985
706.0 0.8445809751643798
707.0 0.8658357081824917
708.0 0.9072115406020705
709.0 0.8847316038420526
710.0 0.8776511220722216
711.0 0.879795838646055
712.0 0.8992720251526443
713.0 0.8724856408614213
714.0 0.8881232527107888
715.0 0.8809880218682412
716.0 0.8373586556190216
717.0 0.8387065171358105
718.0 0.8309245460645241
719.0 0.8340129341243762
720.0 0.8777905539975981
721.0 0.8672691594112012
722.0 0.8878048926898291
723.0 0.9223940132092554
724.0 0.9773188972027805
725.0 0.9700362676308242
726.0 0.9879418152441186
727.0 1.003417657154443
728.0 1.0216013473491519
729.0 1.0357894233025389
730.0 1.0302196500407834
731.0 1.0058589819726351
732.0 0.9906953677326715
733.0 1.0356625600680365
734.0 1.0028576244829996
735.0 0.9708568871319461
736.0 0.9998683798699991
737.0 0.9863701260876656
738.0 0.9500647009483403
739.0 0.9774588057172474
740.0 1.0474508610688673
741.0 1.0182981674205267
742.0 0.9758025030171856
743.0 0.975654192680393
744.0 0.9555089756837567
745.0 0.9579106227901425
746.0 0.9558333760048068
747.0 0.9781643947488952
748.0 0.967415007713682
749.0 1.020756926914126
750.0 1.0465672746432504
751.0 0.9994266703897093
752.0 1.0015854382111353
753.0 0.9936912089404866
754.0 0.9894895637343695
755.0 0.9818541369368035
756.0 0.9546235752692971
757.0 0.9800396892444043
758.0 0.9494056287415307
759.0 0.9727430726025569
760.0 1.001465139330519
761.0 0.9594044594652212
762.0 1.0000898272049392
763.0 0.9927156669843233
764.0 0.9826623107627341
765.0 0.9839567125785577
766.0 0.9770736182829672
767.0 0.9871820429541878
768.0 0.9853593497850884
769.0 1.00637784138438
770.0 0.9918238470998173
771.0 0.9753301967156599
772.0 0.9517641795246601
773.0 0.9511833958445685
774.0 0.9347234839581638
775.0 0.9542578709256926
776.0 0.9790739045715536
777.0 1.0141777178529456
778.0 1.0032542096499248
779.0 1.040255607066269
780.0 1.0452680531663756
781.0 1.0184924623950196
782.0 1.0155717368725257
783.0 1.0092071751181184
784.0 1.0267059915177172
785.0 1.0037321389819247
786.0 0.9546704101293206
787.0 0.949031148050679
788.0 0.921080434706508
789.0 0.9587930116128833
790.0 0.9361343744320392
791.0 0.9531713374042854
792.0 0.9520121360430203
793.0 0.9731987237563422
794.0 0.9941892932184947
795.0 0.9686360040244727
796.0 0.9329888460046842
797.0 0.9223829760923049
798.0 0.9214951910926852
799.0 0.9410703716065714
800.0 0.9477016995918822
801.0 0.9671643120229618
802.0 0.9403113067714864
803.0 0.929841104135738
804.0 0.9455739084629874
805.0 0.946195650650197
806.0 0.9317378025208504
807.0 0.9256932652898471
808.0 0.917445813703352
809.0 0.9369718736667243
810.0 0.9442666919936473
811.0 0.9626767805211168
812.0 0.9767006146815692
813.0 0.9844990699069263
814.0 0.9871067672099555
815.0 1.0090750570506581
816.0 1.0073237712436662
817.0 1.011960998712147
818.0 0.9640888497337852
819.0 0.9189254578767356
820.0 0.9253996156040399
821.0 0.9030178329713557
822.0 0.9226583656611081
823.0 0.922943192017625
824.0 0.9309199236900543
825.0 0.932714332304965
826.0 0.9460708019459491
827.0 0.9821904640630285
828.0 0.9858624017903053
829.0 0.9552439782799919
830.0 0.9978395511652159
831.0 1.0467553919119341
832.0 1.030488275454034
833.0 1.0129041409907307
834.0 1.036169116874522
835.0 1.0165839047905665
836.0 1.0264950054794792
837.0 1.0394737313452678
838.0 1.068255380673444
839.0 1.0813985554341918
840.0 1.081067063777987
841.0 1.0820983816483547
842.0 1.0734964888453162
843.0 1.0461350118713408
844.0 1.009308204350749
845.0 1.017434108957528
846.0 1.0324249438245958
847.0 1.0435882579686406
848.0 1.057816614360181
849.0 1.0579998812516396
850.0 1.0379494056295295
851.0 1.039173932083167
852.0 1.0137369014524538
853.0 0.9866966661521859
854.0 0.9744728019478845
855.0 0.9772643994465845
856.0 0.9628025191673911
857.0 0.9474623589552464
858.0 0.9470969149835271
859.0 0.9310569126874968
860.0 0.9045797105052238
861.0 0.8975857635036512
862.0 0.8745758730361739
863.0 0.8966602170413196
864.0 0.9122766625936819
865.0 0.9354303783641715
866.0 0.9263460137647106
867.0 0.9680364967799251
868.0 0.949130811844799
869.0 0.9717383984873325
870.0 0.9567875469011735
871.0 0.9448798272026888
872.0 0.9530801163363296
873.0 0.9179973782964727
874.0 0.9245332285803218
875.0 0.9364124388975759
876.0 0.9340059356911279
877.0 0.9157315424221777
878.0 0.9504040211312809
879.0 0.9796901138638511
880.0 0.9861377150424527
881.0 0.9743658928570245
882.0 0.9594814767642076
883.0 0.976110610195664
884.0 0.965965901904695
885.0 0.9576024633514898
886.0 0.956533143723787
887.0 0.959161650310709
888.0 0.9533530079833374
889.0 0.9388242895609972
890.0 0.9028943439934476
891.0 0.9061696965119805
892.0 0.9299702192061995
893.0 0.9205522145007112
894.0 0.9560694061058888
895.0 0.917763927769014
896.0 0.9645984592655206
897.0 0.9191678490497772
898.0 0.9522281209865848
899.0 0.9490205034724765
900.0 0.9568045226235551
901.0 0.9638074943603494
902.0 0.9458516155582928
903.0 0.9439758164874773
904.0 0.9670380631271565
905.0 0.9522124532611789
906.0 0.9620968845345204
907.0 0.966603672627633
908.0 0.9760242753657584
909.0 0.9671340684388898
910.0 0.9961535904790286
911.0 0.9795060581411141
912.0 0.9712759781446613
913.0 1.0006984460777488
914.0 0.995106172154196
915.0 0.9641722692751322
916.0 0.9729469261495135
917.0 0.9581279746381692
918.0 1.002892952306253
919.0 0.969975661045462
920.0 0.9643946513103592
921.0 0.9998308394678691
922.0 0.9755297439110073
923.0 0.9709331370370498
924.0 0.9473785700823024
925.0 0.9637656978524483
926.0 0.9662891937231265
927.0 0.9487921648313987
928.0 0.9436556741065869
929.0 0.9569242900049858
930.0 0.9595196740008344
931.0 0.9798829621326266
932.0 0.9756961437954154
933.0 0.9844320134306204
934.0 0.9744593815492817
935.0 0.9463209718916181
936.0 0.9372597225674679
937.0 0.96397599058891
938.0 0.9585707974915592
939.0 0.9725096945689096
940.0 1.00599671666205
941.0 1.0334506318980625
942.0 1.0028575159414594
943.0 0.9932333655002132
944.0 0.9705296607992867
945.0 0.9387777595394737
946.0 0.9332720218627626
947.0 0.9727421447522004
948.0 1.001077133870874
949.0 1.0210100479094257
950.0 1.0100183266259966
951.0 1.041553188609563
952.0 1.0605229713331181
953.0 1.0574935421382519
954.0 1.0274683369070257
955.0 1.0221767992323376
956.0 1.0169484147278756
957.0 1.029179832139436
958.0 1.0566003906054926
959.0 1.0511186240633832
960.0 1.0685653264084496
961.0 1.016641636002151
962.0 1.012683909461326
963.0 0.9922283081630947
964.0 0.942483301890873
965.0 0.9602550322343942
966.0 0.9557231852385961
967.0 0.9227827512956737
968.0 0.9488637916103299
969.0 0.9735424425012649
970.0 0.9943538408677259
971.0 0.9930765935159694
972.0 0.9831689665230936
973.0 0.9869797841223124
974.0 1.0030958424250491
975.0 0.9718492878089066
976.0 0.9627532941538727
977.0 0.9921845209866632
978.0 1.0073668119875572
979.0 1.0099777577387834
980.0 1.0217741474289508
981.0 1.0225709452030354
982.0 1.0279133125312783
983.0 1.0278466679187899
984.0 1.0071268235926008
985.0 1.0326634986081826
986.0 1.0388296609383518
987.0 1.0472272339253894
988.0 1.0349307696498198
989.0 1.0171223817804664
990.0 1.0391878426771666
991.0 1.0343670521408723
992.0 1.0318044746827981
993.0 1.000257042096134
994.0 0.984488308575638
995.0 0.9669852175742394
996.0 0.9769742334312486
997.0 0.9359299930888592
998.0 0.9581272775522731
999.0 0.9753250035108364
1000.0 1.0139172955669429
1001.0 0.9968966249093617
1002.0 0.9430338347387568
1003.0 0.9742918734449111
1004.0 0.9856395420034809
1005.0 0.9685052268331699
1006.0 0.9532128949358467
1007.0 0.9701730581912239
1008.0 0.9667506944264368
1009.0 0.9510888285089256
1010.0 0.9444367844055623
1011.0 0.9782600597128445
1012.0 1.00036690596296
1013.0 0.95308573081504
1014.0 0.95372861094953
1015.0 0.9442775884420087
1016.0 0.9597319148038475
1017.0 0.9544157386107083
1018.0 0.9344083727880562
1019.0 0.9625871687606542
1020.0 0.9725050904271356
1021.0 0.9575730289875546
1022.0 0.9758090025323918
1023.0 0.9245301838652175
1024.0 0.9367024645995421
1025.0 0.9630847067861306
1026.0 0.9596926904229118
1027.0 0.9452664705646064
1028.0 0.955203581413827
1029.0 0.9553974304613104
1030.0 1.0013815846593497
1031.0 1.0255268085545313
1032.0 0.9915277253282863
1033.0 0.9769069367020983
1034.0 0.9527304769713225
1035.0 0.9721980326314617
1036.0 0.9970205021053401
1037.0 1.0330391005731454
1038.0 1.0242289077853668
1039.0 1.0323710731677342
1040.0 1.0537036477727948
1041.0 1.030482422842862
1042.0 1.0171180489289047
1043.0 1.0328581931464225
1044.0 1.030221303032393
1045.0 1.0724857735927704
1046.0 1.050348979178562
1047.0 1.037023481554883
1048.0 1.0283728500808955
1049.0 0.9750517359077786
1050.0 1.0012514044853509
1051.0 1.0171746515206297
1052.0 0.9893200736836665
1053.0 0.9972285910873282
1054.0 0.9842924003549905
1055.0 0.9929664796283968
1056.0 0.9823096588223768
1057.0 0.9762059002558855
1058.0 0.9672870722119866
1059.0 0.9598593748874187
1060.0 0.9967173318612522
1061.0 1.028832632967057
1062.0 1.0678004850704528
1063.0 1.0877821712213491
1064.0 1.0802004852440383
1065.0 1.0703086121794088
1066.0 1.0465001002010164
1067.0 1.036255911645855
1068.0 1.0001264182491856
1069.0 0.9963777810976776
1070.0 0.9826460635883109
1071.0 0.997704444278839
1072.0 0.9957854238311665
1073.0 0.993598063039844
1074.0 1.0083713580358191
1075.0 1.0503477532924128
1076.0 1.0753693454844924
1077.0 1.0731490105167887
1078.0 1.0316853926904928
1079.0 1.0461749112531902
1080.0 1.0213415979337843
1081.0 1.0004683728118722
1082.0 1.0022635097772699
1083.0 0.9815006249018211
1084.0 1.0356769063027587
1085.0 1.0117696028221308
1086.0 1.0319782108023703
1087.0 1.018738426634903
1088.0 0.9963752760902421
1089.0 0.9844281134710735
1090.0 0.9746354768705304
1091.0 0.9674133756210731
1092.0 0.9505824258753179
1093.0 0.9465525968402263
1094.0 1.0076583489562754
1095.0 0.9750136038440088
1096.0 0.9415520755736168
1097.0 0.9643938160603656
1098.0 1.0047202616347861
1099.0 0.998606408955537
1100.0 0.963648214608076
1101.0 1.0084503829413
1102.0 1.0356154884561275
1103.0 1.044631222134623
1104.0 0.9835672734029505
1105.0 1.0269331190387114
1106.0 0.9862305459949331
1107.0 0.9758022443351931
1108.0 1.006218582360735
1109.0 1.0311356719185918
1110.0 1.0142250969600521
1111.0 1.0126251095456638
1112.0 1.017416493875788
1113.0 1.0477251406495842
1114.0 1.032262156033008
1115.0 1.0091542108914466
1116.0 1.0215635135399024
1117.0 1.0555745664229685
1118.0 1.0669914027757437
1119.0 1.0492143143123087
1120.0 1.041745393745058
1121.0 1.0338245989916977
1122.0 1.0157823508227195
1123.0 1.0414817543369852
1124.0 1.0381177971290163
1125.0 0.9954250128084763
1126.0 0.9804713022760165
1127.0 0.9763615519191784
1128.0 0.9913727936238408
1129.0 1.0234886787552746
1130.0 1.039425697045891
1131.0 1.0234701042836565
1132.0 0.9942246212585925
1133.0 0.9834114833196577
1134.0 1.0337097307099614
1135.0 1.02069539903211
1136.0 0.9838370472458958
1137.0 0.9608526340130341
1138.0 0.9886915101351086
1139.0 0.9894679757981066
1140.0 0.9724319883227375
1141.0 0.9505891011334411
1142.0 0.9909224376596466
1143.0 0.9879849217231745
1144.0 0.9624688303146047
1145.0 1.0115485470716101
1146.0 0.9943640337687774
1147.0 0.9894071543034189
1148.0 0.981666452691908
1149.0 1.002266407706888
1150.0 1.007800247930704
1151.0 0.9991739457065062
1152.0 1.01832294450962
1153.0 0.9756830458363744
1154.0 0.9893303118417901
1155.0 0.9960636752126885
1156.0 0.9820113745310708
1157.0 0.9596869735008451
1158.0 0.9506170556869156
1159.0 0.9533577703256052
1160.0 0.9670005018357408
1161.0 0.9766686176878329
1162.0 0.9914643376794681
1163.0 0.9771622444294916
1164.0 0.9821895572818031
1165.0 0.9827787266451091
1166.0 0.9789459763073772
1167.0 0.9640769696642412
1168.0 0.9454179284239302
1169.0 0.9637665229235924
1170.0 0.9824668926765266
1171.0 0.9839664668013433
1172.0 0.9690375227322912
1173.0 0.9662710584962783
1174.0 0.989147413454463
1175.0 1.0044531326028596
1176.0 1.041860594912137
1177.0 1.0293379521789885
1178.0 0.9849682047319771
1179.0 0.9527806963151451
1180.0 0.9518886633933876
1181.0 0.9518428487567949
1182.0 0.9305011491258229
1183.0 0.8874748261064331
1184.0 0.8884377156265713
1185.0 0.8669460938576989
1186.0 0.9193099777442013
1187.0 0.8875590822641627
1188.0 0.8784668243035169
1189.0 0.855704743828197
1190.0 0.8901444431571244
1191.0 0.8171662710884708
1192.0 0.8167678434517838
1193.0 0.8609966876476575
1194.0 0.8710679320749366
1195.0 0.8895316408514734
1196.0 0.9074469332802826
1197.0 0.8977141955774846
1198.0 0.917396486610277
1199.0 0.9150049836090808
1200.0 0.9021093523015677
1201.0 0.8955012652152284
1202.0 0.8998563359452246
1203.0 0.8998619133791239
1204.0 0.9244286421405151
1205.0 0.9361134672421265
1206.0 0.9949467689235314
1207.0 0.9707310497777855
1208.0 0.9678391236092269
1209.0 0.9722423266290836
1210.0 0.9501362080990908
1211.0 0.9359060326706198
1212.0 0.9307390033017835
1213.0 0.9154021018432538
1214.0 0.9312611930343049
1215.0 0.9307925041559553
1216.0 0.911390314911035
1217.0 0.9640325901707945
1218.0 0.990947444958176
1219.0 0.9843400946799898
1220.0 0.9935212450616552
1221.0 0.9721622977461738
1222.0 0.989894022552593
1223.0 0.9303587523459221
1224.0 0.9037090009297779
1225.0 0.9410491160949788
1226.0 0.9320441845691375
1227.0 0.915104088925597
1228.0 0.9362401531769671
1229.0 0.9486948310660633
1230.0 0.9007460222361136
1231.0 0.8973101876819666
1232.0 0.9231080052692955
1233.0 0.9212901573665478
1234.0 0.9673441657042124
1235.0 0.958145804852691
1236.0 0.9875702707518637
1237.0 1.0095671988556947
1238.0 0.998201181155961
1239.0 0.9982178781809793
1240.0 0.9725915754933485
1241.0 0.9863573370982494
1242.0 1.001924737228517
1243.0 1.0001031619796859
1244.0 1.010494694230459
1245.0 1.0100017687739067
1246.0 1.0026052081115417
1247.0 0.9937303619103967
1248.0 1.002172338814486
1249.0 0.9954942401411777
1250.0 0.9686584841911163
1251.0 0.9560902901666355
1252.0 0.9758845566174357
1253.0 0.9294512186841224
1254.0 0.9358216772899741
1255.0 0.9462238097306452
1256.0 0.9446810908040602
1257.0 0.9160380291043644
1258.0 0.9296862089927359
1259.0 0.9211534321761438
1260.0 0.9804110018708577
1261.0 0.9755629714767021
1262.0 0.9594738245882084
1263.0 0.9818596825349826
1264.0 0.9802262974661098
1265.0 0.9663830002484861
1266.0 0.9575201033917002
1267.0 0.9039498755451003
1268.0 0.915477955345969
1269.0 0.9067318006586349
1270.0 0.9100478086079262
1271.0 0.9291299136916218
1272.0 0.9597315512621665
1273.0 0.9841988754760189
1274.0 1.0279347790559732
1275.0 1.0331400293112294
1276.0 0.9743416326896297
1277.0 0.9519837593395089
1278.0 0.9146435959434533
1279.0 0.8912484154998644
1280.0 0.9189799900960226
1281.0 0.9024934162152777
1282.0 0.869453452283038
1283.0 0.8969331292522155
1284.0 0.8759042279645011
1285.0 0.8839379825104597
1286.0 0.9110052472543282
1287.0 0.9183369502292715
1288.0 0.9085696506683337
1289.0 0.9305388835256464
1290.0 0.9693982875249565
1291.0 0.9659960659422978
1292.0 0.9797130123962494
1293.0 0.9762639234443691
1294.0 0.9597297771532999
1295.0 0.9630635508734174
1296.0 0.970567315814133
1297.0 0.9537444149948543
1298.0 0.9591725326124809
1299.0 0.9416957588011409
1300.0 0.9820298773594478
1301.0 0.9614393645654842
1302.0 0.9717760248553485
1303.0 0.9903117137004103
1304.0 0.9727431290407432
1305.0 0.9933188910299251
1306.0 0.9666167286709181
1307.0 0.9962132201971494
1308.0 0.9816954091063016
1309.0 0.9909176178562766
1310.0 0.9949431433625573
1311.0 1.0011284024816316
1312.0 0.9713372620474315
1313.0 0.9595829060322698
1314.0 0.9738860321294178
1315.0 0.9256572334637155
1316.0 0.930095339450566
1317.0 0.9387544583995883
1318.0 0.9283176523169321
1319.0 0.9275959487682339
1320.0 0.8985089092716214
1321.0 0.8914983356051458
1322.0 0.888863670264749
1323.0 0.9098951630998051
1324.0 0.9147852303298597
1325.0 0.9149851022399854
1326.0 0.8959385148194132
1327.0 0.9007406214240075
1328.0 0.8729178868833254
1329.0 0.8707801004040728
1330.0 0.8613472827454587
1331.0 0.8984313838228264
1332.0 0.8912443104238845
1333.0 0.9050656145956368
1334.0 0.8692239613472978
1335.0 0.8668999391179449
1336.0 0.8748640693590479
1337.0 0.8827144366549444
1338.0 0.9211869709256411
1339.0 0.9074807118572685
1340.0 0.8933140227649549
1341.0 0.9233619606817884
1342.0 0.9126075791326803
1343.0 0.9041389239256226
1344.0 0.9346294370015527
1345.0 0.9576860996188424
1346.0 0.9403219071004324
1347.0 0.9833242363352536
1348.0 0.9555248804363161
1349.0 0.9547972149626209
1350.0 0.942857413814585
1351.0 0.9341118885240747
1352.0 0.9492082399131176
1353.0 0.9553130347096603
1354.0 0.9854363767664968
1355.0 1.0061772736224557
1356.0 0.9862974912549604
1357.0 1.0171697953768168
1358.0 0.99841105830386
1359.0 0.9885887658131918
1360.0 0.965847130959818
1361.0 0.9584443690194495
1362.0 0.9410939295888012
1363.0 0.9392854556133858
1364.0 0.9444232473029552
1365.0 0.8982534404053496
1366.0 0.8774916234265995
1367.0 0.9042765543529112
1368.0 0.893400668473969
1369.0 0.918491049093529
1370.0 0.9576049799102329
1371.0 0.9475513678095806
1372.0 0.9481527424484716
1373.0 0.9366581384172626
1374.0 0.9374763652003575
1375.0 0.924687366628955
1376.0 0.9233865965441682
1377.0 0.9227615320555362
1378.0 0.9629878259685428
1379.0 0.9618441767193844
1380.0 0.9283259596664676
1381.0 0.9241969323053985
1382.0 0.9623920631337002
1383.0 0.9440034599357565
1384.0 0.9600425245467636
1385.0 0.9476318171787282
1386.0 0.9730748765530464
1387.0 0.9940042856112712
1388.0 0.9965717618237507
1389.0 0.996463016133027
1390.0 0.968211997813957
1391.0 0.9513996996903996
1392.0 0.9691176549018558
1393.0 0.944128127010095
1394.0 0.9364231590784655
1395.0 0.9264275276423563
1396.0 0.8992761311335794
1397.0 0.902548394477571
1398.0 0.8950124629386241
1399.0 0.8921383480009929
1400.0 0.9146491313707192
1401.0 0.9170577653136502
1402.0 0.9297231332969769
1403.0 0.9414110285813024
1404.0 0.9206848145982303
1405.0 0.9383312185050416
1406.0 0.9900887508538482
1407.0 0.9947748606098129
1408.0 0.9701372457681507
1409.0 0.9803918258603496
1410.0 0.9920559868925303
1411.0 0.9571004756860461
1412.0 0.969859584167892
1413.0 0.9675313785479005
1414.0 0.9785780355476972
1415.0 0.9984424334270077
1416.0 0.9984486048790648
1417.0 1.0003515483415204
1418.0 0.9887740254715405
1419.0 0.9831401204957089
1420.0 0.9843240024341278
1421.0 0.9766571945069155
1422.0 0.9982713837135645
1423.0 1.0341510975282617
1424.0 1.0466322284640266
1425.0 1.0569882339778847
1426.0 1.0421141677213321
1427.0 1.0242590681566495
1428.0 1.0304335746357585
1429.0 1.0212268904708814
1430.0 1.0126343744776545
1431.0 1.0119246536818978
1432.0 0.9916955792051201
1433.0 0.9815059721215121
1434.0 0.9839730554581788
1435.0 0.9829585775769326
1436.0 0.9926281665196288
1437.0 1.0041201675815568
1438.0 1.0017486290132818
1439.0 1.0037382786984324
1440.0 1.0028689830335376
1441.0 1.0248872375734808
1442.0 1.0567635691894062
1443.0 1.0607537393032098
1444.0 0.9988325299672212
1445.0 0.9882320245712487
1446.0 0.9926314187066276
1447.0 0.9900449125898823
1448.0 0.9473876222839287
1449.0 1.0018368303300846
1450.0 0.9947843672784021
1451.0 0.9897891717392959
1452.0 0.9952158646200363
1453.0 1.0136704485270778
1454.0 1.0147440930079736
1455.0 1.0068097706593377
1456.0 1.0111612155193126
1457.0 1.0099752126164618
1458.0 1.028507983363515
1459.0 1.022468249354798
1460.0 0.9938660403134454
1461.0 0.9423494810743251
1462.0 0.9417416992086828
1463.0 0.9666402241589145
1464.0 0.9570468815967749
1465.0 0.9471340489420339
1466.0 0.9472960761442776
1467.0 0.9501065968733983
1468.0 0.9691354339610545
1469.0 0.9509563604544878
1470.0 0.9917056406438516
1471.0 0.9755550454814357
1472.0 0.9632564147990028
1473.0 0.9520462070790249
1474.0 0.9587172332652678
1475.0 0.9863591813703904
1476.0 1.003993423499861
1477.0 0.9956592020900672
1478.0 0.9794446822470577
1479.0 0.981488036031698
1480.0 0.9691429409186767
1481.0 0.9087184476281935
1482.0 0.9056851223001987
1483.0 0.8908312665261697
1484.0 0.8812114160581912
1485.0 0.8925136579921524
1486.0 0.9272641007556277
1487.0 0.9065324758075285
1488.0 0.9115468258116332
1489.0 0.9317327316598133
1490.0 0.9568522598406629
1491.0 0.962893378313064
1492.0 0.9666989841803163
1493.0 0.9706443091612981
1494.0 0.9847754912835626
1495.0 1.0273524552330984
1496.0 1.028508513522795
1497.0 1.0536571562528083
1498.0 1.004891287438406
1499.0 0.9741135111349054
1500.0 0.9629110467910345
1501.0 0.967237973080468
1502.0 0.9547136748258265
1503.0 0.9497073013089083
1504.0 0.9225799849521792
1505.0 0.918785043494786
1506.0 0.9494338648434131
1507.0 0.9708388693726284
1508.0 0.954115860158371
1509.0 0.9689707426723384
1510.0 0.9582773448885711
1511.0 0.9616706086711886
1512.0 0.9802302959108555
1513.0 0.9782775292090401
1514.0 0.9467173138517568
1515.0 0.9439678456281643
1516.0 0.9439570037504128
1517.0 0.9290898359542133
1518.0 0.9367962501567618
1519.0 0.9335151044439829
1520.0 0.9230058674352914
1521.0 0.9210163158825363
1522.0 0.8929549383819799
1523.0 0.8810558735985161
1524.0 0.9110697241449538
1525.0 0.9325745451796188
1526.0 0.9073181122209049
1527.0 0.876429631618256
1528.0 0.881969455365619
1529.0 0.9059439169779664
1530.0 0.9090558828530035
1531.0 0.9179382767964899
1532.0 0.9339046980955705
1533.0 0.9215229281187309
1534.0 0.9464268945072739
1535.0 0.9206460668674972
1536.0 0.8936668463655393
1537.0 0.9192011233991053
1538.0 0.9168184673551295
1539.0 0.9493251106566255
1540.0 0.9709948578370462
1541.0 0.9244214618393916
1542.0 0.918379070653204
1543.0 0.960500759363866
1544.0 0.994989124877864
1545.0 1.000726127807468
1546.0 0.9829280721002552
1547.0 1.0019664172044862
1548.0 1.0060693091708162
1549.0 1.0023784030517995
1550.0 1.0124515787368074
1551.0 1.0225351072348685
1552.0 1.0238025031203752
1553.0 1.0551473657042156
1554.0 1.0369618084895986
1555.0 0.995191709903343
1556.0 0.9993580728995781
1557.0 1.0110272134786422
1558.0 0.9953005851982463
1559.0 0.9588494095771216
1560.0 0.958178182904758
1561.0 0.9451145866660123
1562.0 0.9316807090210377
1563.0 0.9742278059376751
1564.0 0.9831844520327564
1565.0 0.9976517914262841
1566.0 1.0173624496543616
1567.0 1.0097496146998652
1568.0 0.959681811006497
1569.0 0.9498881240537601
1570.0 0.9628604765846145
1571.0 0.9446661725151981
1572.0 0.9201721170432261
1573.0 0.9577463470549873
1574.0 0.9616969481612543
1575.0 0.9873548518721054
1576.0 0.9924767518334573
1577.0 0.9805306583743603
1578.0 0.9815387339137114
1579.0 0.9781360448447955
1580.0 0.9659264015880307
1581.0 0.9193424129822863
1582.0 0.9261997696186258
1583.0 0.9436089534604506
1584.0 0.9714356187307984
1585.0 0.9090650052732011
1586.0 0.947910161322709
1587.0 0.9890701544469975
1588.0 1.0113940788969484
1589.0 1.015514126296604
1590.0 1.0033381666674765
1591.0 0.9862677084717232
1592.0 1.0002538453591414
1593.0 1.0209674035932799
1594.0 1.0282251048196962
1595.0 1.0230747619789569
1596.0 1.0010994770337913
1597.0 0.9926988025603354
1598.0 0.9804710282781025
1599.0 0.964615607100729
1600.0 0.9910749144420535
1601.0 0.9940822419358595
1602.0 0.9679513209145986
1603.0 0.9944175394967308
1604.0 0.9760530179088764
1605.0 0.9743986942614689
1606.0 0.9927049039877612
1607.0 0.9956995571724025
1608.0 0.9529987514496764
1609.0 0.9568716363753506
1610.0 0.9070930954672554
1611.0 0.8958948805977418
1612.0 0.9228138292606263
1613.0 0.9513668322473832
1614.0 0.8983213400843182
1615.0 0.9376642665021322
1616.0 0.9069756098601042
1617.0 0.9039552898708816
1618.0 0.8971186209356896
1619.0 0.919608512055138
1620.0 0.9318134886654373
1621.0 0.9628405937865911
1622.0 0.9810629061214217
1623.0 0.9742318145877414
1624.0 0.9639955475490118
1625.0 0.9613226734757919
1626.0 0.960295971498085
1627.0 0.9541193354675588
1628.0 0.985232690210246
1629.0 0.9802478396615768
1630.0 0.98105238700681
1631.0 1.0016026575645083
1632.0 0.9928192791215256
1633.0 0.9754909029469928
1634.0 0.982545345536067
1635.0 0.9668172881175805
1636.0 0.9744091766889996
1637.0 0.9963204446904941
1638.0 1.0008275878063244
1639.0 1.011604199574039
1640.0 1.0177671559026775
1641.0 1.0087774685119744
1642.0 0.9379214145352937
1643.0 0.9421571116670725
1644.0 0.9652065476137635
1645.0 0.9875264546916214
1646.0 0.989127272720709
1647.0 0.990533358014568
1648.0 1.00319717199307
1649.0 0.9904591768845877
1650.0 0.9854501421616172
1651.0 0.9662874442659236
1652.0 0.9798685760315957
1653.0 0.99332102485167
1654.0 1.0111608237598801
1655.0 1.0135028210214454
1656.0 0.999112467128034
1657.0 1.0089561757622385
1658.0 0.9964814343798627
1659.0 1.000485804101106
1660.0 1.0083224701918647
1661.0 1.0124275152093776
1662.0 0.9944099813745092
1663.0 0.995165743407061
1664.0 1.0162826206732007
1665.0 1.011903527546366
1666.0 0.9882302855014033
1667.0 0.9858439332880453
1668.0 0.9802601843385762
1669.0 0.9394389993356486
1670.0 0.9472079159681697
1671.0 0.9427941836481898
1672.0 0.9221296421113842
1673.0 0.9212614456124626
1674.0 0.9273044380468309
1675.0 0.9336617418139695
1676.0 0.9515363186167447
1677.0 0.9662935192066391
1678.0 0.9451262893919058
1679.0 0.9225913222288037
1680.0 0.9237338654130169
1681.0 0.9596980901075925
1682.0 0.9528115284899062
1683.0 0.9321911742753273
1684.0 0.9505294288933112
1685.0 0.9030347504189301
1686.0 0.9037297439021126
1687.0 0.9250143845844635
1688.0 0.9409175385856988
1689.0 0.9619929672331986
1690.0 0.9373965760780367
1691.0 0.9487758660054457
1692.0 0.9395757442186972
1693.0 0.9173938382489659
1694.0 0.8994537633312122
1695.0 0.9175061195907984
1696.0 0.9099030805275277
1697.0 0.9120942740736242
1698.0 0.9006432480106759
1699.0 0.9391183113831516
1700.0 0.9166351541044833
1701.0 0.9199491203083751
1702.0 0.9194111126028769
1703.0 0.919991247409475
1704.0 0.9351195703087372
1705.0 0.9465305145403857
1706.0 0.9458232910395743
1707.0 0.9425257339169022
1708.0 0.9696088619246204
1709.0 0.9604589433441172
1710.0 0.9915724379826234
1711.0 0.9954659269633567
1712.0 1.0052010441906494
1713.0 0.9660720107125265
1714.0 0.958771140309843
1715.0 0.9541451623465738
1716.0 0.9268960346256098
1717.0 0.9460707802855358
1718.0 0.9518009859748261
1719.0 0.9897221267180202
1720.0 1.0110622254559023
1721.0 0.9567327868337492
1722.0 0.9311916053050922
1723.0 0.9438006672575915
1724.0 0.9301043211382582
1725.0 0.912129563182166
1726.0 0.942814489688633
1727.0 0.9187463421632346
1728.0 0.9037806121733116
1729.0 0.9367808233201386
1730.0 0.9323008433189601
1731.0 0.9402563480501076
1732.0 0.9412142774625204
1733.0 0.9550453285992176
1734.0 0.921543609695634
1735.0 0.9578432839550282
1736.0 0.9469992678634807
1737.0 0.9811088346181961
1738.0 1.0083094425116763
1739.0 1.0133334230703002
1740.0 0.9987970435682649
1741.0 0.9931537824830159
1742.0 1.0062321312357891
1743.0 0.9786460994360173
1744.0 0.977316454616035
1745.0 0.9586760483884982
1746.0 0.9783519637256053
1747.0 1.0090752675847932
1748.0 0.9819217140147156
1749.0 0.9666229277611855
1750.0 0.9597018678325583
1751.0 0.988518269006039
1752.0 0.9613912097566102
1753.0 0.9832375070830262
1754.0 0.9099216424445687
1755.0 0.9417125216574209
1756.0 0.9439990795200321
1757.0 0.9106952276345689
1758.0 0.9292856918987914
1759.0 0.9059980522240687
1760.0 0.9029915628813873
1761.0 0.904766802966857
1762.0 0.9104552588794048
1763.0 0.8563060309093634
1764.0 0.8599596542286196
1765.0 0.8113534146013052
1766.0 0.8427075632618563
1767.0 0.8220783676818858
1768.0 0.8340329886889373
1769.0 0.8422639224369896
1770.0 0.8390594071852441
1771.0 0.8056877988291207
1772.0 0.8180685649517704
1773.0 0.8339344750999537
1774.0 0.8264249617197343
1775.0 0.8097477438978146
1776.0 0.7696920662421914
1777.0 0.759599672339692
1778.0 0.804892976823192
1779.0 0.8020974582092177
1780.0 0.7941080383918722
1781.0 0.7839476285495303
1782.0 0.7870001765092092
1783.0 0.771811248308208
1784.0 0.7704344088150907
1785.0 0.7665649406286018
1786.0 0.7628716072765936
1787.0 0.7681230754652836
1788.0 0.7744665206780872
1789.0 0.7391614215888523
1790.0 0.7107428706172646
1791.0 0.687090301975624
1792.0 0.648257309631061
1793.0 0.6321988808410842
1794.0 0.6032938778623328
1795.0 0.552197110993216
1796.0 0.5395049271837429
1797.0 0.5223325366203678
1798.0 0.49074767741964215
1799.0 0.4400731369343308
1800.0 0.35879161011053784
1801.0 0.2758948324971446
1802.0 0.18334665714108161
1803.0 0.11615500063997819
1804.0 0.058663481224179005
1805.0 0.0246365519997606
1806.0 0.0117495193489336
1807.0 0.0019956580657784
1808.0 0.0002700829495756
1809.0 3.65517524782e-05
1810.0 4.9467417744e-06
1811.0 6.694686992e-07
1812.0 9.0602736e-08
1815.0 2.2458180000000002e-10
