t/tau_0 k_BT_k/epsilon

0.1 1.045002152897852
0.2 1.0338316833634327
0.3 1.035126205312585
0.4 1.0316550886838765
0.5 1.0351897926737594
0.6 1.0336685296145018
0.7 1.0250508435212418
0.8 1.0180995669299069
0.9 1.00193020151445
1.0 1.0057024607655647
1.1 1.0106351305676011
1.2 1.0167670914152915
1.3 1.0029696482069643
1.4 1.0026411023620592
1.5 0.9945920079289892
1.6 0.9911325266329059
1.7 0.9921141002478299
1.8 0.994646239558848
1.9 1.0086136175597216
2.0 1.0268468327401377
2.1 1.0183096710050914
2.2 1.0156494445437152
2.3 1.0181681870716797
2.4 1.014184508750391
2.5 1.0024531538232049
2.6 1.0079803822029276
2.7 1.0088181653438464
2.8 1.0152858375673408
2.9 1.0013167919570292
3.0 1.0020241012828637
3.1 0.9975886952579452
3.2 1.0133668542255714
3.3 1.0166933778010887
3.4 1.0181009479209422
3.5 1.005407153890366
3.6 0.9941831075128859
3.7 0.99691297789133
3.8 0.9924909577639219
3.9 0.9882800101265798
4.0 0.9864851097133318
4.100000000000001 0.9837504090324684
4.2 0.9806857781658419
4.3 0.9772114430293966
4.4 0.9759109433156233
4.5 0.9735559571346297
4.600000000000001 0.981761701700776
4.7 0.9720674181093567
4.800000000000001 0.9706942336083871
4.9 0.9626191220133457
5.0 0.9576969717997409
5.100000000000001 0.9571024439761185
5.2 0.94969432521385
5.300000000000001 0.9589759647229454
5.4 0.9669195295143019
5.5 0.9662762508435442
5.600000000000001 0.9706944667343258
5.7 0.9739269793690338
5.800000000000001 0.9848030499341393
5.9 0.9905169949321954
6.0 0.9933088068508011
6.100000000000001 1.0060668050634292
6.2 1.0131451775060545
6.300000000000001 1.012491288620684
6.4 1.0069105435336039
6.5 1.0053925797490435
6.600000000000001 0.999634666210105
6.7 0.990079235063447
6.800000000000001 0.9915910377375265
6.9 0.9931862203799661
7.0 0.9897421257867739
7.100000000000001 0.9793012416282778
7.2 0.9824048531523651
7.300000000000001 0.9855895729840745
7.4 0.9808848757818094
7.5 0.9747054351905687
7.600000000000001 0.9696354667254852
7.7 0.9670750698362195
7.800000000000001 0.9603593641965136
7.9 0.967289229495427
8.0 0.956240595954756
8.1 0.9489903402019217
8.200000000000001 0.9434105490897984
8.3 0.943854349716827
8.4 0.9453731652156376
8.5 0.9466697989097849
8.6 0.9486701268460156
8.700000000000001 0.948949765619574
8.8 0.9576580672523208
8.9 0.9680477678285857
9.0 0.9684158554997129
9.1 0.9690773512443306
9.200000000000001 0.9701491731249889
9.3 0.974737665047261
9.4 0.9650237201516481
9.5 0.9622401050304447
9.600000000000001 0.9677187005402565
9.700000000000001 0.9678620052777587
9.8 0.9731545348725144
9.9 0.976273789201383
10.0 0.9716594105266857
11.0 0.986606538401228
12.0 1.015001920513917
13.0 1.0058412234824368
14.0 1.0100707699428844
15.0 0.9876173770341659
16.0 0.994549855879425
17.0 1.008298431940322
18.0 1.0202330038283525
19.0 1.0155656188676245
20.0 1.016784459377193
21.0 1.0465607508017976
22.0 1.0140961835623712
23.0 1.003961391460985
24.0 0.9673253712168254
25.0 0.9819336339337441
26.0 0.9662064113087112
27.0 0.9553002985959453
28.0 0.9620309321412319
29.0 0.9527563349035557
30.0 0.93925095707738
31.0 0.9515887475931338
32.0 0.935742361341217
33.0 0.9484576828035255
34.0 0.949370842387552
35.0 0.9324435183533726
36.0 0.957805856935247
37.0 0.9453139205990357
38.0 0.933065096103116
39.0 0.9581086896349215
40.0 0.9581162518010128
41.0 0.9690733124719524
42.0 0.9825015113983928
43.0 0.9788981135122924
44.0 0.9571300284039056
45.0 0.9787998145804284
46.0 0.9914041360103558
47.0 1.0053587360156784
48.0 0.9854509822939587
49.0 0.9928847290663108
50.0 0.9833757155987162
51.0 0.9349628905934197
52.0 0.9146701195657331
53.0 0.9056861149399799
54.0 0.908532898856064
55.0 0.9073375742965514
56.0 0.8961792423371213
57.0 0.8911763491393193
58.0 0.9108154376015236
59.0 0.911122341652506
60.0 0.9334775408617721
61.0 0.9168249668956475
62.0 0.9317293243681745
63.0 0.9618928836077426
64.0 0.9453361700944767
65.0 0.9475780427844853
66.0 0.9448813128555864
67.0 0.9240929659497474
68.0 0.9433901272794911
69.0 0.9184179979845256
70.0 0.9172407055557453
71.0 0.9664649115623932
72.0 0.9400155164626506
73.0 0.9253147723295232
74.0 0.9250851130823884
75.0 0.9107211605004293
76.0 0.9333852744148132
77.0 0.9447480557455548
78.0 0.941908419902504
79.0 0.9139512261704509
80.0 0.9162190524015342
81.0 0.9254254553395963
82.0 0.9214069735207262
83.0 0.9131673448480319
84.0 0.9472507251095796
85.0 0.9548170205385823
86.0 0.9218647316211843
87.0 0.934172677560601
88.0 0.955652051823629
89.0 0.9339179556905609
90.0 0.9199344650547866
91.0 0.8882843279170874
92.0 0.8973440207417243
93.0 0.8806676381459451
94.0 0.8735811600080959
95.0 0.9148738578310189
96.0 0.9118607910774899
97.0 0.9220040184907876
98.0 0.9600635101797363
99.0 0.9255490226936616
100.0 0.9569063958692035
101.0 0.9600662134702574
102.0 0.9742524546198563
103.0 0.9605589370646136
104.0 0.9255200620087969
105.0 0.9520746907967877
106.0 0.9292780375477949
107.0 0.9471290686951089
108.0 0.9876974054941231
109.0 0.9733967045142178
110.0 0.9705930433619873
111.0 0.9563787634248037
112.0 0.9588718219483485
113.0 0.9639353036403897
114.0 0.9612638217573458
115.0 0.9666699606336577
116.0 0.9994653378520025
117.0 1.023738386097919
118.0 1.0441187668076866
119.0 1.0269152769265255
120.0 0.995866812039678
121.0 0.9931893383907896
122.0 0.9829616015547561
123.0 0.9906817559758594
124.0 0.9893552613485822
125.0 0.9715659104860574
126.0 1.005974800299379
127.0 0.9986583896111398
128.0 1.0164512089856876
129.0 1.015915853502403
130.0 1.024291194168699
131.0 1.0084943510986712
132.0 0.9440390588985084
133.0 0.9717539336409663
134.0 0.9490638661166791
135.0 0.9532406130136486
136.0 0.9655635650399101
137.0 0.9850019902305777
138.0 1.0185862756190327
139.0 0.9817828637327185
140.0 0.9627610547332672
141.0 0.9584774427282502
142.0 0.9482582448982569
143.0 0.9591620425910137
144.0 0.9998775891414772
145.0 1.00309971983201
146.0 1.0566056422569203
147.0 1.0416813134603244
148.0 1.0295451580558481
149.0 0.9887266446539542
150.0 1.0089402998354369
151.0 0.9529507270401272
152.0 0.94512670284201
153.0 0.9596304287424953
154.0 0.9453538992685793
155.0 0.9830956855501816
156.0 0.9677340396485553
157.0 1.00358370235782
158.0 0.9865636118459852
159.0 0.9404347470263472
160.0 0.9119772588616579
161.0 0.9100160552958039
162.0 0.909763596453671
163.0 0.9299520218531928
164.0 0.9271662211178848
165.0 0.9356777854816407
166.0 0.939002979275544
167.0 0.8991111585188415
168.0 0.9271973137869007
169.0 0.9288888251318012
170.0 0.9113119240572747
171.0 0.9061923623578763
172.0 0.9125707138960228
173.0 0.8538154556047679
174.0 0.8643473633729567
175.0 0.8423344635808425
176.0 0.8572435357341176
177.0 0.8236180606123054
178.0 0.8506336362211127
179.0 0.8105146221492925
180.0 0.8257402031252321
181.0 0.8168026784459445
182.0 0.8175546373115485
183.0 0.8761791471451671
184.0 0.9014976248897636
185.0 0.8858901739180393
186.0 0.8987323066112287
187.0 0.9119543272196072
188.0 0.9143207378673119
189.0 0.9350155854878908
190.0 0.9056368748321548
191.0 0.879799853427804
192.0 0.8870339434950916
193.0 0.8801865789423949
194.0 0.9098253264670977
195.0 0.8811958368804602
196.0 0.867822996505516
197.0 0.8418403513032556
198.0 0.8314286017092222
199.0 0.8492196400416571
200.0 0.8530565702361859
201.0 0.8609707795186212
202.0 0.8289827159415056
203.0 0.8509558548590533
204.0 0.8402198629927952
205.0 0.8593899887836101
206.0 0.8309961570913724
207.0 0.8177301484519196
208.0 0.8118957121855915
209.0 0.8263552393033724
210.0 0.8235887632103956
211.0 0.8112118671688858
212.0 0.8394663238216561
213.0 0.8340499783931576
214.0 0.8637940940632959
215.0 0.8950574988988039
216.0 0.9100932164801401
217.0 0.8863810378730577
218.0 0.9318423715391626
219.0 0.9226281357623469
220.0 0.9326642774216859
221.0 0.96207297568732
222.0 1.0004940832703535
223.0 1.0217288284796797
224.0 1.0125340991259055
225.0 1.0211739703950526
226.0 1.0130992412995596
227.0 1.0005299443698636
228.0 1.0293750309892136
229.0 1.0259529982251416
230.0 1.0149954332091171
231.0 1.0359572249297493
232.0 1.0440484592322568
233.0 1.0706111139310028
234.0 1.0623470029272564
235.0 1.0372045563823504
236.0 0.9916388502219023
237.0 0.976595373175283
238.0 0.94690179216432
239.0 0.9277726862578495
240.0 0.9618193491399609
241.0 0.9960265739680528
242.0 1.004055017345715
243.0 0.9825886633916104
244.0 1.01136733894436
245.0 1.0211102613350072
246.0 1.0434610512708078
247.0 1.0437940220160233
248.0 1.0261995964678592
249.0 1.0062962743089234
250.0 1.0252101956949804
251.0 1.0172424127621371
252.0 1.0355109186587677
253.0 1.0063135577123408
254.0 1.021816867637465
255.0 1.0061220330114005
256.0 0.9962752521530198
257.0 0.9949973173764916
258.0 1.006226064491305
259.0 1.0248677440053622
260.0 0.9534792530493034
261.0 0.9532573828632079
262.0 0.9384058985525249
263.0 0.9708758805585891
264.0 0.9763047209780964
265.0 0.9808413937406749
266.0 0.952216857017828
267.0 0.9673352975144864
268.0 0.9278480362619899
269.0 0.9302729889688395
270.0 0.9389005877146127
271.0 0.960348219740558
272.0 0.9401207084428599
273.0 0.9122367280950732
274.0 0.9576377756648956
275.0 0.937297696019441
276.0 0.9207629055243448
277.0 0.9537484038726995
278.0 0.9888449266432817
279.0 1.0217740338576782
280.0 0.997820546641577
281.0 1.0339589235796618
282.0 1.0410726105297132
283.0 1.0528228190494167
284.0 1.0477991426872282
285.0 1.0101752436122557
286.0 1.0091099955009766
287.0 1.0269650697845862
288.0 1.031343895744491
289.0 1.0008942229586497
290.0 1.0148168020386596
291.0 1.0016139164068925
292.0 1.0101855830392508
293.0 0.9977052899070872
294.0 0.9982250462521325
295.0 0.9560720423603633
296.0 0.9386607370806933
297.0 0.9580641062858183
298.0 1.0014615940544553
299.0 0.9711445387557184
300.0 0.9379955404299736
301.0 0.9665329855301547
302.0 0.9196786186419583
303.0 0.9551231326111564
304.0 0.9358036048331815
305.0 0.9179829251799874
306.0 0.9513467285794756
307.0 0.9954762814627554
308.0 1.0020875298406229
309.0 1.037275203203078
310.0 1.008795140877728
311.0 0.9966306539081897
312.0 0.9568849743780834
313.0 0.9577697878305742
314.0 0.9832708953009565
315.0 1.0259682555565868
316.0 0.9962000232824348
317.0 0.9924731864017684
318.0 1.0100434996429033
319.0 0.983953710332397
320.0 0.9735395382306704
321.0 0.9846042282318613
322.0 0.9798176780794735
323.0 1.0000903754112391
324.0 1.0119465420002771
325.0 1.0350214217272529
326.0 1.0225960366645253
327.0 1.0011037378681247
328.0 0.973968543642467
329.0 0.9363457709223735
330.0 0.9570257523517874
331.0 0.967739001982477
332.0 0.984015888757013
333.0 0.9920853942006325
334.0 0.9626306333056789
335.0 0.942071130227394
336.0 0.9538275179063724
337.0 0.9677932935745236
338.0 0.9819092295159179
339.0 1.0276879108768744
340.0 0.9833361652284571
341.0 0.9833297951131147
342.0 0.9772323919806023
343.0 0.9847888523126962
344.0 0.9556845698993766
345.0 0.9668078777430928
346.0 1.0009433386081146
347.0 1.0458732486148847
348.0 1.056745087282587
349.0 1.0071454410676968
350.0 1.0394066990707445
351.0 1.0630470413417423
352.0 1.0545206156744147
353.0 1.0344921876227944
354.0 1.0434540742716611
355.0 1.0475765662933838
356.0 1.0643115335819935
357.0 1.060701984807889
358.0 1.0478684082735978
359.0 1.0382924947712246
360.0 1.0227447469006292
361.0 1.0223030710574008
362.0 1.0492064776426695
363.0 1.0439961901927253
364.0 1.0431371420672153
365.0 0.9813888811154072
366.0 0.9588155277031631
367.0 0.9571098955958677
368.0 0.9458061751660087
369.0 0.9090754607680411
370.0 0.9452371708371716
371.0 0.9941518476432387
372.0 0.9958996222031292
373.0 1.0070875503976033
374.0 1.0241408507834173
375.0 0.9880329516997189
376.0 1.0111576793429675
377.0 0.9672719905642916
378.0 0.9975371313817674
379.0 1.0050971736845653
380.0 1.0154863138714316
381.0 1.0357514850291554
382.0 1.0040281268318973
383.0 1.0080219760598381
384.0 1.0039100509754246
385.0 0.985026259184701
386.0 0.9304837357840302
387.0 0.9314757302601278
388.0 0.9465180743806487
389.0 0.9409940407322319
390.0 0.9675472580735611
391.0 0.9412824120606302
392.0 0.9464790233683094
393.0 0.9813064763941725
394.0 0.970200903772346
395.0 0.9920301938901129
396.0 0.9959731471555333
397.0 0.9744584645201879
398.0 0.9966357615190997
399.0 0.9977604955630512
400.0 1.0447501489879505
401.0 1.0202987226409213
402.0 1.0370601484822661
403.0 1.0422142806631407
404.0 1.0503950439810104
405.0 1.023673167966777
406.0 1.0363027609993367
407.0 1.0572022750578696
408.0 1.0481723571577912
409.0 1.0481317842413493
410.0 1.024189083781074
411.0 0.9897945514786599
412.0 0.9948160712240162
413.0 0.9995780261456575
414.0 1.0052961594349774
415.0 1.0003988292239463
416.0 1.0037849683413105
417.0 1.0038586113291221
418.0 1.0069631243673867
419.0 0.9889814690745379
420.0 0.9511743604153476
421.0 0.9459164650307909
422.0 0.9707080767931595
423.0 0.9813194604285342
424.0 0.9728727403931756
425.0 1.0160391573709258
426.0 0.9994591856378982
427.0 1.0042242456715205
428.0 0.9979118244022154
429.0 0.9759960929581967
430.0 0.972859309104828
431.0 0.9744849404174234
432.0 0.959746729399283
433.0 0.9590375088113291
434.0 0.9810587736813524
435.0 0.9799480473237931
436.0 0.9832807619043843
437.0 0.9809788476963753
438.0 1.0233258833031877
439.0 0.9938213824586019
440.0 1.0127375898431605
441.0 1.0311902802541355
442.0 1.011392625690562
443.0 1.0060900518359532
444.0 1.0091511269615352
445.0 1.0282708262247806
446.0 1.0539532435101693
447.0 1.033182222730796
448.0 1.0068212910214118
449.0 0.9875553839423621
450.0 0.9977855390064712
451.0 0.9936244703713045
452.0 0.9777342467873616
453.0 0.9876787957711975
454.0 1.0095160723562886
455.0 1.0236247115214057
456.0 1.0389006011750501
457.0 1.0047088072301076
458.0 0.9967006000800002
459.0 0.9265424455250046
460.0 0.9295386984478988
461.0 0.9369096349116507
462.0 0.9581403118549272
463.0 0.9669803819610138
464.0 0.9198307578996001
465.0 0.9587416605966961
466.0 0.938951212763475
467.0 0.9466915616717324
468.0 0.9353969829693549
469.0 0.9576302172593749
470.0 0.9511431611871182
471.0 0.9126914780156797
472.0 0.8937895533650775
473.0 0.8930879834303193
474.0 0.9082114343290849
475.0 0.9021342760707066
476.0 0.898970032038658
477.0 0.9232028971795184
478.0 0.9358746528619468
479.0 0.9643523691042202
480.0 0.9575357218051688
481.0 0.9292851950492154
482.0 0.9237803034158288
483.0 0.9390066104053467
484.0 0.944414873675359
485.0 0.9417130973555299
486.0 0.9432646868298692
487.0 0.9215567567282633
488.0 0.9207289669993021
489.0 0.9535384038650798
490.0 0.9216852984164856
491.0 0.9435668397134765
492.0 0.9468714273736758
493.0 0.941121683394863
494.0 0.9518457261488933
495.0 0.9222982840156183
496.0 0.9254619439505568
497.0 0.8917123056288354
498.0 0.9137118441525235
499.0 0.8620798074669469
500.0 0.8724582537108023
501.0 0.8505588011066507
502.0 0.8355737285425999
503.0 0.8187300548267128
504.0 0.8173596530894797
505.0 0.8348972204506779
506.0 0.8266881749809525
507.0 0.8240744505387706
508.0 0.833332268889565
509.0 0.8534506178680636
510.0 0.865879005307475
511.0 0.8344949180005126
512.0 0.8436010561361128
513.0 0.8414319090533035
514.0 0.8432938399655672
515.0 0.8536283719800313
516.0 0.8903812453913936
517.0 0.9054761315058959
518.0 0.9013405869288846
519.0 0.9105597452939902
520.0 0.9116659680626695
521.0 0.9351795345045764
522.0 0.9417523091199979
523.0 0.9519742408172551
524.0 0.9472485925987211
525.0 0.942226321872465
526.0 0.9367368813658781
527.0 0.9419291237953334
528.0 0.9085950495291965
529.0 0.9199410750217952
530.0 0.9411180961527903
531.0 0.9643632779207536
532.0 0.9662942251864898
533.0 0.937411908668117
534.0 0.949071964274688
535.0 0.9306567206781862
536.0 0.8792485819542453
537.0 0.9048406144396711
538.0 0.9383538471260862
539.0 0.9311978220449542
540.0 0.9143290232016149
541.0 0.9297789951083489
542.0 0.914034414502007
543.0 0.9438373830031512
544.0 0.9850973020646429
545.0 0.9842684998199728
546.0 0.9936454102704293
547.0 0.9384937817872461
548.0 0.9694156662243222
549.0 0.9865899773519464
550.0 0.988627455120714
551.0 1.0104801750667565
552.0 1.0085052134648407
553.0 1.0340344835051454
554.0 1.0538692912224834
555.0 1.037623666356519
556.0 1.0451456471312754
557.0 1.0506649796389298
558.0 1.0511143790363167
559.0 1.02028739339487
560.0 1.0154787185643586
561.0 0.985207800854694
562.0 0.958185761144
563.0 0.9670179906581536
564.0 0.9960267206461421
565.0 1.0044994193342365
566.0 1.0183402467921812
567.0 1.0204898902387167
568.0 1.0135919143839218
569.0 0.9962878557447941
570.0 1.0072972184922908
571.0 1.0055379556776296
572.0 0.9838382480202201
573.0 0.9983034857972388
574.0 1.0040043101812468
575.0 1.0423461096518842
576.0 1.038550692443038
577.0 1.0175839915928917
578.0 1.0012480796375163
579.0 0.9608389921243328
580.0 0.9626336062289577
581.0 0.9573329670952078
582.0 0.9504027723140643
583.0 0.9433323333309167
584.0 0.9449348482821188
585.0 0.936558247888493
586.0 0.9753256637100719
587.0 0.9509770517393848
588.0 0.9671701291694672
589.0 0.9073946210589083
590.0 0.9086688691068409
591.0 0.9041155559517383
592.0 0.9106488549199993
593.0 0.8997096340636842
594.0 0.8986316597394479
595.0 0.9003872595913112
596.0 0.9191380625346859
597.0 0.9155137180484829
598.0 0.914403559598201
599.0 0.8959293409311068
600.0 0.919842467179803
601.0 0.9254660134278477
602.0 0.9442062202397862
603.0 0.9266290943789202
604.0 0.9780439988860804
605.0 0.9458576424702756
606.0 0.9809377900912155
607.0 1.034919153179256
608.0 1.0293137110559625
609.0 1.0581420906162713
610.0 1.0570250740297564
611.0 1.0484407745460955
612.0 1.059194665350785
613.0 1.060683260277569
614.0 1.0483303772671055
615.0 1.0305990926138677
616.0 1.0505622597266768
617.0 1.0352587480623234
618.0 1.0286133771255486
619.0 0.9955766849693648
620.0 0.9936067113664814
621.0 0.9847360119281422
622.0 0.9867393951291857
623.0 1.0002617542606667
624.0 1.010834528272557
625.0 1.0275266864145052
626.0 1.042131351648085
627.0 1.0264978092245167
628.0 1.0324454361772335
629.0 1.032479401328839
630.0 1.046135851422699
631.0 1.0390724904210937
632.0 1.0491687003606083
633.0 1.020534016862266
634.0 1.0320460229897725
635.0 1.0210443441276296
636.0 1.0453731583422075
637.0 1.0328109212093801
638.0 1.032836531569018
639.0 1.029208377036745
640.0 0.9898334606355339
641.0 1.0060839089320799
642.0 1.0098062197512212
643.0 1.010710855288453
644.0 0.9750049222743089
645.0 0.9760285665741266
646.0 0.9668835110118792
647.0 0.9997987825478581
648.0 0.9669803081021575
649.0 0.9478998283908104
650.0 0.9697714777801604
651.0 0.9844881597706132
652.0 0.9854339379286859
653.0 0.9760271370964047
654.0 0.9863977600544841
655.0 0.9704039516944626
656.0 0.9905860699738149
657.0 0.992430139658682
658.0 1.0236826814756357
659.0 1.0151830188591024
660.0 0.9938638271691508
661.0 0.9598107130067495
662.0 0.9211610202948866
663.0 0.9170581330047263
664.0 0.929342130744389
665.0 0.955827557537247
666.0 0.9743049908998836
667.0 0.9944199392676065
668.0 1.0062581953734413
669.0 0.9870080067746689
670.0 1.0008255188760942
671.0 1.01517988100134
672.0 1.0119737612986173
673.0 1.0009631508290053
674.0 1.0027141672809314
675.0 1.013832849519907
676.0 1.0525248339186022
677.0 0.9930976561094725
678.0 1.0040263560315672
679.0 1.0032897302113741
680.0 0.9794655351875148
681.0 0.9943652507704593
682.0 0.9964778305005565
683.0 1.0089503095701464
684.0 1.029863226256111
685.0 1.0281782045081473
686.0 0.9860068938305732
687.0 0.9531648271906741
688.0 1.00975883367051
689.0 1.0031025777012443
690.0 0.9874241327641314
691.0 0.9607802342999244
692.0 0.9587217861740559
693.0 0.9573529943820608
694.0 0.9451404859241395
695.0 0.9547505745740091
696.0 0.9471547175148031
697.0 0.9604160672782106
698.0 0.9490294163714683
699.0 0.9445110357098647
700.0 0.9206263016960895
701.0 0.9174341012756895
702.0 0.8974908614512793
703.0 0.9015912509780162
704.0 0.926291426317014
705.0 0.9384340034734423
706.0 0.9305541032105122
707.0 0.9227509047022293
708.0 0.9479706511468858
709.0 0.9593580401532196
710.0 0.9467741878713879
711.0 0.959108785344279
712.0 0.9062805838210567
713.0 0.9066189616634285
714.0 0.9288665101029538
715.0 0.93944221398005
716.0 0.9331400052586428
717.0 0.9126720906998316
718.0 0.9237440059660816
719.0 0.9181392851037783
720.0 0.9195580674556114
721.0 0.907600502137973
722.0 0.922534854029679
723.0 0.8754983439605002
724.0 0.9534027285410425
725.0 0.9566351594458087
726.0 0.9581563352055296
727.0 0.9706867900984758
728.0 0.919656124505883
729.0 0.9233799784278591
730.0 0.9255558069105646
731.0 0.9020347316848811
732.0 0.8904656104920626
733.0 0.9202927366888176
734.0 0.9177710005517298
735.0 0.8885582628762633
736.0 0.8797777081011541
737.0 0.8631019663271597
738.0 0.8900881247516264
739.0 0.9077256672217938
740.0 0.90489697634293
741.0 0.9370010087257429
742.0 0.9385742697770594
743.0 0.9317936456629958
744.0 0.9304517615008969
745.0 0.9489834767888852
746.0 0.9428099019701174
747.0 0.9540871892962157
748.0 0.9435402645930313
749.0 0.9578617318840503
750.0 0.9703693291646006
751.0 0.9748617129842018
752.0 0.9960082901043238
753.0 1.0060748060327465
754.0 1.0271916930480727
755.0 1.0263274059829341
756.0 0.9697040795303448
757.0 0.9736122315055482
758.0 0.9650074255852209
759.0 0.9826998708038162
760.0 0.9247398149145214
761.0 0.9573215835156674
762.0 0.9605714119673168
763.0 0.9787565256082367
764.0 0.9815779896342349
765.0 0.9655539734064824
766.0 0.9708447484897427
767.0 0.9627412781103155
768.0 0.9367897441633385
769.0 0.9416135907739764
770.0 0.9575466770990694
771.0 0.9812802728918291
772.0 0.9970656373248215
773.0 0.993500705547825
774.0 1.0083453184562747
775.0 0.985464913517446
776.0 1.002771190491969
777.0 0.9753887917024237
778.0 0.9784493745088229
779.0 0.9831242813913252
780.0 0.9691868885242233
781.0 0.9636652863348949
782.0 0.9633858680950811
783.0 0.9683789563972937
784.0 0.9608088778349766
785.0 0.9628518176599077
786.0 0.9624833137347147
787.0 0.9460871875891858
788.0 0.9357604121710755
789.0 0.9411572779966593
790.0 0.9440503178717192
791.0 0.9449045436579133
792.0 0.917368619348552
793.0 0.9293438382511339
794.0 0.9965741017011936
795.0 0.9741055257335545
796.0 0.9647128766911462
797.0 0.9723062927202879
798.0 0.9554910469949227
799.0 0.9916475073850689
800.0 0.9795865546075253
801.0 0.9640790097694225
802.0 0.9446199566043123
803.0 0.9530908469651026
804.0 0.9324853301965985
805.0 0.9197945565968414
806.0 0.9133137693479387
807.0 0.9402173990888973
808.0 0.9259920673209742
809.0 0.9293234217942405
810.0 0.9401627034972575
811.0 0.9396904036021413
812.0 0.9190314170501948
813.0 0.9352125298554036
814.0 0.9257833644427708
815.0 0.920555917194857
816.0 0.9049503810502986
817.0 0.9024336035943143
818.0 0.9238046382040934
819.0 0.9129850810991688
820.0 0.904561566148425
821.0 0.870601172980653
822.0 0.8797954151883779
823.0 0.8865399598184622
824.0 0.9497362009582035
825.0 1.006227075886244
826.0 1.0239123936409098
827.0 0.9999694445011389
828.0 1.033420949787151
829.0 1.0588423265395068
830.0 1.0551978074248112
831.0 1.0578914691455155
832.0 1.0471403733605198
833.0 1.0968814226160373
834.0 1.0953722587589056
835.0 1.0915363690220494
836.0 1.0555155420060032
837.0 1.0680922606525913
838.0 1.0221534762478621
839.0 1.0313677800395324
840.0 1.0424742085665073
841.0 1.0013103439108246
842.0 0.9968880824541267
843.0 0.9794710406594753
844.0 0.9788665830027969
845.0 0.9614231261886989
846.0 0.9825302037251102
847.0 0.9663202154162669
848.0 0.9648987447020042
849.0 0.9565028151605794
850.0 0.91476458934137
851.0 0.9237438453355733
852.0 0.879612999920627
853.0 0.8624954528588902
854.0 0.8607373769033174
855.0 0.8692190405787891
856.0 0.9250077723052277
857.0 0.8948280769551704
858.0 0.9368636437423247
859.0 0.9205069661153195
860.0 0.8940794293518387
861.0 0.9266681737138261
862.0 0.9148332778016973
863.0 0.9060776679812473
864.0 0.9479128453373814
865.0 0.9090438575532482
866.0 0.902742523373664
867.0 0.9066551666301897
868.0 0.9161429832536143
869.0 0.9009483642727092
870.0 0.9289956785875516
871.0 0.9322217360806384
872.0 0.9212356083541764
873.0 0.9379449439182672
874.0 0.9551539493094217
875.0 0.9768036998609457
876.0 0.9618110237055086
877.0 0.9643270639119074
878.0 0.9359329488670012
879.0 0.9577432051368093
880.0 0.9356179266036436
881.0 0.9715993522657899
882.0 0.9561207993806595
883.0 0.9825269527353827
884.0 0.9827781955994354
885.0 0.9617239454252273
886.0 0.9321429868587027
887.0 0.9512371646394057
888.0 0.9469915919370558
889.0 0.966450521297638
890.0 0.9583291783018716
891.0 0.9742574403448027
892.0 0.9827636060574427
893.0 0.9970753490598241
894.0 0.9880150866861331
895.0 1.0073124093146948
896.0 0.9940711944439535
897.0 0.9867541315695634
898.0 1.0080424139312663
899.0 1.0207961050543732
900.0 1.03356622995717
901.0 1.0462377423611178
902.0 0.9694197682103699
903.0 0.9746668513317411
904.0 0.967785331383932
905.0 0.9409835991956061
906.0 0.9389107938442651
907.0 0.9319042277679672
908.0 0.8986626795053889
909.0 0.9231802757206337
910.0 0.9103435433308309
911.0 0.9321446277886523
912.0 0.9526355585135382
913.0 0.95158441802411
914.0 0.9414907786354133
915.0 0.9107761315530667
916.0 0.9493259778321169
917.0 0.9538085525454851
918.0 0.9440380763426752
919.0 0.9741544738344894
920.0 1.0195267118210212
921.0 1.0213500375371682
922.0 1.0121422392122579
923.0 1.0113993200386406
924.0 0.9933123025824939
925.0 0.9843692633541565
926.0 0.9723421441345709
927.0 1.0015267616163697
928.0 1.0051338463398298
929.0 0.9869001240273294
930.0 0.9513741792287826
931.0 0.948799384158147
932.0 0.8908605132258725
933.0 0.91302222171335
934.0 0.942665002351174
935.0 0.9477401660147144
936.0 0.9419162658176923
937.0 0.9140624919207154
938.0 0.921643315405114
939.0 0.9372370300101676
940.0 0.9644039395106286
941.0 0.9475486053649906
942.0 1.0111965909231277
943.0 1.0043082475080245
944.0 1.0011428382352843
945.0 0.9990000704060298
946.0 0.9842267218450358
947.0 0.9611804051682308
948.0 0.9351135526925365
949.0 0.9250134126620294
950.0 0.9689186024745441
951.0 0.9378919904792855
952.0 0.9484476183295621
953.0 0.9839615214852454
954.0 0.9535315030686776
955.0 0.9436446313086112
956.0 0.9342892620285562
957.0 0.9449743580187515
958.0 0.9464044993652214
959.0 0.9544519866018293
960.0 0.9493515365157702
961.0 0.9768104446865967
962.0 0.9769115317837878
963.0 0.9933556629229485
964.0 0.9566772578474202
965.0 0.9693962579282897
966.0 0.972199151829795
967.0 0.9945238325331358
968.0 0.9259209414401314
969.0 0.903321530923798
970.0 0.8845680810339209
971.0 0.937540618876984
972.0 0.8954370966424025
973.0 0.8928756201793041
974.0 0.9294271112382267
975.0 0.9140323522926963
976.0 0.9193586495031981
977.0 0.9468299526808917
978.0 0.9356272967241098
979.0 0.9411210675542622
980.0 0.917178968563604
981.0 0.9187354343930701
982.0 0.9477394874397758
983.0 0.9352614247666754
984.0 0.8945264818319268
985.0 0.886513910079089
986.0 0.8503608921840515
987.0 0.8538333917003247
988.0 0.8692091103120798
989.0 0.8459417005456175
990.0 0.877753597235406
991.0 0.8897281484364015
992.0 0.9037526988578349
993.0 0.9144962838472663
994.0 0.9620783645726974
995.0 0.9541303587553177
996.0 0.9505599671566098
997.0 0.9836981124177129
998.0 0.9802731296858523
999.0 0.9722630726163255
1000.0 0.974384229983758
1001.0 0.9536481832574234
1002.0 0.9933548470026581
1003.0 0.970202873699443
1004.0 0.9855306230851999
1005.0 1.018230986426396
1006.0 1.041279012495124
1007.0 1.0280290087204986
1008.0 1.0276634149446346
1009.0 1.0435835287721882
1010.0 1.0446325527708042
1011.0 1.0196704158901966
1012.0 1.0240666140368408
1013.0 0.9945727680192247
1014.0 0.9821315005071284
1015.0 1.0088233157987878
1016.0 1.0022757438954961
1017.0 1.0013806060655979
1018.0 1.0130879139347528
1019.0 1.0310132934638987
1020.0 1.0242155927150294
1021.0 0.9843415701970442
1022.0 0.9467173101939912
1023.0 0.9480191454131726
1024.0 0.9206008406239115
1025.0 0.924614874985959
1026.0 0.936076532210234
1027.0 0.9431715415326577
1028.0 0.9326049683649371
1029.0 0.9342954186951413
1030.0 0.949431065872829
1031.0 0.9564751056772917
1032.0 0.9930040206440015
1033.0 1.0235500077537136
1034.0 1.003151181276117
1035.0 0.9832418101203253
1036.0 0.9666945731184651
1037.0 0.9671566706523185
1038.0 0.9505429713716602
1039.0 0.9308878405616767
1040.0 0.9376442325584732
1041.0 0.9514286856600241
1042.0 0.966049969252977
1043.0 1.0169943082933375
1044.0 1.0066323198947775
1045.0 0.9897703126305675
1046.0 1.0062644122907731
1047.0 0.9883755747258132
1048.0 1.008165516795087
1049.0 1.0260738444956188
1050.0 1.0190502339837644
1051.0 1.0072030101221574
1052.0 0.9914776928372657
1053.0 1.0239563505297207
1054.0 1.0253683985155535
1055.0 1.0354216629019284
1056.0 1.0533073384348444
1057.0 1.052616885157263
1058.0 1.0283531330840474
1059.0 1.012846054731378
1060.0 1.0029456689000729
1061.0 0.99738456925975
1062.0 0.982237772992768
1063.0 0.964193554019271
1064.0 0.9679806669456047
1065.0 0.9621277013391778
1066.0 0.946915713835361
1067.0 0.9352308901730199
1068.0 0.9458237322070298
1069.0 0.9401938077767978
1070.0 0.9838066880482813
1071.0 0.9888402893718583
1072.0 0.9671765043686491
1073.0 0.9387698371943902
1074.0 0.9701070243949615
1075.0 0.9461778241825455
1076.0 0.951049661621177
1077.0 0.9398773034288868
1078.0 0.9137020753334022
1079.0 0.949803400239008
1080.0 0.937049967219369
1081.0 0.8970726765177097
1082.0 0.9099418760103275
1083.0 0.9337729315235512
1084.0 0.9306537726300345
1085.0 0.9158883789397713
1086.0 0.8743736791503546
1087.0 0.8898229816131915
1088.0 0.8773032451150147
1089.0 0.9031080123686959
1090.0 0.9058738052279194
1091.0 0.9048871577760564
1092.0 0.9339819490126391
1093.0 0.9216901617392589
1094.0 0.8961280640084144
1095.0 0.8894166547572459
1096.0 0.9262436137121334
1097.0 0.9431513997836612
1098.0 0.9991700713290829
1099.0 1.0127169337269948
1100.0 1.032486738808313
1101.0 1.003984103555439
1102.0 0.9978729921335299
1103.0 0.9911905728734356
1104.0 0.9707682091763334
1105.0 0.9991467534133045
1106.0 0.961941041377397
1107.0 0.9746559413318228
1108.0 0.9872919198638647
1109.0 0.9880127572350943
1110.0 0.9887025281059241
1111.0 0.9985869323546612
1112.0 1.007367486563934
1113.0 1.0533309112648888
1114.0 1.0873774976388013
1115.0 1.0816800424872146
1116.0 1.0625666090680652
1117.0 1.0307733344499344
1118.0 1.0539348795900685
1119.0 1.0332426553748009
1120.0 1.0041933594458097
1121.0 1.0153094186888416
1122.0 1.0392682149414838
1123.0 1.0440738931991418
1124.0 1.0052932319465742
1125.0 0.9964959342764186
1126.0 0.9840396591788038
1127.0 0.9833342339015315
1128.0 0.9767553982199798
1129.0 0.9648899460222478
1130.0 1.0213514133999997
1131.0 1.013159088890434
1132.0 1.0100266194469774
1133.0 0.9758171410034547
1134.0 0.9837679619451244
1135.0 1.005927012298983
1136.0 1.0173673946761594
1137.0 1.040971108387941
1138.0 1.0224865274493347
1139.0 0.9837690891571235
1140.0 0.9868741562219077
1141.0 0.9937486844558538
1142.0 1.0232022679025659
1143.0 1.0115666038805393
1144.0 0.9883334185766672
1145.0 0.999941572822084
1146.0 1.0129561904688336
1147.0 1.0313226004357585
1148.0 1.0140092674794436
1149.0 0.984440265678001
1150.0 0.9879642705197884
1151.0 1.0087865336570656
1152.0 0.9717707321527318
1153.0 1.0024430305939658
1154.0 1.006442773676169
1155.0 1.011182090653055
1156.0 1.009965760162284
1157.0 1.001275652667216
1158.0 1.0061926606804787
1159.0 1.0266186437941731
1160.0 1.028515564702531
1161.0 1.0589404309180446
1162.0 1.0271724693963538
1163.0 1.03166118673373
1164.0 1.0381162778697586
1165.0 1.0568506607075805
1166.0 1.0783295554279464
1167.0 1.0631195223321077
1168.0 1.0470797477628973
1169.0 1.0441208718704325
1170.0 1.0430958689929233
1171.0 1.029317351695467
1172.0 1.05922537570088
1173.0 1.0007895927357495
1174.0 0.9937628813568162
1175.0 1.0012235351907581
1176.0 0.9908960273813715
1177.0 0.9728652578936108
1178.0 0.9776640973832892
1179.0 0.9870402187150814
1180.0 0.9720407888918358
1181.0 0.9880002282304761
1182.0 0.985810740440189
1183.0 0.9505272496081029
1184.0 0.9364916262748441
1185.0 0.9769559678674848
1186.0 0.9406712910000887
1187.0 0.9548115134999108
1188.0 0.9221671853817768
1189.0 0.9501993118124392
1190.0 0.9456635807307787
1191.0 0.9353118625579391
1192.0 0.9677707039118504
1193.0 0.9502218163549283
1194.0 0.956160335345101
1195.0 0.9435121474915554
1196.0 0.95557086676231
1197.0 1.007018782481951
1198.0 0.9951541848757037
1199.0 0.9738442419068309
1200.0 0.977709495938139
1201.0 0.9758622563715464
1202.0 1.0169488991338473
1203.0 1.0188465872041435
1204.0 0.989800066023327
1205.0 0.97713420886101
1206.0 0.9637275256875018
1207.0 0.959734572320353
1208.0 0.9682439547231325
1209.0 0.9310054218266709
1210.0 0.936469908588952
1211.0 0.9639059428931496
1212.0 0.9647481994500413
1213.0 0.9418234597024343
1214.0 0.9658583072393652
1215.0 0.9212388577605097
1216.0 0.8570130982361359
1217.0 0.8598017725148894
1218.0 0.8916171919013799
1219.0 0.8716328545860266
1220.0 0.8488429476928585
1221.0 0.8924108734464301
1222.0 0.8986002320098985
1223.0 0.8960067013116637
1224.0 0.8781072354299271
1225.0 0.8593478132368444
1226.0 0.849758344934175
1227.0 0.8466472035209083
1228.0 0.8021477864067222
1229.0 0.8070437985838559
1230.0 0.790536459658366
1231.0 0.774246359849045
1232.0 0.7574394637903352
1233.0 0.746860075850664
1234.0 0.732236007039511
1235.0 0.7268693502209778
1236.0 0.6988663459532146
1237.0 0.6852379900001982
1238.0 0.6607121589050724
1239.0 0.641005639334029
1240.0 0.5759985156200634
1241.0 0.5548370006626169
1242.0 0.515050313505927
1243.0 0.482944405909434
1244.0 0.4100249065113596
1245.0 0.3208805919197768
1246.0 0.2583009570230518
1247.0 0.2045888516310052
1248.0 0.1433511262132004
1249.0 0.0841566341584474
1250.0 0.0441052665437912
1251.0 0.0140416398084762
1252.0 0.007350637125660401
1253.0 0.0018254285809276
1254.0 0.000247044894028
1255.0 3.34338907054e-05
1256.0 4.524785068399999e-06
1257.0 6.123630688e-07
1258.0 8.28743294e-08
